{
 "cells": [
  {
   "cell_type": "code",
   "execution_count": 16,
   "id": "9ab9f5e5-e44a-4ece-8de8-9646997ab636",
   "metadata": {},
   "outputs": [],
   "source": [
    "import os\n",
    "import pandas as pd\n",
    "import matplotlib.pyplot as plt\n",
    "import numpy as np"
   ]
  },
  {
   "cell_type": "code",
   "execution_count": 17,
   "id": "252b1a64-c2b2-4bb6-90c1-36796f264a01",
   "metadata": {},
   "outputs": [],
   "source": [
    "dfx = pd.DataFrame(columns=['total_volume', 'buy_volume', 'sell_volume','buy_ratio','sell_ratio','volume_mean','buy_mean','sell_mean','volatility','is_lower','rsi2','rsi1','rsi0','rsi2_long','rsi1_long','rsi0_long','std2','std1','std0','std2_long','std1_long','std0_long','len'])\n"
   ]
  },
  {
   "cell_type": "code",
   "execution_count": 18,
   "id": "dd9aa4c3-5fe3-4fe3-9965-b1143fbaa3bc",
   "metadata": {},
   "outputs": [],
   "source": [
    "#df = pd.read_csv(\"data/1663683060064.csv\", sep=\";\")\n",
    "   "
   ]
  },
  {
   "cell_type": "code",
   "execution_count": null,
   "id": "8986b36a-4ef6-44f7-bcd1-9f9ea7187e12",
   "metadata": {},
   "outputs": [],
   "source": []
  },
  {
   "cell_type": "code",
   "execution_count": 19,
   "id": "354ce36e-f148-4ec4-803e-3b5db5d53ad3",
   "metadata": {},
   "outputs": [],
   "source": [
    "for filename in os.scandir(\"data\"):\n",
    "    if filename.is_file():\n",
    "        \n",
    "        #print(filename.path)\n",
    "        df = pd.read_csv(filename.path, sep=\";\")\n",
    "        # print(len(df))\n",
    "        \"\"\"\n",
    "        t = df[\"time_msc\"][0]\n",
    "        t = t+60000\n",
    "        df = df[df[\"time_msc\"] >= t]\n",
    "        df =df.reset_index()\n",
    "        \"\"\"\n",
    "        total_volume = df['volume'].sum()\n",
    "\n",
    "        df1 = df[df['buy'] == 1]\n",
    "        buy_volume = df1['volume'].sum() \n",
    "\n",
    "        df2 = df[df['sell'] == 1]\n",
    "        sell_volume = df2['volume'].sum()\n",
    "\n",
    "        buy_ratio = buy_volume / total_volume\n",
    "        sell_ratio = sell_volume / total_volume\n",
    "\n",
    "\n",
    "        volatility = (df['last'].max() - df['last'].min()) / df['last'].mean()\n",
    "        \n",
    "        new_row = pd.Series({'total_volume': total_volume,\n",
    "                             'buy_volume': buy_volume,\n",
    "                             'sell_volume': sell_volume,\n",
    "                             'buy_ratio': buy_ratio, \n",
    "                             'sell_ratio': sell_ratio,\n",
    "                             'volume_mean': df['volume'].mean(),\n",
    "                             'buy_mean': df1['volume'].mean(),\n",
    "                             'sell_mean': df2['volume'].mean(),\n",
    "                             'volatility': volatility,\n",
    "                             'is_lower': df.loc[0]['m1_lower'],\n",
    "                             'rsi2': df.loc[0]['rsi2'],\n",
    "                             'rsi1': df.loc[0]['rsi1'],\n",
    "                             'rsi0': df.loc[0]['rsi0'],\n",
    "                             'rsi2_long': df.loc[0]['rsi2_long'],\n",
    "                             'rsi1_long': df.loc[0]['rsi1_long'],\n",
    "                             'rsi0_long': df.loc[0]['rsi0_long'],\n",
    "                             'std2': df.loc[0]['std2'],\n",
    "                             'std1': df.loc[0]['std1'],\n",
    "                             'std0': df.loc[0]['std0'],\n",
    "                             'std2_long': df.loc[0]['std2_long'],\n",
    "                             'std1_long': df.loc[0]['std1_long'],\n",
    "                             'std0_long': df.loc[0]['std0_long'],\n",
    "                             'len': len(df)\n",
    "                            })\n",
    "\n",
    "        dfx = pd.concat([dfx, new_row.to_frame().T], ignore_index=True)\n"
   ]
  },
  {
   "cell_type": "code",
   "execution_count": 20,
   "id": "99d506c6-4266-4bd4-961d-94b7eb63c863",
   "metadata": {},
   "outputs": [],
   "source": [
    "dfx.to_csv(\"df_m1_lower.csv\", sep=\";\", index=False)"
   ]
  },
  {
   "cell_type": "code",
   "execution_count": 9,
   "id": "371c4e24-3d4e-4d95-a368-5582532664a1",
   "metadata": {},
   "outputs": [
    {
     "data": {
      "text/html": [
       "<div>\n",
       "<style scoped>\n",
       "    .dataframe tbody tr th:only-of-type {\n",
       "        vertical-align: middle;\n",
       "    }\n",
       "\n",
       "    .dataframe tbody tr th {\n",
       "        vertical-align: top;\n",
       "    }\n",
       "\n",
       "    .dataframe thead th {\n",
       "        text-align: right;\n",
       "    }\n",
       "</style>\n",
       "<table border=\"1\" class=\"dataframe\">\n",
       "  <thead>\n",
       "    <tr style=\"text-align: right;\">\n",
       "      <th></th>\n",
       "      <th>total_volume</th>\n",
       "      <th>buy_volume</th>\n",
       "      <th>sell_volume</th>\n",
       "      <th>buy_ratio</th>\n",
       "      <th>sell_ratio</th>\n",
       "      <th>volume_mean</th>\n",
       "      <th>buy_mean</th>\n",
       "      <th>sell_mean</th>\n",
       "      <th>volatility</th>\n",
       "      <th>is_lower</th>\n",
       "      <th>rsi2</th>\n",
       "      <th>rsi1</th>\n",
       "      <th>rsi0</th>\n",
       "      <th>std2</th>\n",
       "      <th>std1</th>\n",
       "      <th>std0</th>\n",
       "      <th>len</th>\n",
       "    </tr>\n",
       "  </thead>\n",
       "  <tbody>\n",
       "    <tr>\n",
       "      <th>0</th>\n",
       "      <td>22655.0</td>\n",
       "      <td>8340.0</td>\n",
       "      <td>10803.0</td>\n",
       "      <td>0.368131</td>\n",
       "      <td>0.476848</td>\n",
       "      <td>1.278643</td>\n",
       "      <td>1.264019</td>\n",
       "      <td>1.301723</td>\n",
       "      <td>0.003630</td>\n",
       "      <td>1.0</td>\n",
       "      <td>51.512472</td>\n",
       "      <td>22.648956</td>\n",
       "      <td>12.001514</td>\n",
       "      <td>3.051921</td>\n",
       "      <td>2.371016</td>\n",
       "      <td>2.893392</td>\n",
       "      <td>17718.0</td>\n",
       "    </tr>\n",
       "    <tr>\n",
       "      <th>1</th>\n",
       "      <td>22493.0</td>\n",
       "      <td>8482.0</td>\n",
       "      <td>10864.0</td>\n",
       "      <td>0.377095</td>\n",
       "      <td>0.482995</td>\n",
       "      <td>1.272085</td>\n",
       "      <td>1.248455</td>\n",
       "      <td>1.304045</td>\n",
       "      <td>0.004045</td>\n",
       "      <td>0.0</td>\n",
       "      <td>22.648956</td>\n",
       "      <td>12.001514</td>\n",
       "      <td>7.530032</td>\n",
       "      <td>2.371016</td>\n",
       "      <td>2.893392</td>\n",
       "      <td>3.913119</td>\n",
       "      <td>17682.0</td>\n",
       "    </tr>\n",
       "    <tr>\n",
       "      <th>2</th>\n",
       "      <td>20828.0</td>\n",
       "      <td>8116.0</td>\n",
       "      <td>10371.0</td>\n",
       "      <td>0.389668</td>\n",
       "      <td>0.497935</td>\n",
       "      <td>1.269226</td>\n",
       "      <td>1.274097</td>\n",
       "      <td>1.294110</td>\n",
       "      <td>0.002610</td>\n",
       "      <td>0.0</td>\n",
       "      <td>18.740417</td>\n",
       "      <td>16.154536</td>\n",
       "      <td>9.368115</td>\n",
       "      <td>5.771427</td>\n",
       "      <td>6.134126</td>\n",
       "      <td>6.445735</td>\n",
       "      <td>16410.0</td>\n",
       "    </tr>\n",
       "    <tr>\n",
       "      <th>3</th>\n",
       "      <td>20229.0</td>\n",
       "      <td>8217.0</td>\n",
       "      <td>10006.0</td>\n",
       "      <td>0.406199</td>\n",
       "      <td>0.494636</td>\n",
       "      <td>1.312634</td>\n",
       "      <td>1.343525</td>\n",
       "      <td>1.321447</td>\n",
       "      <td>0.002406</td>\n",
       "      <td>0.0</td>\n",
       "      <td>49.488275</td>\n",
       "      <td>28.196702</td>\n",
       "      <td>12.309186</td>\n",
       "      <td>5.433274</td>\n",
       "      <td>4.842585</td>\n",
       "      <td>4.475559</td>\n",
       "      <td>15411.0</td>\n",
       "    </tr>\n",
       "    <tr>\n",
       "      <th>4</th>\n",
       "      <td>27137.0</td>\n",
       "      <td>11625.0</td>\n",
       "      <td>12691.0</td>\n",
       "      <td>0.428382</td>\n",
       "      <td>0.467664</td>\n",
       "      <td>1.311980</td>\n",
       "      <td>1.339286</td>\n",
       "      <td>1.319780</td>\n",
       "      <td>0.002956</td>\n",
       "      <td>1.0</td>\n",
       "      <td>23.678533</td>\n",
       "      <td>11.502560</td>\n",
       "      <td>4.989555</td>\n",
       "      <td>3.940257</td>\n",
       "      <td>4.115424</td>\n",
       "      <td>4.833477</td>\n",
       "      <td>20684.0</td>\n",
       "    </tr>\n",
       "    <tr>\n",
       "      <th>...</th>\n",
       "      <td>...</td>\n",
       "      <td>...</td>\n",
       "      <td>...</td>\n",
       "      <td>...</td>\n",
       "      <td>...</td>\n",
       "      <td>...</td>\n",
       "      <td>...</td>\n",
       "      <td>...</td>\n",
       "      <td>...</td>\n",
       "      <td>...</td>\n",
       "      <td>...</td>\n",
       "      <td>...</td>\n",
       "      <td>...</td>\n",
       "      <td>...</td>\n",
       "      <td>...</td>\n",
       "      <td>...</td>\n",
       "      <td>...</td>\n",
       "    </tr>\n",
       "    <tr>\n",
       "      <th>272</th>\n",
       "      <td>12003.0</td>\n",
       "      <td>5501.0</td>\n",
       "      <td>5838.0</td>\n",
       "      <td>0.458302</td>\n",
       "      <td>0.486378</td>\n",
       "      <td>1.536482</td>\n",
       "      <td>1.627515</td>\n",
       "      <td>1.476480</td>\n",
       "      <td>0.001646</td>\n",
       "      <td>0.0</td>\n",
       "      <td>45.015628</td>\n",
       "      <td>19.152394</td>\n",
       "      <td>11.773266</td>\n",
       "      <td>3.598524</td>\n",
       "      <td>3.968529</td>\n",
       "      <td>4.380265</td>\n",
       "      <td>7812.0</td>\n",
       "    </tr>\n",
       "    <tr>\n",
       "      <th>273</th>\n",
       "      <td>8216.0</td>\n",
       "      <td>3033.0</td>\n",
       "      <td>4454.0</td>\n",
       "      <td>0.369158</td>\n",
       "      <td>0.542113</td>\n",
       "      <td>1.447243</td>\n",
       "      <td>1.492618</td>\n",
       "      <td>1.441424</td>\n",
       "      <td>0.001515</td>\n",
       "      <td>0.0</td>\n",
       "      <td>39.338363</td>\n",
       "      <td>44.887655</td>\n",
       "      <td>14.047119</td>\n",
       "      <td>1.825171</td>\n",
       "      <td>1.852827</td>\n",
       "      <td>2.219903</td>\n",
       "      <td>5677.0</td>\n",
       "    </tr>\n",
       "    <tr>\n",
       "      <th>274</th>\n",
       "      <td>9520.0</td>\n",
       "      <td>3819.0</td>\n",
       "      <td>4905.0</td>\n",
       "      <td>0.401155</td>\n",
       "      <td>0.515231</td>\n",
       "      <td>1.472317</td>\n",
       "      <td>1.515476</td>\n",
       "      <td>1.453764</td>\n",
       "      <td>0.001648</td>\n",
       "      <td>0.0</td>\n",
       "      <td>44.887655</td>\n",
       "      <td>14.047119</td>\n",
       "      <td>11.772291</td>\n",
       "      <td>1.852827</td>\n",
       "      <td>2.219903</td>\n",
       "      <td>2.520262</td>\n",
       "      <td>6466.0</td>\n",
       "    </tr>\n",
       "    <tr>\n",
       "      <th>275</th>\n",
       "      <td>11123.0</td>\n",
       "      <td>4445.0</td>\n",
       "      <td>5880.0</td>\n",
       "      <td>0.399622</td>\n",
       "      <td>0.528634</td>\n",
       "      <td>1.542505</td>\n",
       "      <td>1.556918</td>\n",
       "      <td>1.545741</td>\n",
       "      <td>0.001450</td>\n",
       "      <td>1.0</td>\n",
       "      <td>14.047119</td>\n",
       "      <td>11.772291</td>\n",
       "      <td>10.890475</td>\n",
       "      <td>2.219903</td>\n",
       "      <td>2.520262</td>\n",
       "      <td>2.785986</td>\n",
       "      <td>7211.0</td>\n",
       "    </tr>\n",
       "    <tr>\n",
       "      <th>276</th>\n",
       "      <td>10337.0</td>\n",
       "      <td>4368.0</td>\n",
       "      <td>5253.0</td>\n",
       "      <td>0.422560</td>\n",
       "      <td>0.508175</td>\n",
       "      <td>1.542606</td>\n",
       "      <td>1.550586</td>\n",
       "      <td>1.548644</td>\n",
       "      <td>0.001121</td>\n",
       "      <td>0.0</td>\n",
       "      <td>11.772291</td>\n",
       "      <td>10.890475</td>\n",
       "      <td>5.735231</td>\n",
       "      <td>2.520262</td>\n",
       "      <td>2.785986</td>\n",
       "      <td>3.084715</td>\n",
       "      <td>6701.0</td>\n",
       "    </tr>\n",
       "  </tbody>\n",
       "</table>\n",
       "<p>277 rows × 17 columns</p>\n",
       "</div>"
      ],
      "text/plain": [
       "     total_volume  buy_volume  sell_volume  buy_ratio  sell_ratio  \\\n",
       "0         22655.0      8340.0      10803.0   0.368131    0.476848   \n",
       "1         22493.0      8482.0      10864.0   0.377095    0.482995   \n",
       "2         20828.0      8116.0      10371.0   0.389668    0.497935   \n",
       "3         20229.0      8217.0      10006.0   0.406199    0.494636   \n",
       "4         27137.0     11625.0      12691.0   0.428382    0.467664   \n",
       "..            ...         ...          ...        ...         ...   \n",
       "272       12003.0      5501.0       5838.0   0.458302    0.486378   \n",
       "273        8216.0      3033.0       4454.0   0.369158    0.542113   \n",
       "274        9520.0      3819.0       4905.0   0.401155    0.515231   \n",
       "275       11123.0      4445.0       5880.0   0.399622    0.528634   \n",
       "276       10337.0      4368.0       5253.0   0.422560    0.508175   \n",
       "\n",
       "     volume_mean  buy_mean  sell_mean  volatility  is_lower       rsi2  \\\n",
       "0       1.278643  1.264019   1.301723    0.003630       1.0  51.512472   \n",
       "1       1.272085  1.248455   1.304045    0.004045       0.0  22.648956   \n",
       "2       1.269226  1.274097   1.294110    0.002610       0.0  18.740417   \n",
       "3       1.312634  1.343525   1.321447    0.002406       0.0  49.488275   \n",
       "4       1.311980  1.339286   1.319780    0.002956       1.0  23.678533   \n",
       "..           ...       ...        ...         ...       ...        ...   \n",
       "272     1.536482  1.627515   1.476480    0.001646       0.0  45.015628   \n",
       "273     1.447243  1.492618   1.441424    0.001515       0.0  39.338363   \n",
       "274     1.472317  1.515476   1.453764    0.001648       0.0  44.887655   \n",
       "275     1.542505  1.556918   1.545741    0.001450       1.0  14.047119   \n",
       "276     1.542606  1.550586   1.548644    0.001121       0.0  11.772291   \n",
       "\n",
       "          rsi1       rsi0      std2      std1      std0      len  \n",
       "0    22.648956  12.001514  3.051921  2.371016  2.893392  17718.0  \n",
       "1    12.001514   7.530032  2.371016  2.893392  3.913119  17682.0  \n",
       "2    16.154536   9.368115  5.771427  6.134126  6.445735  16410.0  \n",
       "3    28.196702  12.309186  5.433274  4.842585  4.475559  15411.0  \n",
       "4    11.502560   4.989555  3.940257  4.115424  4.833477  20684.0  \n",
       "..         ...        ...       ...       ...       ...      ...  \n",
       "272  19.152394  11.773266  3.598524  3.968529  4.380265   7812.0  \n",
       "273  44.887655  14.047119  1.825171  1.852827  2.219903   5677.0  \n",
       "274  14.047119  11.772291  1.852827  2.219903  2.520262   6466.0  \n",
       "275  11.772291  10.890475  2.219903  2.520262  2.785986   7211.0  \n",
       "276  10.890475   5.735231  2.520262  2.785986  3.084715   6701.0  \n",
       "\n",
       "[277 rows x 17 columns]"
      ]
     },
     "execution_count": 9,
     "metadata": {},
     "output_type": "execute_result"
    }
   ],
   "source": [
    "dfx"
   ]
  },
  {
   "cell_type": "code",
   "execution_count": 11,
   "id": "f658a813-c90d-4c69-9482-1a77bb5e797d",
   "metadata": {},
   "outputs": [
    {
     "data": {
      "text/html": [
       "<div>\n",
       "<style scoped>\n",
       "    .dataframe tbody tr th:only-of-type {\n",
       "        vertical-align: middle;\n",
       "    }\n",
       "\n",
       "    .dataframe tbody tr th {\n",
       "        vertical-align: top;\n",
       "    }\n",
       "\n",
       "    .dataframe thead th {\n",
       "        text-align: right;\n",
       "    }\n",
       "</style>\n",
       "<table border=\"1\" class=\"dataframe\">\n",
       "  <thead>\n",
       "    <tr style=\"text-align: right;\">\n",
       "      <th></th>\n",
       "      <th>buy_ratio</th>\n",
       "      <th>sell_ratio</th>\n",
       "      <th>volume_mean</th>\n",
       "      <th>buy_mean</th>\n",
       "      <th>sell_mean</th>\n",
       "      <th>volatility</th>\n",
       "      <th>is_lower</th>\n",
       "      <th>rsi2</th>\n",
       "      <th>rsi1</th>\n",
       "      <th>rsi0</th>\n",
       "      <th>std2</th>\n",
       "      <th>std1</th>\n",
       "      <th>std0</th>\n",
       "      <th>len</th>\n",
       "    </tr>\n",
       "  </thead>\n",
       "  <tbody>\n",
       "    <tr>\n",
       "      <th>buy_ratio</th>\n",
       "      <td>1.000000</td>\n",
       "      <td>0.637106</td>\n",
       "      <td>0.625254</td>\n",
       "      <td>0.700405</td>\n",
       "      <td>0.307655</td>\n",
       "      <td>-0.368405</td>\n",
       "      <td>0.007777</td>\n",
       "      <td>-0.025866</td>\n",
       "      <td>0.041396</td>\n",
       "      <td>0.073945</td>\n",
       "      <td>-0.059208</td>\n",
       "      <td>-0.060480</td>\n",
       "      <td>-0.085945</td>\n",
       "      <td>0.425927</td>\n",
       "    </tr>\n",
       "    <tr>\n",
       "      <th>sell_ratio</th>\n",
       "      <td>0.637106</td>\n",
       "      <td>1.000000</td>\n",
       "      <td>0.710515</td>\n",
       "      <td>0.639368</td>\n",
       "      <td>0.568326</td>\n",
       "      <td>-0.317391</td>\n",
       "      <td>-0.074324</td>\n",
       "      <td>-0.037827</td>\n",
       "      <td>-0.110468</td>\n",
       "      <td>-0.149765</td>\n",
       "      <td>-0.428494</td>\n",
       "      <td>-0.416273</td>\n",
       "      <td>-0.417132</td>\n",
       "      <td>0.189554</td>\n",
       "    </tr>\n",
       "    <tr>\n",
       "      <th>volume_mean</th>\n",
       "      <td>0.625254</td>\n",
       "      <td>0.710515</td>\n",
       "      <td>1.000000</td>\n",
       "      <td>0.955490</td>\n",
       "      <td>0.885087</td>\n",
       "      <td>-0.480665</td>\n",
       "      <td>-0.222010</td>\n",
       "      <td>-0.046256</td>\n",
       "      <td>0.022127</td>\n",
       "      <td>-0.000092</td>\n",
       "      <td>-0.499224</td>\n",
       "      <td>-0.488661</td>\n",
       "      <td>-0.496862</td>\n",
       "      <td>-0.055476</td>\n",
       "    </tr>\n",
       "    <tr>\n",
       "      <th>buy_mean</th>\n",
       "      <td>0.700405</td>\n",
       "      <td>0.639368</td>\n",
       "      <td>0.955490</td>\n",
       "      <td>1.000000</td>\n",
       "      <td>0.740443</td>\n",
       "      <td>-0.468549</td>\n",
       "      <td>-0.192644</td>\n",
       "      <td>-0.060075</td>\n",
       "      <td>0.021468</td>\n",
       "      <td>-0.013444</td>\n",
       "      <td>-0.449360</td>\n",
       "      <td>-0.445048</td>\n",
       "      <td>-0.455605</td>\n",
       "      <td>-0.004393</td>\n",
       "    </tr>\n",
       "    <tr>\n",
       "      <th>sell_mean</th>\n",
       "      <td>0.307655</td>\n",
       "      <td>0.568326</td>\n",
       "      <td>0.885087</td>\n",
       "      <td>0.740443</td>\n",
       "      <td>1.000000</td>\n",
       "      <td>-0.363344</td>\n",
       "      <td>-0.277804</td>\n",
       "      <td>-0.015348</td>\n",
       "      <td>0.032864</td>\n",
       "      <td>0.023935</td>\n",
       "      <td>-0.488785</td>\n",
       "      <td>-0.466821</td>\n",
       "      <td>-0.460804</td>\n",
       "      <td>-0.199138</td>\n",
       "    </tr>\n",
       "    <tr>\n",
       "      <th>volatility</th>\n",
       "      <td>-0.368405</td>\n",
       "      <td>-0.317391</td>\n",
       "      <td>-0.480665</td>\n",
       "      <td>-0.468549</td>\n",
       "      <td>-0.363344</td>\n",
       "      <td>1.000000</td>\n",
       "      <td>0.173585</td>\n",
       "      <td>0.056216</td>\n",
       "      <td>-0.065762</td>\n",
       "      <td>-0.174998</td>\n",
       "      <td>0.425202</td>\n",
       "      <td>0.450393</td>\n",
       "      <td>0.518935</td>\n",
       "      <td>0.484684</td>\n",
       "    </tr>\n",
       "    <tr>\n",
       "      <th>is_lower</th>\n",
       "      <td>0.007777</td>\n",
       "      <td>-0.074324</td>\n",
       "      <td>-0.222010</td>\n",
       "      <td>-0.192644</td>\n",
       "      <td>-0.277804</td>\n",
       "      <td>0.173585</td>\n",
       "      <td>1.000000</td>\n",
       "      <td>0.106038</td>\n",
       "      <td>-0.049788</td>\n",
       "      <td>-0.008249</td>\n",
       "      <td>0.069174</td>\n",
       "      <td>0.078767</td>\n",
       "      <td>0.095598</td>\n",
       "      <td>0.127748</td>\n",
       "    </tr>\n",
       "    <tr>\n",
       "      <th>rsi2</th>\n",
       "      <td>-0.025866</td>\n",
       "      <td>-0.037827</td>\n",
       "      <td>-0.046256</td>\n",
       "      <td>-0.060075</td>\n",
       "      <td>-0.015348</td>\n",
       "      <td>0.056216</td>\n",
       "      <td>0.106038</td>\n",
       "      <td>1.000000</td>\n",
       "      <td>0.634869</td>\n",
       "      <td>0.641304</td>\n",
       "      <td>-0.099092</td>\n",
       "      <td>-0.160670</td>\n",
       "      <td>-0.197273</td>\n",
       "      <td>-0.015571</td>\n",
       "    </tr>\n",
       "    <tr>\n",
       "      <th>rsi1</th>\n",
       "      <td>0.041396</td>\n",
       "      <td>-0.110468</td>\n",
       "      <td>0.022127</td>\n",
       "      <td>0.021468</td>\n",
       "      <td>0.032864</td>\n",
       "      <td>-0.065762</td>\n",
       "      <td>-0.049788</td>\n",
       "      <td>0.634869</td>\n",
       "      <td>1.000000</td>\n",
       "      <td>0.805671</td>\n",
       "      <td>-0.077596</td>\n",
       "      <td>-0.156378</td>\n",
       "      <td>-0.194356</td>\n",
       "      <td>-0.021852</td>\n",
       "    </tr>\n",
       "    <tr>\n",
       "      <th>rsi0</th>\n",
       "      <td>0.073945</td>\n",
       "      <td>-0.149765</td>\n",
       "      <td>-0.000092</td>\n",
       "      <td>-0.013444</td>\n",
       "      <td>0.023935</td>\n",
       "      <td>-0.174998</td>\n",
       "      <td>-0.008249</td>\n",
       "      <td>0.641304</td>\n",
       "      <td>0.805671</td>\n",
       "      <td>1.000000</td>\n",
       "      <td>0.011299</td>\n",
       "      <td>-0.058596</td>\n",
       "      <td>-0.127554</td>\n",
       "      <td>-0.017650</td>\n",
       "    </tr>\n",
       "    <tr>\n",
       "      <th>std2</th>\n",
       "      <td>-0.059208</td>\n",
       "      <td>-0.428494</td>\n",
       "      <td>-0.499224</td>\n",
       "      <td>-0.449360</td>\n",
       "      <td>-0.488785</td>\n",
       "      <td>0.425202</td>\n",
       "      <td>0.069174</td>\n",
       "      <td>-0.099092</td>\n",
       "      <td>-0.077596</td>\n",
       "      <td>0.011299</td>\n",
       "      <td>1.000000</td>\n",
       "      <td>0.989211</td>\n",
       "      <td>0.960361</td>\n",
       "      <td>0.488365</td>\n",
       "    </tr>\n",
       "    <tr>\n",
       "      <th>std1</th>\n",
       "      <td>-0.060480</td>\n",
       "      <td>-0.416273</td>\n",
       "      <td>-0.488661</td>\n",
       "      <td>-0.445048</td>\n",
       "      <td>-0.466821</td>\n",
       "      <td>0.450393</td>\n",
       "      <td>0.078767</td>\n",
       "      <td>-0.160670</td>\n",
       "      <td>-0.156378</td>\n",
       "      <td>-0.058596</td>\n",
       "      <td>0.989211</td>\n",
       "      <td>1.000000</td>\n",
       "      <td>0.988004</td>\n",
       "      <td>0.498477</td>\n",
       "    </tr>\n",
       "    <tr>\n",
       "      <th>std0</th>\n",
       "      <td>-0.085945</td>\n",
       "      <td>-0.417132</td>\n",
       "      <td>-0.496862</td>\n",
       "      <td>-0.455605</td>\n",
       "      <td>-0.460804</td>\n",
       "      <td>0.518935</td>\n",
       "      <td>0.095598</td>\n",
       "      <td>-0.197273</td>\n",
       "      <td>-0.194356</td>\n",
       "      <td>-0.127554</td>\n",
       "      <td>0.960361</td>\n",
       "      <td>0.988004</td>\n",
       "      <td>1.000000</td>\n",
       "      <td>0.512124</td>\n",
       "    </tr>\n",
       "    <tr>\n",
       "      <th>len</th>\n",
       "      <td>0.425927</td>\n",
       "      <td>0.189554</td>\n",
       "      <td>-0.055476</td>\n",
       "      <td>-0.004393</td>\n",
       "      <td>-0.199138</td>\n",
       "      <td>0.484684</td>\n",
       "      <td>0.127748</td>\n",
       "      <td>-0.015571</td>\n",
       "      <td>-0.021852</td>\n",
       "      <td>-0.017650</td>\n",
       "      <td>0.488365</td>\n",
       "      <td>0.498477</td>\n",
       "      <td>0.512124</td>\n",
       "      <td>1.000000</td>\n",
       "    </tr>\n",
       "  </tbody>\n",
       "</table>\n",
       "</div>"
      ],
      "text/plain": [
       "             buy_ratio  sell_ratio  volume_mean  buy_mean  sell_mean  \\\n",
       "buy_ratio     1.000000    0.637106     0.625254  0.700405   0.307655   \n",
       "sell_ratio    0.637106    1.000000     0.710515  0.639368   0.568326   \n",
       "volume_mean   0.625254    0.710515     1.000000  0.955490   0.885087   \n",
       "buy_mean      0.700405    0.639368     0.955490  1.000000   0.740443   \n",
       "sell_mean     0.307655    0.568326     0.885087  0.740443   1.000000   \n",
       "volatility   -0.368405   -0.317391    -0.480665 -0.468549  -0.363344   \n",
       "is_lower      0.007777   -0.074324    -0.222010 -0.192644  -0.277804   \n",
       "rsi2         -0.025866   -0.037827    -0.046256 -0.060075  -0.015348   \n",
       "rsi1          0.041396   -0.110468     0.022127  0.021468   0.032864   \n",
       "rsi0          0.073945   -0.149765    -0.000092 -0.013444   0.023935   \n",
       "std2         -0.059208   -0.428494    -0.499224 -0.449360  -0.488785   \n",
       "std1         -0.060480   -0.416273    -0.488661 -0.445048  -0.466821   \n",
       "std0         -0.085945   -0.417132    -0.496862 -0.455605  -0.460804   \n",
       "len           0.425927    0.189554    -0.055476 -0.004393  -0.199138   \n",
       "\n",
       "             volatility  is_lower      rsi2      rsi1      rsi0      std2  \\\n",
       "buy_ratio     -0.368405  0.007777 -0.025866  0.041396  0.073945 -0.059208   \n",
       "sell_ratio    -0.317391 -0.074324 -0.037827 -0.110468 -0.149765 -0.428494   \n",
       "volume_mean   -0.480665 -0.222010 -0.046256  0.022127 -0.000092 -0.499224   \n",
       "buy_mean      -0.468549 -0.192644 -0.060075  0.021468 -0.013444 -0.449360   \n",
       "sell_mean     -0.363344 -0.277804 -0.015348  0.032864  0.023935 -0.488785   \n",
       "volatility     1.000000  0.173585  0.056216 -0.065762 -0.174998  0.425202   \n",
       "is_lower       0.173585  1.000000  0.106038 -0.049788 -0.008249  0.069174   \n",
       "rsi2           0.056216  0.106038  1.000000  0.634869  0.641304 -0.099092   \n",
       "rsi1          -0.065762 -0.049788  0.634869  1.000000  0.805671 -0.077596   \n",
       "rsi0          -0.174998 -0.008249  0.641304  0.805671  1.000000  0.011299   \n",
       "std2           0.425202  0.069174 -0.099092 -0.077596  0.011299  1.000000   \n",
       "std1           0.450393  0.078767 -0.160670 -0.156378 -0.058596  0.989211   \n",
       "std0           0.518935  0.095598 -0.197273 -0.194356 -0.127554  0.960361   \n",
       "len            0.484684  0.127748 -0.015571 -0.021852 -0.017650  0.488365   \n",
       "\n",
       "                 std1      std0       len  \n",
       "buy_ratio   -0.060480 -0.085945  0.425927  \n",
       "sell_ratio  -0.416273 -0.417132  0.189554  \n",
       "volume_mean -0.488661 -0.496862 -0.055476  \n",
       "buy_mean    -0.445048 -0.455605 -0.004393  \n",
       "sell_mean   -0.466821 -0.460804 -0.199138  \n",
       "volatility   0.450393  0.518935  0.484684  \n",
       "is_lower     0.078767  0.095598  0.127748  \n",
       "rsi2        -0.160670 -0.197273 -0.015571  \n",
       "rsi1        -0.156378 -0.194356 -0.021852  \n",
       "rsi0        -0.058596 -0.127554 -0.017650  \n",
       "std2         0.989211  0.960361  0.488365  \n",
       "std1         1.000000  0.988004  0.498477  \n",
       "std0         0.988004  1.000000  0.512124  \n",
       "len          0.498477  0.512124  1.000000  "
      ]
     },
     "execution_count": 11,
     "metadata": {},
     "output_type": "execute_result"
    }
   ],
   "source": [
    "dfx.corr()"
   ]
  },
  {
   "cell_type": "code",
   "execution_count": 12,
   "id": "8cf04c30-7882-4093-84ea-528cfe4954f8",
   "metadata": {},
   "outputs": [],
   "source": []
  },
  {
   "cell_type": "code",
   "execution_count": null,
   "id": "3a7daa95-fd37-4219-9878-03732c718e02",
   "metadata": {},
   "outputs": [],
   "source": []
  }
 ],
 "metadata": {
  "kernelspec": {
   "display_name": "Python 3 (ipykernel)",
   "language": "python",
   "name": "python3"
  },
  "language_info": {
   "codemirror_mode": {
    "name": "ipython",
    "version": 3
   },
   "file_extension": ".py",
   "mimetype": "text/x-python",
   "name": "python",
   "nbconvert_exporter": "python",
   "pygments_lexer": "ipython3",
   "version": "3.10.8"
  }
 },
 "nbformat": 4,
 "nbformat_minor": 5
}
