time;time_msc;last;volume;buy;sell;open_m1;low_m1
2022.09.30 15:49:00;1664552940000;3660.25;1;0;0;3654.0;3653.75
2022.09.30 15:49:00;1664552940070;3660.25;1;0;1;3654.0;3653.75
2022.09.30 15:49:00;1664552940172;3660.25;1;0;1;3654.0;3653.75
2022.09.30 15:49:00;1664552940189;3660.25;1;0;1;3654.0;3653.75
2022.09.30 15:49:00;1664552940616;3660.25;1;0;1;3654.0;3653.75
2022.09.30 15:49:00;1664552940616;3660.25;1;0;1;3654.0;3653.75
2022.09.30 15:49:00;1664552940616;3660.25;1;0;1;3654.0;3653.75
2022.09.30 15:49:00;1664552940617;3660.25;1;0;0;3654.0;3653.75
2022.09.30 15:49:00;1664552940689;3660.25;2;1;0;3654.0;3653.75
2022.09.30 15:49:00;1664552940689;3660.25;2;0;0;3654.0;3653.75
2022.09.30 15:49:00;1664552940689;3660.25;2;0;0;3654.0;3653.75
2022.09.30 15:49:00;1664552940715;3660.25;1;0;1;3654.0;3653.75
2022.09.30 15:49:00;1664552940715;3660.25;1;0;0;3654.0;3653.75
2022.09.30 15:49:00;1664552940867;3660.0;2;0;1;3654.0;3653.75
2022.09.30 15:49:00;1664552940867;3660.0;1;0;1;3654.0;3653.75
2022.09.30 15:49:00;1664552940867;3660.0;1;0;0;3654.0;3653.75
2022.09.30 15:49:00;1664552940870;3660.0;4;1;0;3654.0;3653.75
2022.09.30 15:49:00;1664552940870;3660.0;4;0;0;3654.0;3653.75
2022.09.30 15:49:00;1664552940899;3660.25;1;1;0;3654.0;3653.75
2022.09.30 15:49:00;1664552940946;3660.0;1;0;1;3654.0;3653.75
2022.09.30 15:49:00;1664552940946;3660.0;1;0;1;3654.0;3653.75
2022.09.30 15:49:00;1664552940946;3660.0;3;0;1;3654.0;3653.75
2022.09.30 15:49:00;1664552940946;3660.0;3;0;0;3654.0;3653.75
2022.09.30 15:49:00;1664552940948;3660.0;2;1;0;3654.0;3653.75
2022.09.30 15:49:00;1664552940948;3660.0;3;1;0;3654.0;3653.75
2022.09.30 15:49:00;1664552940949;3660.0;5;1;0;3654.0;3653.75
2022.09.30 15:49:00;1664552940949;3660.0;1;1;0;3654.0;3653.75
2022.09.30 15:49:00;1664552940949;3660.0;1;1;0;3654.0;3653.75
2022.09.30 15:49:00;1664552940949;3660.0;1;1;0;3654.0;3653.75
2022.09.30 15:49:00;1664552940949;3660.0;1;0;0;3654.0;3653.75
2022.09.30 15:49:00;1664552940968;3660.0;1;0;1;3654.0;3653.75
2022.09.30 15:49:00;1664552940968;3660.0;1;0;1;3654.0;3653.75
2022.09.30 15:49:00;1664552940968;3660.0;1;0;1;3654.0;3653.75
2022.09.30 15:49:00;1664552940968;3660.0;1;0;0;3654.0;3653.75
2022.09.30 15:49:00;1664552940975;3660.0;1;0;0;3654.0;3653.75
2022.09.30 15:49:01;1664552941090;3660.0;1;1;0;3654.0;3653.75
2022.09.30 15:49:01;1664552941090;3660.0;1;1;0;3654.0;3653.75
2022.09.30 15:49:01;1664552941090;3660.0;1;0;0;3654.0;3653.75
2022.09.30 15:49:01;1664552941160;3660.25;2;1;0;3654.0;3653.75
2022.09.30 15:49:01;1664552941655;3660.0;1;0;1;3654.0;3653.75
2022.09.30 15:49:01;1664552941655;3660.0;1;0;1;3654.0;3653.75
2022.09.30 15:49:01;1664552941655;3660.0;1;0;1;3654.0;3653.75
2022.09.30 15:49:01;1664552941655;3660.0;1;0;1;3654.0;3653.75
2022.09.30 15:49:01;1664552941655;3660.0;1;0;1;3654.0;3653.75
2022.09.30 15:49:01;1664552941655;3660.0;1;0;1;3654.0;3653.75
2022.09.30 15:49:01;1664552941656;3660.0;1;0;0;3654.0;3653.75
2022.09.30 15:49:02;1664552942006;3660.0;1;1;0;3654.0;3653.75
2022.09.30 15:49:02;1664552942007;3660.0;1;1;0;3654.0;3653.75
2022.09.30 15:49:02;1664552942007;3660.0;1;1;0;3654.0;3653.75
2022.09.30 15:49:02;1664552942007;3660.0;1;1;0;3654.0;3653.75
2022.09.30 15:49:02;1664552942007;3660.0;1;1;0;3654.0;3653.75
2022.09.30 15:49:02;1664552942007;3660.0;1;1;0;3654.0;3653.75
2022.09.30 15:49:02;1664552942007;3660.0;1;0;0;3654.0;3653.75
2022.09.30 15:49:02;1664552942176;3660.0;1;0;1;3654.0;3653.75
2022.09.30 15:49:02;1664552942176;3660.0;1;0;1;3654.0;3653.75
2022.09.30 15:49:02;1664552942176;3660.0;1;0;1;3654.0;3653.75
2022.09.30 15:49:02;1664552942177;3660.0;1;0;0;3654.0;3653.75
2022.09.30 15:49:02;1664552942491;3659.75;1;0;1;3654.0;3653.75
2022.09.30 15:49:02;1664552942491;3659.75;1;0;1;3654.0;3653.75
2022.09.30 15:49:02;1664552942491;3659.75;1;0;1;3654.0;3653.75
2022.09.30 15:49:02;1664552942491;3659.75;1;0;1;3654.0;3653.75
2022.09.30 15:49:03;1664552943083;3659.75;1;0;1;3654.0;3653.75
2022.09.30 15:49:03;1664552943133;3659.75;1;0;1;3654.0;3653.75
2022.09.30 15:49:03;1664552943147;3659.75;1;0;1;3654.0;3653.75
2022.09.30 15:49:03;1664552943147;3659.75;1;0;1;3654.0;3653.75
2022.09.30 15:49:03;1664552943147;3659.75;2;0;1;3654.0;3653.75
2022.09.30 15:49:03;1664552943147;3659.75;1;0;1;3654.0;3653.75
2022.09.30 15:49:03;1664552943147;3659.75;1;0;1;3654.0;3653.75
2022.09.30 15:49:03;1664552943147;3659.75;1;0;1;3654.0;3653.75
2022.09.30 15:49:03;1664552943147;3659.75;1;0;1;3654.0;3653.75
2022.09.30 15:49:03;1664552943147;3659.75;1;0;1;3654.0;3653.75
2022.09.30 15:49:03;1664552943147;3659.75;8;0;1;3654.0;3653.75
2022.09.30 15:49:03;1664552943147;3659.75;14;0;1;3654.0;3653.75
2022.09.30 15:49:03;1664552943147;3659.75;1;0;1;3654.0;3653.75
2022.09.30 15:49:03;1664552943147;3659.75;2;0;1;3654.0;3653.75
2022.09.30 15:49:03;1664552943147;3659.75;1;0;1;3654.0;3653.75
2022.09.30 15:49:03;1664552943148;3659.75;1;0;1;3654.0;3653.75
2022.09.30 15:49:03;1664552943148;3659.75;1;0;1;3654.0;3653.75
2022.09.30 15:49:03;1664552943148;3659.75;1;0;1;3654.0;3653.75
2022.09.30 15:49:03;1664552943148;3659.75;3;0;1;3654.0;3653.75
2022.09.30 15:49:03;1664552943148;3659.75;1;0;1;3654.0;3653.75
2022.09.30 15:49:03;1664552943148;3659.75;1;0;1;3654.0;3653.75
2022.09.30 15:49:03;1664552943148;3659.75;1;0;1;3654.0;3653.75
2022.09.30 15:49:03;1664552943148;3659.75;1;0;1;3654.0;3653.75
2022.09.30 15:49:03;1664552943148;3659.75;1;0;1;3654.0;3653.75
2022.09.30 15:49:03;1664552943150;3659.75;2;0;1;3654.0;3653.75
2022.09.30 15:49:03;1664552943151;3659.75;1;0;1;3654.0;3653.75
2022.09.30 15:49:03;1664552943151;3659.75;1;1;0;3654.0;3653.75
2022.09.30 15:49:03;1664552943151;3659.75;1;0;1;3654.0;3653.75
2022.09.30 15:49:03;1664552943151;3659.75;1;0;1;3654.0;3653.75
2022.09.30 15:49:03;1664552943151;3659.75;1;1;0;3654.0;3653.75
2022.09.30 15:49:03;1664552943151;3659.75;2;1;0;3654.0;3653.75
2022.09.30 15:49:03;1664552943151;3659.75;4;1;0;3654.0;3653.75
2022.09.30 15:49:03;1664552943151;3659.75;1;1;0;3654.0;3653.75
2022.09.30 15:49:03;1664552943151;3659.75;1;1;0;3654.0;3653.75
2022.09.30 15:49:03;1664552943151;3659.75;1;1;0;3654.0;3653.75
2022.09.30 15:49:03;1664552943151;3659.75;1;0;0;3654.0;3653.75
2022.09.30 15:49:03;1664552943152;3659.75;1;0;1;3654.0;3653.75
2022.09.30 15:49:03;1664552943152;3659.75;3;0;1;3654.0;3653.75
2022.09.30 15:49:03;1664552943152;3659.75;2;0;1;3654.0;3653.75
2022.09.30 15:49:03;1664552943152;3659.75;1;0;1;3654.0;3653.75
2022.09.30 15:49:03;1664552943153;3659.75;1;0;0;3654.0;3653.75
2022.09.30 15:49:03;1664552943153;3659.75;1;0;1;3654.0;3653.75
2022.09.30 15:49:03;1664552943154;3659.75;1;0;0;3654.0;3653.75
2022.09.30 15:49:03;1664552943155;3659.75;2;1;0;3654.0;3653.75
2022.09.30 15:49:03;1664552943155;3659.75;1;1;0;3654.0;3653.75
2022.09.30 15:49:03;1664552943155;3659.75;1;1;0;3654.0;3653.75
2022.09.30 15:49:03;1664552943155;3659.75;1;0;1;3654.0;3653.75
2022.09.30 15:49:03;1664552943156;3659.75;1;0;0;3654.0;3653.75
2022.09.30 15:49:03;1664552943212;3659.75;1;0;1;3654.0;3653.75
2022.09.30 15:49:03;1664552943212;3659.75;1;0;1;3654.0;3653.75
2022.09.30 15:49:03;1664552943212;3659.75;1;0;1;3654.0;3653.75
2022.09.30 15:49:03;1664552943213;3659.75;1;0;0;3654.0;3653.75
2022.09.30 15:49:03;1664552943213;3659.75;1;0;0;3654.0;3653.75
2022.09.30 15:49:03;1664552943224;3659.75;1;1;0;3654.0;3653.75
2022.09.30 15:49:03;1664552943224;3659.75;3;1;0;3654.0;3653.75
2022.09.30 15:49:03;1664552943224;3659.75;1;1;0;3654.0;3653.75
2022.09.30 15:49:03;1664552943225;3659.75;1;0;0;3654.0;3653.75
2022.09.30 15:49:03;1664552943225;3659.75;1;0;0;3654.0;3653.75
2022.09.30 15:49:03;1664552943260;3659.75;1;0;1;3654.0;3653.75
2022.09.30 15:49:03;1664552943261;3659.75;1;0;0;3654.0;3653.75
2022.09.30 15:49:03;1664552943326;3659.75;1;1;0;3654.0;3653.75
2022.09.30 15:49:03;1664552943326;3659.75;1;1;0;3654.0;3653.75
2022.09.30 15:49:03;1664552943326;3659.75;1;1;0;3654.0;3653.75
2022.09.30 15:49:03;1664552943326;3659.75;1;1;0;3654.0;3653.75
2022.09.30 15:49:03;1664552943326;3659.75;1;1;0;3654.0;3653.75
2022.09.30 15:49:03;1664552943326;3659.75;1;1;0;3654.0;3653.75
2022.09.30 15:49:03;1664552943327;3659.75;1;1;0;3654.0;3653.75
2022.09.30 15:49:03;1664552943327;3659.75;1;0;0;3654.0;3653.75
2022.09.30 15:49:03;1664552943327;3659.75;1;0;0;3654.0;3653.75
2022.09.30 15:49:03;1664552943337;3659.75;1;0;1;3654.0;3653.75
2022.09.30 15:49:03;1664552943337;3659.75;1;0;1;3654.0;3653.75
2022.09.30 15:49:03;1664552943337;3659.75;1;0;1;3654.0;3653.75
2022.09.30 15:49:03;1664552943337;3659.75;1;0;1;3654.0;3653.75
2022.09.30 15:49:03;1664552943337;3659.75;1;0;0;3654.0;3653.75
2022.09.30 15:49:03;1664552943337;3659.75;1;1;0;3654.0;3653.75
2022.09.30 15:49:03;1664552943338;3659.75;1;0;0;3654.0;3653.75
2022.09.30 15:49:03;1664552943358;3659.75;1;0;0;3654.0;3653.75
2022.09.30 15:49:04;1664552944053;3659.75;1;0;1;3654.0;3653.75
2022.09.30 15:49:04;1664552944623;3660.0;1;1;0;3654.0;3653.75
2022.09.30 15:49:04;1664552944623;3660.0;1;1;0;3654.0;3653.75
2022.09.30 15:49:04;1664552944623;3660.0;1;1;0;3654.0;3653.75
2022.09.30 15:49:04;1664552944623;3660.0;1;1;0;3654.0;3653.75
2022.09.30 15:49:04;1664552944623;3660.0;1;1;0;3654.0;3653.75
2022.09.30 15:49:04;1664552944624;3660.0;1;0;0;3654.0;3653.75
2022.09.30 15:49:04;1664552944699;3660.0;1;0;1;3654.0;3653.75
2022.09.30 15:49:04;1664552944699;3660.0;1;0;1;3654.0;3653.75
2022.09.30 15:49:04;1664552944699;3660.0;1;0;1;3654.0;3653.75
2022.09.30 15:49:04;1664552944699;3660.0;1;0;1;3654.0;3653.75
2022.09.30 15:49:04;1664552944699;3660.0;1;0;1;3654.0;3653.75
2022.09.30 15:49:04;1664552944699;3660.0;1;0;1;3654.0;3653.75
2022.09.30 15:49:04;1664552944700;3660.0;1;0;1;3654.0;3653.75
2022.09.30 15:49:04;1664552944700;3660.0;1;0;0;3654.0;3653.75
2022.09.30 15:49:04;1664552944727;3659.75;1;0;1;3654.0;3653.75
2022.09.30 15:49:04;1664552944888;3659.75;1;0;1;3654.0;3653.75
2022.09.30 15:49:04;1664552944888;3659.75;1;0;1;3654.0;3653.75
2022.09.30 15:49:04;1664552944888;3659.75;1;0;1;3654.0;3653.75
2022.09.30 15:49:04;1664552944888;3659.75;1;0;1;3654.0;3653.75
2022.09.30 15:49:04;1664552944888;3659.75;1;0;1;3654.0;3653.75
2022.09.30 15:49:04;1664552944889;3659.75;1;0;0;3654.0;3653.75
2022.09.30 15:49:04;1664552944997;3659.75;2;1;0;3654.0;3653.75
2022.09.30 15:49:04;1664552944997;3659.75;1;1;0;3654.0;3653.75
2022.09.30 15:49:04;1664552944997;3659.75;1;1;0;3654.0;3653.75
2022.09.30 15:49:04;1664552944997;3659.75;1;1;0;3654.0;3653.75
2022.09.30 15:49:04;1664552944997;3659.75;1;1;0;3654.0;3653.75
2022.09.30 15:49:04;1664552944997;3659.75;1;1;0;3654.0;3653.75
2022.09.30 15:49:04;1664552944997;3659.75;1;1;0;3654.0;3653.75
2022.09.30 15:49:04;1664552944998;3659.75;1;0;0;3654.0;3653.75
2022.09.30 15:49:04;1664552944999;3659.75;1;0;1;3654.0;3653.75
2022.09.30 15:49:04;1664552944999;3659.75;3;0;1;3654.0;3653.75
2022.09.30 15:49:05;1664552945000;3659.75;1;0;1;3654.0;3653.75
2022.09.30 15:49:05;1664552945000;3659.75;1;0;1;3654.0;3653.75
2022.09.30 15:49:05;1664552945000;3659.75;1;0;1;3654.0;3653.75
2022.09.30 15:49:05;1664552945000;3659.75;2;1;0;3654.0;3653.75
2022.09.30 15:49:05;1664552945000;3659.75;1;1;0;3654.0;3653.75
2022.09.30 15:49:05;1664552945000;3659.75;1;1;0;3654.0;3653.75
2022.09.30 15:49:05;1664552945000;3659.75;1;0;0;3654.0;3653.75
2022.09.30 15:49:05;1664552945001;3659.75;2;1;0;3654.0;3653.75
2022.09.30 15:49:05;1664552945001;3659.75;2;0;0;3654.0;3653.75
2022.09.30 15:49:05;1664552945001;3659.75;1;0;1;3654.0;3653.75
2022.09.30 15:49:05;1664552945001;3659.75;1;0;1;3654.0;3653.75
2022.09.30 15:49:05;1664552945001;3659.75;1;0;1;3654.0;3653.75
2022.09.30 15:49:05;1664552945001;3659.75;3;1;0;3654.0;3653.75
2022.09.30 15:49:05;1664552945001;3659.75;1;0;1;3654.0;3653.75
2022.09.30 15:49:05;1664552945001;3659.75;1;0;0;3654.0;3653.75
2022.09.30 15:49:05;1664552945005;3659.75;1;0;0;3654.0;3653.75
2022.09.30 15:49:05;1664552945062;3659.75;1;0;1;3654.0;3653.75
2022.09.30 15:49:05;1664552945356;3659.75;1;0;1;3654.0;3653.75
2022.09.30 15:49:05;1664552945502;3660.0;2;1;0;3654.0;3653.75
2022.09.30 15:49:05;1664552945535;3659.75;1;0;1;3654.0;3653.75
2022.09.30 15:49:05;1664552945700;3659.75;1;0;1;3654.0;3653.75
2022.09.30 15:49:05;1664552945704;3659.75;2;0;1;3654.0;3653.75
2022.09.30 15:49:05;1664552945704;3659.75;1;0;1;3654.0;3653.75
2022.09.30 15:49:05;1664552945704;3659.75;1;0;1;3654.0;3653.75
2022.09.30 15:49:05;1664552945705;3659.75;1;0;0;3654.0;3653.75
2022.09.30 15:49:05;1664552945755;3659.5;1;0;1;3654.0;3653.75
2022.09.30 15:49:05;1664552945808;3659.75;1;1;0;3654.0;3653.75
2022.09.30 15:49:05;1664552945809;3659.75;1;1;0;3654.0;3653.75
2022.09.30 15:49:05;1664552945809;3659.75;1;1;0;3654.0;3653.75
2022.09.30 15:49:05;1664552945809;3659.75;1;0;1;3654.0;3653.75
2022.09.30 15:49:05;1664552945809;3659.75;1;0;0;3654.0;3653.75
2022.09.30 15:49:05;1664552945809;3659.75;1;0;0;3654.0;3653.75
2022.09.30 15:49:05;1664552945920;3659.75;1;1;0;3654.0;3653.75
2022.09.30 15:49:05;1664552945920;3659.75;1;0;0;3654.0;3653.75
2022.09.30 15:49:05;1664552945920;3659.75;1;0;0;3654.0;3653.75
2022.09.30 15:49:05;1664552945920;3659.75;1;0;0;3654.0;3653.75
2022.09.30 15:49:05;1664552945981;3659.75;1;0;1;3654.0;3653.75
2022.09.30 15:49:06;1664552946145;3659.75;1;0;1;3654.0;3653.75
2022.09.30 15:49:06;1664552946145;3659.75;2;0;1;3654.0;3653.75
2022.09.30 15:49:06;1664552946145;3659.75;1;0;1;3654.0;3653.75
2022.09.30 15:49:06;1664552946145;3659.75;1;0;1;3654.0;3653.75
2022.09.30 15:49:06;1664552946145;3659.75;1;0;1;3654.0;3653.75
2022.09.30 15:49:06;1664552946145;3659.75;1;0;1;3654.0;3653.75
2022.09.30 15:49:06;1664552946145;3659.75;1;0;1;3654.0;3653.75
2022.09.30 15:49:06;1664552946145;3659.75;1;0;1;3654.0;3653.75
2022.09.30 15:49:06;1664552946145;3659.75;1;0;1;3654.0;3653.75
2022.09.30 15:49:06;1664552946145;3659.75;1;0;0;3654.0;3653.75
2022.09.30 15:49:06;1664552946146;3659.75;3;1;0;3654.0;3653.75
2022.09.30 15:49:06;1664552946146;3659.75;1;1;0;3654.0;3653.75
2022.09.30 15:49:06;1664552946147;3659.75;2;1;0;3654.0;3653.75
2022.09.30 15:49:06;1664552946147;3659.75;1;1;0;3654.0;3653.75
2022.09.30 15:49:06;1664552946147;3659.75;1;1;0;3654.0;3653.75
2022.09.30 15:49:06;1664552946147;3659.75;1;1;0;3654.0;3653.75
2022.09.30 15:49:06;1664552946147;3659.75;1;0;1;3654.0;3653.75
2022.09.30 15:49:06;1664552946147;3659.75;1;0;1;3654.0;3653.75
2022.09.30 15:49:06;1664552946148;3659.75;1;1;0;3654.0;3653.75
2022.09.30 15:49:06;1664552946148;3659.75;1;0;0;3654.0;3653.75
2022.09.30 15:49:06;1664552946148;3659.75;1;0;0;3654.0;3653.75
2022.09.30 15:49:06;1664552946330;3659.75;1;0;1;3654.0;3653.75
2022.09.30 15:49:06;1664552946330;3659.75;1;0;1;3654.0;3653.75
2022.09.30 15:49:06;1664552946330;3659.75;1;0;0;3654.0;3653.75
2022.09.30 15:49:06;1664552946643;3659.5;1;0;1;3654.0;3653.75
2022.09.30 15:49:07;1664552947112;3659.5;1;0;1;3654.0;3653.75
2022.09.30 15:49:07;1664552947112;3659.5;1;0;1;3654.0;3653.75
2022.09.30 15:49:07;1664552947115;3659.5;1;0;1;3654.0;3653.75
2022.09.30 15:49:07;1664552947115;3659.5;1;0;1;3654.0;3653.75
2022.09.30 15:49:07;1664552947115;3659.5;1;0;1;3654.0;3653.75
2022.09.30 15:49:07;1664552947249;3659.5;2;0;1;3654.0;3653.75
2022.09.30 15:49:07;1664552947249;3659.5;1;0;1;3654.0;3653.75
2022.09.30 15:49:07;1664552947249;3659.5;1;0;1;3654.0;3653.75
2022.09.30 15:49:07;1664552947355;3659.5;1;0;1;3654.0;3653.75
2022.09.30 15:49:07;1664552947355;3659.5;1;0;1;3654.0;3653.75
2022.09.30 15:49:07;1664552947355;3659.5;1;0;1;3654.0;3653.75
2022.09.30 15:49:07;1664552947355;3659.5;1;0;1;3654.0;3653.75
2022.09.30 15:49:07;1664552947355;3659.5;3;0;1;3654.0;3653.75
2022.09.30 15:49:07;1664552947355;3659.5;1;0;1;3654.0;3653.75
2022.09.30 15:49:07;1664552947355;3659.5;1;0;1;3654.0;3653.75
2022.09.30 15:49:07;1664552947355;3659.5;1;0;0;3654.0;3653.75
2022.09.30 15:49:07;1664552947421;3659.5;1;1;0;3654.0;3653.75
2022.09.30 15:49:07;1664552947585;3659.5;1;1;0;3654.0;3653.75
2022.09.30 15:49:07;1664552947819;3659.25;1;0;1;3654.0;3653.75
2022.09.30 15:49:07;1664552947819;3659.25;1;0;1;3654.0;3653.75
2022.09.30 15:49:08;1664552948207;3659.25;1;0;1;3654.0;3653.75
2022.09.30 15:49:08;1664552948207;3659.25;1;0;1;3654.0;3653.75
2022.09.30 15:49:08;1664552948207;3659.25;1;0;1;3654.0;3653.75
2022.09.30 15:49:08;1664552948207;3659.25;1;0;1;3654.0;3653.75
2022.09.30 15:49:08;1664552948207;3659.25;1;0;1;3654.0;3653.75
2022.09.30 15:49:08;1664552948207;3659.25;1;0;1;3654.0;3653.75
2022.09.30 15:49:08;1664552948207;3659.25;1;0;1;3654.0;3653.75
2022.09.30 15:49:08;1664552948207;3659.25;4;0;1;3654.0;3653.75
2022.09.30 15:49:08;1664552948207;3659.25;1;0;1;3654.0;3653.75
2022.09.30 15:49:08;1664552948207;3659.25;1;0;1;3654.0;3653.75
2022.09.30 15:49:08;1664552948207;3659.25;1;0;1;3654.0;3653.75
2022.09.30 15:49:08;1664552948207;3659.25;8;0;1;3654.0;3653.75
2022.09.30 15:49:08;1664552948208;3659.25;1;0;1;3654.0;3653.75
2022.09.30 15:49:08;1664552948208;3659.25;2;0;1;3654.0;3653.75
2022.09.30 15:49:08;1664552948208;3659.25;1;0;1;3654.0;3653.75
2022.09.30 15:49:08;1664552948208;3659.25;1;0;1;3654.0;3653.75
2022.09.30 15:49:08;1664552948208;3659.25;1;0;1;3654.0;3653.75
2022.09.30 15:49:08;1664552948208;3659.25;2;0;1;3654.0;3653.75
2022.09.30 15:49:08;1664552948209;3659.25;1;0;1;3654.0;3653.75
2022.09.30 15:49:08;1664552948209;3659.25;2;0;1;3654.0;3653.75
2022.09.30 15:49:08;1664552948209;3659.25;3;0;1;3654.0;3653.75
2022.09.30 15:49:08;1664552948209;3659.25;1;0;1;3654.0;3653.75
2022.09.30 15:49:08;1664552948209;3659.25;1;0;1;3654.0;3653.75
2022.09.30 15:49:08;1664552948209;3659.25;1;0;1;3654.0;3653.75
2022.09.30 15:49:08;1664552948209;3659.25;1;0;1;3654.0;3653.75
2022.09.30 15:49:08;1664552948209;3659.25;1;0;1;3654.0;3653.75
2022.09.30 15:49:08;1664552948209;3659.25;2;0;1;3654.0;3653.75
2022.09.30 15:49:08;1664552948209;3659.25;1;0;1;3654.0;3653.75
2022.09.30 15:49:08;1664552948209;3659.25;1;0;1;3654.0;3653.75
2022.09.30 15:49:08;1664552948209;3659.25;1;0;1;3654.0;3653.75
2022.09.30 15:49:08;1664552948210;3659.25;1;1;0;3654.0;3653.75
2022.09.30 15:49:08;1664552948210;3659.25;1;1;0;3654.0;3653.75
2022.09.30 15:49:08;1664552948210;3659.25;1;1;0;3654.0;3653.75
2022.09.30 15:49:08;1664552948210;3659.25;1;1;0;3654.0;3653.75
2022.09.30 15:49:08;1664552948210;3659.25;1;1;0;3654.0;3653.75
2022.09.30 15:49:08;1664552948210;3659.25;2;1;0;3654.0;3653.75
2022.09.30 15:49:08;1664552948210;3659.25;1;1;0;3654.0;3653.75
2022.09.30 15:49:08;1664552948210;3659.25;1;1;0;3654.0;3653.75
2022.09.30 15:49:08;1664552948210;3659.25;2;1;0;3654.0;3653.75
2022.09.30 15:49:08;1664552948210;3659.25;1;1;0;3654.0;3653.75
2022.09.30 15:49:08;1664552948211;3659.25;1;0;0;3654.0;3653.75
2022.09.30 15:49:08;1664552948211;3659.25;1;1;0;3654.0;3653.75
2022.09.30 15:49:08;1664552948211;3659.25;1;1;0;3654.0;3653.75
2022.09.30 15:49:08;1664552948211;3659.25;1;1;0;3654.0;3653.75
2022.09.30 15:49:08;1664552948211;3659.25;1;1;0;3654.0;3653.75
2022.09.30 15:49:08;1664552948211;3659.25;1;1;0;3654.0;3653.75
2022.09.30 15:49:08;1664552948211;3659.25;1;1;0;3654.0;3653.75
2022.09.30 15:49:08;1664552948212;3659.25;1;1;0;3654.0;3653.75
2022.09.30 15:49:08;1664552948212;3659.25;1;0;0;3654.0;3653.75
2022.09.30 15:49:08;1664552948222;3659.25;1;0;0;3654.0;3653.75
2022.09.30 15:49:08;1664552948273;3659.25;1;0;1;3654.0;3653.75
2022.09.30 15:49:08;1664552948273;3659.25;1;0;1;3654.0;3653.75
2022.09.30 15:49:08;1664552948280;3659.25;1;0;0;3654.0;3653.75
2022.09.30 15:49:08;1664552948308;3659.25;3;1;0;3654.0;3653.75
2022.09.30 15:49:08;1664552948308;3659.25;2;1;0;3654.0;3653.75
2022.09.30 15:49:08;1664552948309;3659.25;1;1;0;3654.0;3653.75
2022.09.30 15:49:08;1664552948309;3659.25;1;1;0;3654.0;3653.75
2022.09.30 15:49:08;1664552948309;3659.25;2;1;0;3654.0;3653.75
2022.09.30 15:49:08;1664552948309;3659.25;1;1;0;3654.0;3653.75
2022.09.30 15:49:08;1664552948309;3659.25;1;0;0;3654.0;3653.75
2022.09.30 15:49:08;1664552948327;3659.25;1;0;1;3654.0;3653.75
2022.09.30 15:49:08;1664552948327;3659.25;1;0;1;3654.0;3653.75
2022.09.30 15:49:08;1664552948327;3659.25;1;0;1;3654.0;3653.75
2022.09.30 15:49:08;1664552948327;3659.25;1;0;0;3654.0;3653.75
2022.09.30 15:49:08;1664552948332;3659.25;1;0;0;3654.0;3653.75
2022.09.30 15:49:08;1664552948367;3659.0;1;0;1;3654.0;3653.75
2022.09.30 15:49:08;1664552948367;3659.0;1;0;1;3654.0;3653.75
2022.09.30 15:49:08;1664552948367;3659.0;1;0;1;3654.0;3653.75
2022.09.30 15:49:08;1664552948367;3659.0;1;0;1;3654.0;3653.75
2022.09.30 15:49:08;1664552948367;3659.0;1;0;1;3654.0;3653.75
2022.09.30 15:49:08;1664552948367;3659.0;1;0;1;3654.0;3653.75
2022.09.30 15:49:08;1664552948367;3659.0;1;0;1;3654.0;3653.75
2022.09.30 15:49:08;1664552948367;3659.0;1;0;1;3654.0;3653.75
2022.09.30 15:49:08;1664552948367;3659.0;1;0;1;3654.0;3653.75
2022.09.30 15:49:08;1664552948367;3659.0;1;0;1;3654.0;3653.75
2022.09.30 15:49:08;1664552948367;3659.0;1;0;0;3654.0;3653.75
2022.09.30 15:49:08;1664552948395;3659.0;1;0;1;3654.0;3653.75
2022.09.30 15:49:08;1664552948395;3659.0;1;0;1;3654.0;3653.75
2022.09.30 15:49:08;1664552948395;3659.25;1;1;0;3654.0;3653.75
2022.09.30 15:49:08;1664552948395;3659.25;1;1;0;3654.0;3653.75
2022.09.30 15:49:08;1664552948395;3659.25;1;0;0;3654.0;3653.75
2022.09.30 15:49:08;1664552948430;3659.25;1;0;1;3654.0;3653.75
2022.09.30 15:49:08;1664552948444;3659.25;1;0;1;3654.0;3653.75
2022.09.30 15:49:08;1664552948444;3659.25;1;0;0;3654.0;3653.75
2022.09.30 15:49:08;1664552948463;3659.25;1;0;0;3654.0;3653.75
2022.09.30 15:49:08;1664552948471;3659.0;1;0;1;3654.0;3653.75
2022.09.30 15:49:08;1664552948539;3659.25;2;1;0;3654.0;3653.75
2022.09.30 15:49:08;1664552948539;3659.25;2;0;0;3654.0;3653.75
2022.09.30 15:49:08;1664552948578;3659.5;1;1;0;3654.0;3653.75
2022.09.30 15:49:08;1664552948591;3659.25;1;0;1;3654.0;3653.75
2022.09.30 15:49:08;1664552948647;3659.25;1;0;1;3654.0;3653.75
2022.09.30 15:49:08;1664552948647;3659.25;1;0;1;3654.0;3653.75
2022.09.30 15:49:08;1664552948797;3659.25;1;0;1;3654.0;3653.75
2022.09.30 15:49:08;1664552948824;3659.25;1;0;1;3654.0;3653.75
2022.09.30 15:49:08;1664552948824;3659.25;1;0;1;3654.0;3653.75
2022.09.30 15:49:08;1664552948824;3659.25;1;0;1;3654.0;3653.75
2022.09.30 15:49:08;1664552948824;3659.25;1;0;1;3654.0;3653.75
2022.09.30 15:49:08;1664552948824;3659.25;1;0;1;3654.0;3653.75
2022.09.30 15:49:08;1664552948824;3659.25;1;0;1;3654.0;3653.75
2022.09.30 15:49:08;1664552948824;3659.25;1;0;1;3654.0;3653.75
2022.09.30 15:49:08;1664552948824;3659.25;1;0;1;3654.0;3653.75
2022.09.30 15:49:08;1664552948824;3659.25;3;0;1;3654.0;3653.75
2022.09.30 15:49:08;1664552948824;3659.25;1;0;1;3654.0;3653.75
2022.09.30 15:49:08;1664552948824;3659.25;1;0;1;3654.0;3653.75
2022.09.30 15:49:08;1664552948824;3659.25;3;0;1;3654.0;3653.75
2022.09.30 15:49:08;1664552948824;3659.25;1;0;1;3654.0;3653.75
2022.09.30 15:49:08;1664552948824;3659.25;1;0;1;3654.0;3653.75
2022.09.30 15:49:08;1664552948824;3659.0;4;0;1;3654.0;3653.75
2022.09.30 15:49:08;1664552948824;3659.0;1;0;1;3654.0;3653.75
2022.09.30 15:49:08;1664552948824;3659.0;1;0;1;3654.0;3653.75
2022.09.30 15:49:08;1664552948824;3659.0;1;0;1;3654.0;3653.75
2022.09.30 15:49:08;1664552948824;3659.0;3;0;1;3654.0;3653.75
2022.09.30 15:49:08;1664552948824;3659.0;1;0;1;3654.0;3653.75
2022.09.30 15:49:08;1664552948824;3659.0;1;0;1;3654.0;3653.75
2022.09.30 15:49:08;1664552948824;3659.0;1;0;1;3654.0;3653.75
2022.09.30 15:49:08;1664552948824;3659.0;4;0;1;3654.0;3653.75
2022.09.30 15:49:08;1664552948824;3659.0;4;0;1;3654.0;3653.75
2022.09.30 15:49:08;1664552948824;3659.0;4;0;1;3654.0;3653.75
2022.09.30 15:49:08;1664552948824;3659.0;1;0;1;3654.0;3653.75
2022.09.30 15:49:08;1664552948824;3659.0;1;0;1;3654.0;3653.75
2022.09.30 15:49:08;1664552948825;3659.0;5;0;1;3654.0;3653.75
2022.09.30 15:49:08;1664552948825;3659.0;5;0;0;3654.0;3653.75
2022.09.30 15:49:08;1664552948850;3659.25;1;1;0;3654.0;3653.75
2022.09.30 15:49:08;1664552948850;3659.25;1;1;0;3654.0;3653.75
2022.09.30 15:49:08;1664552948850;3659.25;1;1;0;3654.0;3653.75
2022.09.30 15:49:08;1664552948850;3659.25;1;1;0;3654.0;3653.75
2022.09.30 15:49:08;1664552948850;3659.25;1;1;0;3654.0;3653.75
2022.09.30 15:49:08;1664552948851;3659.25;1;0;0;3654.0;3653.75
2022.09.30 15:49:08;1664552948855;3659.25;1;0;0;3654.0;3653.75
2022.09.30 15:49:08;1664552948921;3659.25;3;0;1;3654.0;3653.75
2022.09.30 15:49:08;1664552948921;3659.25;3;0;1;3654.0;3653.75
2022.09.30 15:49:08;1664552948921;3659.25;1;0;1;3654.0;3653.75
2022.09.30 15:49:08;1664552948921;3659.0;1;0;1;3654.0;3653.75
2022.09.30 15:49:08;1664552948921;3659.0;1;0;1;3654.0;3653.75
2022.09.30 15:49:08;1664552948921;3659.0;2;0;1;3654.0;3653.75
2022.09.30 15:49:08;1664552948921;3659.0;2;0;1;3654.0;3653.75
2022.09.30 15:49:08;1664552948921;3659.0;1;0;1;3654.0;3653.75
2022.09.30 15:49:08;1664552948921;3659.0;5;0;1;3654.0;3653.75
2022.09.30 15:49:08;1664552948921;3659.0;1;0;1;3654.0;3653.75
2022.09.30 15:49:08;1664552948922;3659.0;1;0;1;3654.0;3653.75
2022.09.30 15:49:08;1664552948922;3659.0;3;0;1;3654.0;3653.75
2022.09.30 15:49:08;1664552948922;3659.0;1;0;1;3654.0;3653.75
2022.09.30 15:49:08;1664552948922;3659.0;2;0;1;3654.0;3653.75
2022.09.30 15:49:08;1664552948922;3659.0;1;0;1;3654.0;3653.75
2022.09.30 15:49:08;1664552948922;3659.0;1;0;1;3654.0;3653.75
2022.09.30 15:49:08;1664552948922;3659.0;1;0;1;3654.0;3653.75
2022.09.30 15:49:08;1664552948922;3659.0;3;0;1;3654.0;3653.75
2022.09.30 15:49:08;1664552948922;3659.0;1;0;1;3654.0;3653.75
2022.09.30 15:49:08;1664552948922;3659.0;1;0;1;3654.0;3653.75
2022.09.30 15:49:08;1664552948922;3659.0;1;0;1;3654.0;3653.75
2022.09.30 15:49:08;1664552948922;3659.0;1;0;1;3654.0;3653.75
2022.09.30 15:49:08;1664552948922;3659.0;1;0;1;3654.0;3653.75
2022.09.30 15:49:08;1664552948922;3659.0;1;0;1;3654.0;3653.75
2022.09.30 15:49:08;1664552948922;3659.0;4;0;1;3654.0;3653.75
2022.09.30 15:49:08;1664552948922;3659.0;1;0;1;3654.0;3653.75
2022.09.30 15:49:08;1664552948922;3659.0;1;0;0;3654.0;3653.75
2022.09.30 15:49:08;1664552948973;3659.25;1;1;0;3654.0;3653.75
2022.09.30 15:49:08;1664552948973;3659.25;1;1;0;3654.0;3653.75
2022.09.30 15:49:09;1664552949428;3659.25;3;1;0;3654.0;3653.75
2022.09.30 15:49:09;1664552949428;3659.25;1;1;0;3654.0;3653.75
2022.09.30 15:49:09;1664552949428;3659.25;1;1;0;3654.0;3653.75
2022.09.30 15:49:09;1664552949428;3659.25;1;1;0;3654.0;3653.75
2022.09.30 15:49:09;1664552949428;3659.25;3;1;0;3654.0;3653.75
2022.09.30 15:49:09;1664552949428;3659.25;1;1;0;3654.0;3653.75
2022.09.30 15:49:09;1664552949428;3659.25;1;1;0;3654.0;3653.75
2022.09.30 15:49:09;1664552949428;3659.25;1;1;0;3654.0;3653.75
2022.09.30 15:49:09;1664552949428;3659.25;1;1;0;3654.0;3653.75
2022.09.30 15:49:09;1664552949428;3659.25;1;1;0;3654.0;3653.75
2022.09.30 15:49:09;1664552949428;3659.25;1;0;1;3654.0;3653.75
2022.09.30 15:49:09;1664552949428;3659.25;1;0;1;3654.0;3653.75
2022.09.30 15:49:09;1664552949428;3659.25;1;1;0;3654.0;3653.75
2022.09.30 15:49:09;1664552949428;3659.25;3;1;0;3654.0;3653.75
2022.09.30 15:49:09;1664552949428;3659.25;1;1;0;3654.0;3653.75
2022.09.30 15:49:09;1664552949428;3659.25;1;0;0;3654.0;3653.75
2022.09.30 15:49:09;1664552949431;3659.25;1;0;1;3654.0;3653.75
2022.09.30 15:49:09;1664552949431;3659.25;1;0;0;3654.0;3653.75
2022.09.30 15:49:09;1664552949798;3659.25;1;1;0;3654.0;3653.75
2022.09.30 15:49:09;1664552949799;3659.25;1;1;0;3654.0;3653.75
2022.09.30 15:49:09;1664552949799;3659.25;1;1;0;3654.0;3653.75
2022.09.30 15:49:09;1664552949800;3659.25;1;1;0;3654.0;3653.75
2022.09.30 15:49:09;1664552949800;3659.25;1;1;0;3654.0;3653.75
2022.09.30 15:49:09;1664552949800;3659.25;1;1;0;3654.0;3653.75
2022.09.30 15:49:09;1664552949800;3659.25;1;1;0;3654.0;3653.75
2022.09.30 15:49:09;1664552949800;3659.25;1;1;0;3654.0;3653.75
2022.09.30 15:49:09;1664552949800;3659.25;5;1;0;3654.0;3653.75
2022.09.30 15:49:09;1664552949800;3659.25;5;0;0;3654.0;3653.75
2022.09.30 15:49:09;1664552949800;3659.25;1;0;1;3654.0;3653.75
2022.09.30 15:49:09;1664552949800;3659.25;1;0;1;3654.0;3653.75
2022.09.30 15:49:09;1664552949800;3659.25;1;0;1;3654.0;3653.75
2022.09.30 15:49:09;1664552949800;3659.25;1;0;1;3654.0;3653.75
2022.09.30 15:49:09;1664552949800;3659.25;1;0;1;3654.0;3653.75
2022.09.30 15:49:09;1664552949800;3659.25;2;0;1;3654.0;3653.75
2022.09.30 15:49:09;1664552949800;3659.25;1;0;1;3654.0;3653.75
2022.09.30 15:49:09;1664552949801;3659.25;1;0;1;3654.0;3653.75
2022.09.30 15:49:09;1664552949803;3659.25;1;0;1;3654.0;3653.75
2022.09.30 15:49:09;1664552949803;3659.25;1;0;1;3654.0;3653.75
2022.09.30 15:49:09;1664552949803;3659.25;1;1;0;3654.0;3653.75
2022.09.30 15:49:09;1664552949803;3659.25;1;1;0;3654.0;3653.75
2022.09.30 15:49:09;1664552949803;3659.25;1;1;0;3654.0;3653.75
2022.09.30 15:49:09;1664552949804;3659.25;1;0;0;3654.0;3653.75
2022.09.30 15:49:09;1664552949816;3659.25;1;1;0;3654.0;3653.75
2022.09.30 15:49:09;1664552949816;3659.25;1;1;0;3654.0;3653.75
2022.09.30 15:49:09;1664552949816;3659.25;1;1;0;3654.0;3653.75
2022.09.30 15:49:09;1664552949816;3659.25;1;0;0;3654.0;3653.75
2022.09.30 15:49:09;1664552949828;3659.25;1;0;1;3654.0;3653.75
2022.09.30 15:49:09;1664552949884;3659.25;2;0;1;3654.0;3653.75
2022.09.30 15:49:09;1664552949887;3659.25;1;0;1;3654.0;3653.75
2022.09.30 15:49:09;1664552949887;3659.25;1;0;1;3654.0;3653.75
2022.09.30 15:49:09;1664552949887;3659.25;1;0;1;3654.0;3653.75
2022.09.30 15:49:09;1664552949887;3659.25;1;0;1;3654.0;3653.75
2022.09.30 15:49:09;1664552949887;3659.25;1;0;1;3654.0;3653.75
2022.09.30 15:49:09;1664552949887;3659.25;1;0;0;3654.0;3653.75
2022.09.30 15:49:10;1664552950071;3659.25;1;1;0;3654.0;3653.75
2022.09.30 15:49:10;1664552950071;3659.25;1;1;0;3654.0;3653.75
2022.09.30 15:49:10;1664552950071;3659.25;1;1;0;3654.0;3653.75
2022.09.30 15:49:10;1664552950071;3659.25;1;0;0;3654.0;3653.75
2022.09.30 15:49:10;1664552950073;3659.25;1;0;1;3654.0;3653.75
2022.09.30 15:49:10;1664552950073;3659.25;1;0;1;3654.0;3653.75
2022.09.30 15:49:10;1664552950073;3659.25;2;0;1;3654.0;3653.75
2022.09.30 15:49:10;1664552950073;3659.25;1;0;1;3654.0;3653.75
2022.09.30 15:49:10;1664552950074;3659.25;1;0;1;3654.0;3653.75
2022.09.30 15:49:10;1664552950074;3659.25;1;0;1;3654.0;3653.75
2022.09.30 15:49:10;1664552950074;3659.25;1;0;1;3654.0;3653.75
2022.09.30 15:49:10;1664552950074;3659.25;1;0;0;3654.0;3653.75
2022.09.30 15:49:10;1664552950075;3659.25;3;0;1;3654.0;3653.75
2022.09.30 15:49:10;1664552950076;3659.25;1;1;1;3654.0;3653.75
2022.09.30 15:49:10;1664552950076;3659.25;1;0;1;3654.0;3653.75
2022.09.30 15:49:10;1664552950076;3659.25;2;0;1;3654.0;3653.75
2022.09.30 15:49:10;1664552950076;3659.25;1;0;1;3654.0;3653.75
2022.09.30 15:49:10;1664552950076;3659.25;1;0;1;3654.0;3653.75
2022.09.30 15:49:10;1664552950076;3659.25;1;0;0;3654.0;3653.75
2022.09.30 15:49:10;1664552950170;3659.25;7;0;1;3654.0;3653.75
2022.09.30 15:49:10;1664552950170;3659.25;1;0;1;3654.0;3653.75
2022.09.30 15:49:10;1664552950171;3659.25;1;0;0;3654.0;3653.75
2022.09.30 15:49:10;1664552950276;3659.0;1;0;1;3654.0;3653.75
2022.09.30 15:49:10;1664552950283;3659.25;1;1;0;3654.0;3653.75
2022.09.30 15:49:10;1664552950283;3659.25;1;1;0;3654.0;3653.75
2022.09.30 15:49:10;1664552950283;3659.25;1;1;0;3654.0;3653.75
2022.09.30 15:49:10;1664552950283;3659.25;1;0;0;3654.0;3653.75
2022.09.30 15:49:10;1664552950370;3659.25;1;0;1;3654.0;3653.75
2022.09.30 15:49:10;1664552950454;3659.25;1;0;1;3654.0;3653.75
2022.09.30 15:49:10;1664552950636;3659.25;1;0;1;3654.0;3653.75
2022.09.30 15:49:10;1664552950715;3659.25;1;0;1;3654.0;3653.75
2022.09.30 15:49:10;1664552950715;3659.25;1;0;1;3654.0;3653.75
2022.09.30 15:49:10;1664552950715;3659.25;1;0;1;3654.0;3653.75
2022.09.30 15:49:10;1664552950715;3659.25;1;0;1;3654.0;3653.75
2022.09.30 15:49:10;1664552950715;3659.25;1;0;1;3654.0;3653.75
2022.09.30 15:49:10;1664552950715;3659.25;1;0;1;3654.0;3653.75
2022.09.30 15:49:10;1664552950715;3659.25;1;0;1;3654.0;3653.75
2022.09.30 15:49:10;1664552950716;3659.25;1;0;0;3654.0;3653.75
2022.09.30 15:49:10;1664552950716;3659.25;1;1;0;3654.0;3653.75
2022.09.30 15:49:10;1664552950716;3659.25;1;1;0;3654.0;3653.75
2022.09.30 15:49:10;1664552950716;3659.25;1;0;0;3654.0;3653.75
2022.09.30 15:49:10;1664552950717;3659.25;1;0;0;3654.0;3653.75
2022.09.30 15:49:10;1664552950734;3659.25;1;0;1;3654.0;3653.75
2022.09.30 15:49:10;1664552950734;3659.25;1;0;1;3654.0;3653.75
2022.09.30 15:49:10;1664552950734;3659.25;1;0;0;3654.0;3653.75
2022.09.30 15:49:10;1664552950778;3659.25;1;0;0;3654.0;3653.75
2022.09.30 15:49:10;1664552950820;3659.25;1;0;1;3654.0;3653.75
2022.09.30 15:49:10;1664552950907;3659.25;1;0;1;3654.0;3653.75
2022.09.30 15:49:10;1664552950907;3659.25;1;0;1;3654.0;3653.75
2022.09.30 15:49:10;1664552950907;3659.25;1;0;1;3654.0;3653.75
2022.09.30 15:49:10;1664552950907;3659.25;1;0;1;3654.0;3653.75
2022.09.30 15:49:10;1664552950908;3659.25;1;0;0;3654.0;3653.75
2022.09.30 15:49:10;1664552950938;3659.25;1;0;0;3654.0;3653.75
2022.09.30 15:49:10;1664552950995;3659.25;1;0;1;3654.0;3653.75
2022.09.30 15:49:10;1664552950995;3659.25;1;0;1;3654.0;3653.75
2022.09.30 15:49:10;1664552950996;3659.25;1;0;0;3654.0;3653.75
2022.09.30 15:49:11;1664552951003;3659.0;1;0;1;3654.0;3653.75
2022.09.30 15:49:11;1664552951233;3659.0;1;0;1;3654.0;3653.75
2022.09.30 15:49:11;1664552951374;3659.0;1;0;1;3654.0;3653.75
2022.09.30 15:49:11;1664552951374;3659.0;1;0;1;3654.0;3653.75
2022.09.30 15:49:11;1664552951417;3659.0;1;0;1;3654.0;3653.75
2022.09.30 15:49:11;1664552951417;3659.0;1;0;1;3654.0;3653.75
2022.09.30 15:49:11;1664552951417;3659.0;1;0;1;3654.0;3653.75
2022.09.30 15:49:11;1664552951417;3659.0;3;0;1;3654.0;3653.75
2022.09.30 15:49:11;1664552951418;3659.0;1;0;1;3654.0;3653.75
2022.09.30 15:49:11;1664552951418;3659.0;1;0;1;3654.0;3653.75
2022.09.30 15:49:11;1664552951418;3659.0;1;0;1;3654.0;3653.75
2022.09.30 15:49:11;1664552951418;3659.0;3;0;1;3654.0;3653.75
2022.09.30 15:49:11;1664552951418;3659.0;5;0;1;3654.0;3653.75
2022.09.30 15:49:11;1664552951418;3659.0;2;0;1;3654.0;3653.75
2022.09.30 15:49:11;1664552951418;3659.0;30;0;1;3654.0;3653.75
2022.09.30 15:49:11;1664552951418;3659.0;30;0;0;3654.0;3653.75
2022.09.30 15:49:11;1664552951420;3659.0;1;1;0;3654.0;3653.75
2022.09.30 15:49:11;1664552951420;3659.0;1;1;0;3654.0;3653.75
2022.09.30 15:49:11;1664552951420;3659.0;1;1;0;3654.0;3653.75
2022.09.30 15:49:11;1664552951420;3659.0;2;1;0;3654.0;3653.75
2022.09.30 15:49:11;1664552951420;3659.0;2;1;0;3654.0;3653.75
2022.09.30 15:49:11;1664552951420;3659.0;1;1;0;3654.0;3653.75
2022.09.30 15:49:11;1664552951421;3659.0;1;1;0;3654.0;3653.75
2022.09.30 15:49:11;1664552951421;3659.0;1;1;0;3654.0;3653.75
2022.09.30 15:49:11;1664552951421;3659.0;1;1;0;3654.0;3653.75
2022.09.30 15:49:11;1664552951421;3659.0;1;1;0;3654.0;3653.75
2022.09.30 15:49:11;1664552951421;3659.0;1;1;0;3654.0;3653.75
2022.09.30 15:49:11;1664552951421;3659.0;1;1;0;3654.0;3653.75
2022.09.30 15:49:11;1664552951421;3659.0;1;1;0;3654.0;3653.75
2022.09.30 15:49:11;1664552951421;3659.0;1;1;0;3654.0;3653.75
2022.09.30 15:49:11;1664552951421;3659.0;1;0;0;3654.0;3653.75
2022.09.30 15:49:11;1664552951530;3659.0;1;0;1;3654.0;3653.75
2022.09.30 15:49:11;1664552951571;3659.25;1;1;0;3654.0;3653.75
2022.09.30 15:49:11;1664552951572;3659.25;1;1;0;3654.0;3653.75
2022.09.30 15:49:11;1664552951572;3659.25;1;1;0;3654.0;3653.75
2022.09.30 15:49:11;1664552951572;3659.25;1;1;0;3654.0;3653.75
2022.09.30 15:49:11;1664552951572;3659.25;1;1;0;3654.0;3653.75
2022.09.30 15:49:11;1664552951573;3659.25;1;1;0;3654.0;3653.75
2022.09.30 15:49:11;1664552951573;3659.25;1;1;0;3654.0;3653.75
2022.09.30 15:49:11;1664552951573;3659.25;1;1;0;3654.0;3653.75
2022.09.30 15:49:11;1664552951573;3659.25;1;1;0;3654.0;3653.75
2022.09.30 15:49:11;1664552951573;3659.25;2;1;0;3654.0;3653.75
2022.09.30 15:49:11;1664552951573;3659.25;1;1;0;3654.0;3653.75
2022.09.30 15:49:11;1664552951573;3659.25;1;1;0;3654.0;3653.75
2022.09.30 15:49:11;1664552951574;3659.25;1;1;0;3654.0;3653.75
2022.09.30 15:49:11;1664552951574;3659.25;1;0;0;3654.0;3653.75
2022.09.30 15:49:11;1664552951583;3659.25;1;0;0;3654.0;3653.75
2022.09.30 15:49:11;1664552951698;3659.5;1;1;0;3654.0;3653.75
2022.09.30 15:49:11;1664552951698;3659.5;1;1;0;3654.0;3653.75
2022.09.30 15:49:11;1664552951698;3659.5;1;1;0;3654.0;3653.75
2022.09.30 15:49:11;1664552951698;3659.5;1;1;0;3654.0;3653.75
2022.09.30 15:49:11;1664552951698;3659.5;1;1;0;3654.0;3653.75
2022.09.30 15:49:11;1664552951698;3659.5;1;1;0;3654.0;3653.75
2022.09.30 15:49:11;1664552951698;3659.5;1;1;0;3654.0;3653.75
2022.09.30 15:49:11;1664552951699;3659.5;1;1;0;3654.0;3653.75
2022.09.30 15:49:11;1664552951699;3659.5;1;1;0;3654.0;3653.75
2022.09.30 15:49:11;1664552951699;3659.5;1;1;0;3654.0;3653.75
2022.09.30 15:49:11;1664552951699;3659.5;1;1;0;3654.0;3653.75
2022.09.30 15:49:11;1664552951699;3659.5;1;1;0;3654.0;3653.75
2022.09.30 15:49:11;1664552951699;3659.5;1;1;0;3654.0;3653.75
2022.09.30 15:49:11;1664552951699;3659.5;1;1;0;3654.0;3653.75
2022.09.30 15:49:11;1664552951699;3659.5;1;1;0;3654.0;3653.75
2022.09.30 15:49:11;1664552951700;3659.5;1;0;0;3654.0;3653.75
2022.09.30 15:49:11;1664552951832;3659.5;1;0;1;3654.0;3653.75
2022.09.30 15:49:12;1664552952014;3659.5;1;0;1;3654.0;3653.75
2022.09.30 15:49:12;1664552952014;3659.5;1;0;1;3654.0;3653.75
2022.09.30 15:49:12;1664552952014;3659.5;1;0;1;3654.0;3653.75
2022.09.30 15:49:12;1664552952014;3659.5;5;0;1;3654.0;3653.75
2022.09.30 15:49:12;1664552952014;3659.5;1;0;1;3654.0;3653.75
2022.09.30 15:49:12;1664552952117;3659.5;1;0;1;3654.0;3653.75
2022.09.30 15:49:12;1664552952244;3659.75;1;1;0;3654.0;3653.75
2022.09.30 15:49:12;1664552952245;3659.75;1;1;0;3654.0;3653.75
2022.09.30 15:49:12;1664552952245;3659.75;1;1;0;3654.0;3653.75
2022.09.30 15:49:12;1664552952245;3659.75;1;1;0;3654.0;3653.75
2022.09.30 15:49:12;1664552952245;3659.75;1;1;0;3654.0;3653.75
2022.09.30 15:49:12;1664552952245;3659.75;1;1;0;3654.0;3653.75
2022.09.30 15:49:12;1664552952245;3659.75;1;1;0;3654.0;3653.75
2022.09.30 15:49:12;1664552952245;3659.75;1;0;0;3654.0;3653.75
2022.09.30 15:49:12;1664552952250;3659.75;1;0;1;3654.0;3653.75
2022.09.30 15:49:12;1664552952250;3659.75;1;0;1;3654.0;3653.75
2022.09.30 15:49:12;1664552952250;3659.75;1;0;1;3654.0;3653.75
2022.09.30 15:49:12;1664552952250;3659.75;1;0;1;3654.0;3653.75
2022.09.30 15:49:12;1664552952250;3659.75;1;1;0;3654.0;3653.75
2022.09.30 15:49:12;1664552952250;3659.75;2;1;0;3654.0;3653.75
2022.09.30 15:49:12;1664552952250;3659.75;1;1;0;3654.0;3653.75
2022.09.30 15:49:12;1664552952251;3659.75;1;0;0;3654.0;3653.75
2022.09.30 15:49:12;1664552952407;3659.5;1;0;1;3654.0;3653.75
2022.09.30 15:49:12;1664552952531;3659.5;1;0;1;3654.0;3653.75
2022.09.30 15:49:12;1664552952541;3659.75;1;1;0;3654.0;3653.75
2022.09.30 15:49:12;1664552952542;3659.75;1;1;0;3654.0;3653.75
2022.09.30 15:49:12;1664552952542;3659.75;1;1;0;3654.0;3653.75
2022.09.30 15:49:12;1664552952542;3659.75;1;1;0;3654.0;3653.75
2022.09.30 15:49:12;1664552952542;3659.75;1;1;0;3654.0;3653.75
2022.09.30 15:49:12;1664552952542;3659.75;1;1;0;3654.0;3653.75
2022.09.30 15:49:12;1664552952543;3659.75;1;1;0;3654.0;3653.75
2022.09.30 15:49:12;1664552952543;3659.75;1;0;0;3654.0;3653.75
2022.09.30 15:49:12;1664552952574;3660.0;1;1;0;3654.0;3653.75
2022.09.30 15:49:12;1664552952574;3660.0;2;1;0;3654.0;3653.75
2022.09.30 15:49:12;1664552952574;3660.0;1;1;0;3654.0;3653.75
2022.09.30 15:49:12;1664552952574;3660.0;1;1;0;3654.0;3653.75
2022.09.30 15:49:12;1664552952575;3660.0;1;1;0;3654.0;3653.75
2022.09.30 15:49:12;1664552952575;3660.0;3;1;0;3654.0;3653.75
2022.09.30 15:49:12;1664552952575;3660.0;2;1;0;3654.0;3653.75
2022.09.30 15:49:12;1664552952576;3660.0;1;1;0;3654.0;3653.75
2022.09.30 15:49:12;1664552952576;3660.0;1;1;0;3654.0;3653.75
2022.09.30 15:49:12;1664552952576;3660.0;1;1;0;3654.0;3653.75
2022.09.30 15:49:12;1664552952576;3660.0;4;1;0;3654.0;3653.75
2022.09.30 15:49:12;1664552952576;3660.0;1;1;0;3654.0;3653.75
2022.09.30 15:49:12;1664552952576;3660.0;3;1;0;3654.0;3653.75
2022.09.30 15:49:12;1664552952576;3660.0;1;1;0;3654.0;3653.75
2022.09.30 15:49:12;1664552952576;3660.0;1;1;0;3654.0;3653.75
2022.09.30 15:49:12;1664552952730;3659.75;1;0;1;3654.0;3653.75
2022.09.30 15:49:12;1664552952732;3659.75;1;0;1;3654.0;3653.75
2022.09.30 15:49:12;1664552952732;3659.75;1;0;1;3654.0;3653.75
2022.09.30 15:49:12;1664552952732;3659.75;1;0;1;3654.0;3653.75
2022.09.30 15:49:12;1664552952732;3659.75;1;0;1;3654.0;3653.75
2022.09.30 15:49:12;1664552952732;3659.75;3;0;1;3654.0;3653.75
2022.09.30 15:49:12;1664552952732;3659.75;1;0;1;3654.0;3653.75
2022.09.30 15:49:12;1664552952732;3659.75;1;0;1;3654.0;3653.75
2022.09.30 15:49:12;1664552952732;3659.75;1;0;1;3654.0;3653.75
2022.09.30 15:49:12;1664552952732;3659.75;2;0;1;3654.0;3653.75
2022.09.30 15:49:12;1664552952733;3659.75;1;0;1;3654.0;3653.75
2022.09.30 15:49:12;1664552952733;3659.75;1;0;1;3654.0;3653.75
2022.09.30 15:49:12;1664552952733;3659.75;1;0;0;3654.0;3653.75
2022.09.30 15:49:12;1664552952741;3659.75;3;1;0;3654.0;3653.75
2022.09.30 15:49:12;1664552952741;3659.75;3;1;0;3654.0;3653.75
2022.09.30 15:49:12;1664552952741;3659.75;1;1;0;3654.0;3653.75
2022.09.30 15:49:12;1664552952741;3659.75;1;1;0;3654.0;3653.75
2022.09.30 15:49:12;1664552952741;3659.75;1;1;0;3654.0;3653.75
2022.09.30 15:49:12;1664552952741;3659.75;1;1;0;3654.0;3653.75
2022.09.30 15:49:12;1664552952741;3659.75;1;1;1;3654.0;3653.75
2022.09.30 15:49:12;1664552952741;3659.75;1;1;1;3654.0;3653.75
2022.09.30 15:49:12;1664552952741;3659.75;1;0;0;3654.0;3653.75
2022.09.30 15:49:12;1664552952743;3659.75;1;1;0;3654.0;3653.75
2022.09.30 15:49:12;1664552952743;3659.75;1;0;0;3654.0;3653.75
2022.09.30 15:49:12;1664552952743;3659.75;1;0;1;3654.0;3653.75
2022.09.30 15:49:12;1664552952743;3659.75;1;0;0;3654.0;3653.75
2022.09.30 15:49:12;1664552952745;3659.75;1;0;0;3654.0;3653.75
2022.09.30 15:49:12;1664552952745;3659.75;1;0;0;3654.0;3653.75
2022.09.30 15:49:12;1664552952763;3659.5;1;0;1;3654.0;3653.75
2022.09.30 15:49:12;1664552952806;3659.5;1;0;0;3654.0;3653.75
2022.09.30 15:49:12;1664552952894;3659.75;1;1;0;3654.0;3653.75
2022.09.30 15:49:13;1664552953059;3659.5;1;0;1;3654.0;3653.75
2022.09.30 15:49:13;1664552953078;3659.5;1;0;1;3654.0;3653.75
2022.09.30 15:49:13;1664552953078;3659.5;3;0;1;3654.0;3653.75
2022.09.30 15:49:13;1664552953084;3659.5;1;0;1;3654.0;3653.75
2022.09.30 15:49:13;1664552953086;3659.5;1;0;0;3654.0;3653.75
2022.09.30 15:49:13;1664552953087;3659.5;3;1;0;3654.0;3653.75
2022.09.30 15:49:13;1664552953087;3659.5;3;1;0;3654.0;3653.75
2022.09.30 15:49:13;1664552953087;3659.5;1;1;0;3654.0;3653.75
2022.09.30 15:49:13;1664552953087;3659.5;1;1;0;3654.0;3653.75
2022.09.30 15:49:13;1664552953087;3659.5;1;1;0;3654.0;3653.75
2022.09.30 15:49:13;1664552953087;3659.5;1;0;0;3654.0;3653.75
2022.09.30 15:49:13;1664552953095;3659.5;1;0;0;3654.0;3653.75
2022.09.30 15:49:13;1664552953137;3659.5;3;0;1;3654.0;3653.75
2022.09.30 15:49:13;1664552953138;3659.5;1;0;1;3654.0;3653.75
2022.09.30 15:49:13;1664552953138;3659.5;1;0;1;3654.0;3653.75
2022.09.30 15:49:13;1664552953138;3659.5;2;0;1;3654.0;3653.75
2022.09.30 15:49:13;1664552953138;3659.5;1;0;1;3654.0;3653.75
2022.09.30 15:49:13;1664552953138;3659.5;1;0;1;3654.0;3653.75
2022.09.30 15:49:13;1664552953138;3659.5;1;0;1;3654.0;3653.75
2022.09.30 15:49:13;1664552953138;3659.5;1;0;1;3654.0;3653.75
2022.09.30 15:49:13;1664552953138;3659.5;1;0;0;3654.0;3653.75
2022.09.30 15:49:13;1664552953377;3659.5;1;1;0;3654.0;3653.75
2022.09.30 15:49:13;1664552953579;3659.25;1;0;1;3654.0;3653.75
2022.09.30 15:49:13;1664552953579;3659.25;1;0;1;3654.0;3653.75
2022.09.30 15:49:13;1664552953624;3659.5;1;1;0;3654.0;3653.75
2022.09.30 15:49:13;1664552953624;3659.5;1;1;0;3654.0;3653.75
2022.09.30 15:49:13;1664552953625;3659.5;1;1;0;3654.0;3653.75
2022.09.30 15:49:13;1664552953625;3659.5;1;1;0;3654.0;3653.75
2022.09.30 15:49:13;1664552953625;3659.5;1;1;0;3654.0;3653.75
2022.09.30 15:49:13;1664552953625;3659.5;1;1;0;3654.0;3653.75
2022.09.30 15:49:13;1664552953625;3659.5;1;1;0;3654.0;3653.75
2022.09.30 15:49:13;1664552953625;3659.5;1;1;0;3654.0;3653.75
2022.09.30 15:49:13;1664552953625;3659.5;1;1;0;3654.0;3653.75
2022.09.30 15:49:13;1664552953626;3659.5;1;1;0;3654.0;3653.75
2022.09.30 15:49:13;1664552953626;3659.5;1;1;0;3654.0;3653.75
2022.09.30 15:49:13;1664552953626;3659.5;1;1;0;3654.0;3653.75
2022.09.30 15:49:13;1664552953626;3659.5;4;1;0;3654.0;3653.75
2022.09.30 15:49:13;1664552953626;3659.5;1;1;0;3654.0;3653.75
2022.09.30 15:49:13;1664552953626;3659.5;1;1;0;3654.0;3653.75
2022.09.30 15:49:13;1664552953626;3659.5;1;1;0;3654.0;3653.75
2022.09.30 15:49:13;1664552953626;3659.5;2;1;0;3654.0;3653.75
2022.09.30 15:49:13;1664552953626;3659.5;1;1;0;3654.0;3653.75
2022.09.30 15:49:13;1664552953626;3659.5;1;1;0;3654.0;3653.75
2022.09.30 15:49:13;1664552953626;3659.5;1;0;1;3654.0;3653.75
2022.09.30 15:49:13;1664552953626;3659.5;1;0;1;3654.0;3653.75
2022.09.30 15:49:13;1664552953627;3659.5;1;1;0;3654.0;3653.75
2022.09.30 15:49:13;1664552953627;3659.5;2;1;0;3654.0;3653.75
2022.09.30 15:49:13;1664552953628;3659.5;1;1;0;3654.0;3653.75
2022.09.30 15:49:13;1664552953628;3659.5;1;0;1;3654.0;3653.75
2022.09.30 15:49:13;1664552953711;3659.25;1;0;1;3654.0;3653.75
2022.09.30 15:49:13;1664552953712;3659.25;1;0;1;3654.0;3653.75
2022.09.30 15:49:13;1664552953712;3659.25;1;0;1;3654.0;3653.75
2022.09.30 15:49:13;1664552953712;3659.25;1;0;1;3654.0;3653.75
2022.09.30 15:49:13;1664552953712;3659.25;1;0;1;3654.0;3653.75
2022.09.30 15:49:13;1664552953712;3659.25;1;0;0;3654.0;3653.75
2022.09.30 15:49:13;1664552953712;3659.25;1;1;0;3654.0;3653.75
2022.09.30 15:49:13;1664552953712;3659.25;1;1;0;3654.0;3653.75
2022.09.30 15:49:13;1664552953713;3659.25;1;1;0;3654.0;3653.75
2022.09.30 15:49:13;1664552953713;3659.25;1;1;0;3654.0;3653.75
2022.09.30 15:49:13;1664552953713;3659.25;1;1;0;3654.0;3653.75
2022.09.30 15:49:13;1664552953713;3659.25;3;1;0;3654.0;3653.75
2022.09.30 15:49:13;1664552953713;3659.25;1;1;0;3654.0;3653.75
2022.09.30 15:49:13;1664552953713;3659.25;1;1;0;3654.0;3653.75
2022.09.30 15:49:13;1664552953714;3659.25;1;1;0;3654.0;3653.75
2022.09.30 15:49:13;1664552953731;3659.0;1;0;1;3654.0;3653.75
2022.09.30 15:49:13;1664552953731;3659.0;1;0;0;3654.0;3653.75
2022.09.30 15:49:13;1664552953736;3659.0;1;0;1;3654.0;3653.75
2022.09.30 15:49:13;1664552953737;3659.0;1;0;1;3654.0;3653.75
2022.09.30 15:49:13;1664552953737;3659.0;1;0;1;3654.0;3653.75
2022.09.30 15:49:13;1664552953737;3659.0;2;0;1;3654.0;3653.75
2022.09.30 15:49:13;1664552953737;3659.0;2;0;1;3654.0;3653.75
2022.09.30 15:49:13;1664552953737;3659.0;1;0;1;3654.0;3653.75
2022.09.30 15:49:13;1664552953737;3659.0;3;0;1;3654.0;3653.75
2022.09.30 15:49:13;1664552953737;3659.0;1;0;1;3654.0;3653.75
2022.09.30 15:49:13;1664552953737;3659.0;1;0;1;3654.0;3653.75
2022.09.30 15:49:13;1664552953737;3659.0;1;0;1;3654.0;3653.75
2022.09.30 15:49:13;1664552953737;3659.0;1;0;1;3654.0;3653.75
2022.09.30 15:49:13;1664552953738;3659.0;1;0;0;3654.0;3653.75
2022.09.30 15:49:13;1664552953740;3659.0;1;0;1;3654.0;3653.75
2022.09.30 15:49:13;1664552953742;3659.0;1;0;1;3654.0;3653.75
2022.09.30 15:49:13;1664552953742;3659.0;1;0;1;3654.0;3653.75
2022.09.30 15:49:13;1664552953743;3659.0;1;0;1;3654.0;3653.75
2022.09.30 15:49:13;1664552953743;3659.0;1;0;0;3654.0;3653.75
2022.09.30 15:49:13;1664552953743;3659.0;1;0;0;3654.0;3653.75
2022.09.30 15:49:13;1664552953902;3659.0;2;1;0;3654.0;3653.75
2022.09.30 15:49:13;1664552953902;3659.0;3;1;0;3654.0;3653.75
2022.09.30 15:49:13;1664552953902;3659.0;3;1;0;3654.0;3653.75
2022.09.30 15:49:13;1664552953902;3659.0;1;1;0;3654.0;3653.75
2022.09.30 15:49:13;1664552953902;3659.0;1;1;0;3654.0;3653.75
2022.09.30 15:49:13;1664552953902;3659.0;3;1;0;3654.0;3653.75
2022.09.30 15:49:13;1664552953902;3659.0;1;1;0;3654.0;3653.75
2022.09.30 15:49:13;1664552953902;3659.0;1;1;0;3654.0;3653.75
2022.09.30 15:49:13;1664552953902;3659.0;1;1;0;3654.0;3653.75
2022.09.30 15:49:13;1664552953902;3659.0;3;1;0;3654.0;3653.75
2022.09.30 15:49:13;1664552953902;3659.0;3;0;0;3654.0;3653.75
2022.09.30 15:49:13;1664552953903;3659.0;3;0;0;3654.0;3653.75
2022.09.30 15:49:14;1664552954138;3659.25;1;1;0;3654.0;3653.75
2022.09.30 15:49:14;1664552954237;3659.25;1;1;0;3654.0;3653.75
2022.09.30 15:49:14;1664552954237;3659.25;1;1;0;3654.0;3653.75
2022.09.30 15:49:14;1664552954238;3659.25;1;1;0;3654.0;3653.75
2022.09.30 15:49:14;1664552954238;3659.25;1;1;0;3654.0;3653.75
2022.09.30 15:49:14;1664552954238;3659.25;1;0;0;3654.0;3653.75
2022.09.30 15:49:14;1664552954533;3659.25;3;0;1;3654.0;3653.75
2022.09.30 15:49:14;1664552954533;3659.25;1;0;1;3654.0;3653.75
2022.09.30 15:49:14;1664552954533;3659.25;1;0;1;3654.0;3653.75
2022.09.30 15:49:14;1664552954533;3659.25;2;0;1;3654.0;3653.75
2022.09.30 15:49:14;1664552954533;3659.25;1;0;1;3654.0;3653.75
2022.09.30 15:49:14;1664552954533;3659.25;1;0;1;3654.0;3653.75
2022.09.30 15:49:14;1664552954533;3659.25;1;0;1;3654.0;3653.75
2022.09.30 15:49:14;1664552954533;3659.25;1;0;1;3654.0;3653.75
2022.09.30 15:49:14;1664552954533;3659.25;1;0;1;3654.0;3653.75
2022.09.30 15:49:14;1664552954533;3659.25;1;0;1;3654.0;3653.75
2022.09.30 15:49:14;1664552954534;3659.25;3;0;1;3654.0;3653.75
2022.09.30 15:49:14;1664552954534;3659.25;3;0;0;3654.0;3653.75
2022.09.30 15:49:14;1664552954534;3659.25;3;0;0;3654.0;3653.75
2022.09.30 15:49:14;1664552954596;3659.25;1;0;1;3654.0;3653.75
2022.09.30 15:49:14;1664552954713;3659.25;1;0;1;3654.0;3653.75
2022.09.30 15:49:14;1664552954713;3659.25;1;0;1;3654.0;3653.75
2022.09.30 15:49:14;1664552954713;3659.25;1;0;1;3654.0;3653.75
2022.09.30 15:49:14;1664552954713;3659.25;1;0;0;3654.0;3653.75
2022.09.30 15:49:14;1664552954715;3659.25;1;1;0;3654.0;3653.75
2022.09.30 15:49:14;1664552954715;3659.25;2;1;0;3654.0;3653.75
2022.09.30 15:49:14;1664552954715;3659.25;1;1;0;3654.0;3653.75
2022.09.30 15:49:14;1664552954715;3659.25;1;1;0;3654.0;3653.75
2022.09.30 15:49:14;1664552954715;3659.25;1;1;0;3654.0;3653.75
2022.09.30 15:49:14;1664552954715;3659.25;1;1;0;3654.0;3653.75
2022.09.30 15:49:14;1664552954715;3659.25;1;1;0;3654.0;3653.75
2022.09.30 15:49:14;1664552954715;3659.25;1;1;0;3654.0;3653.75
2022.09.30 15:49:14;1664552954946;3659.0;2;0;1;3654.0;3653.75
2022.09.30 15:49:14;1664552954948;3659.0;2;0;0;3654.0;3653.75
2022.09.30 15:49:14;1664552954950;3659.25;1;1;1;3654.0;3653.75
2022.09.30 15:49:14;1664552954950;3659.25;1;0;1;3654.0;3653.75
2022.09.30 15:49:14;1664552954950;3659.25;1;0;0;3654.0;3653.75
2022.09.30 15:49:14;1664552954961;3659.25;2;1;0;3654.0;3653.75
2022.09.30 15:49:14;1664552954961;3659.25;1;1;0;3654.0;3653.75
2022.09.30 15:49:14;1664552954961;3659.25;1;1;0;3654.0;3653.75
2022.09.30 15:49:14;1664552954961;3659.25;1;1;0;3654.0;3653.75
2022.09.30 15:49:14;1664552954961;3659.25;1;1;0;3654.0;3653.75
2022.09.30 15:49:14;1664552954961;3659.25;1;0;0;3654.0;3653.75
2022.09.30 15:49:14;1664552954976;3659.25;1;0;0;3654.0;3653.75
2022.09.30 15:49:15;1664552955067;3659.25;1;0;0;3654.0;3653.75
2022.09.30 15:49:15;1664552955074;3659.25;1;0;0;3654.0;3653.75
2022.09.30 15:49:15;1664552955093;3659.25;1;0;1;3654.0;3653.75
2022.09.30 15:49:15;1664552955093;3659.25;1;0;1;3654.0;3653.75
2022.09.30 15:49:15;1664552955093;3659.25;1;0;1;3654.0;3653.75
2022.09.30 15:49:15;1664552955096;3659.25;1;0;0;3654.0;3653.75
2022.09.30 15:49:15;1664552955096;3659.25;1;0;0;3654.0;3653.75
2022.09.30 15:49:15;1664552955160;3659.25;1;1;0;3654.0;3653.75
2022.09.30 15:49:15;1664552955161;3659.25;1;0;1;3654.0;3653.75
2022.09.30 15:49:15;1664552955161;3659.25;2;0;1;3654.0;3653.75
2022.09.30 15:49:15;1664552955161;3659.25;4;0;1;3654.0;3653.75
2022.09.30 15:49:15;1664552955161;3659.25;1;0;1;3654.0;3653.75
2022.09.30 15:49:15;1664552955161;3659.25;1;0;1;3654.0;3653.75
2022.09.30 15:49:15;1664552955161;3659.25;1;0;1;3654.0;3653.75
2022.09.30 15:49:15;1664552955162;3659.25;1;0;1;3654.0;3653.75
2022.09.30 15:49:15;1664552955162;3659.25;1;1;0;3654.0;3653.75
2022.09.30 15:49:15;1664552955363;3659.25;1;1;0;3654.0;3653.75
2022.09.30 15:49:15;1664552955363;3659.25;1;1;0;3654.0;3653.75
2022.09.30 15:49:15;1664552955380;3659.25;1;1;0;3654.0;3653.75
2022.09.30 15:49:15;1664552955381;3659.25;1;0;0;3654.0;3653.75
2022.09.30 15:49:15;1664552955381;3659.25;1;0;0;3654.0;3653.75
2022.09.30 15:49:15;1664552955683;3659.25;1;0;1;3654.0;3653.75
2022.09.30 15:49:15;1664552955683;3659.25;1;0;1;3654.0;3653.75
2022.09.30 15:49:15;1664552955683;3659.25;1;0;0;3654.0;3653.75
2022.09.30 15:49:15;1664552955685;3659.25;1;1;0;3654.0;3653.75
2022.09.30 15:49:15;1664552955685;3659.25;1;1;0;3654.0;3653.75
2022.09.30 15:49:15;1664552955685;3659.25;1;1;0;3654.0;3653.75
2022.09.30 15:49:15;1664552955685;3659.25;1;0;0;3654.0;3653.75
2022.09.30 15:49:15;1664552955693;3659.25;1;0;1;3654.0;3653.75
2022.09.30 15:49:15;1664552955693;3659.25;1;0;0;3654.0;3653.75
2022.09.30 15:49:15;1664552955702;3659.25;1;1;0;3654.0;3653.75
2022.09.30 15:49:15;1664552955702;3659.25;1;1;0;3654.0;3653.75
2022.09.30 15:49:15;1664552955702;3659.25;1;1;0;3654.0;3653.75
2022.09.30 15:49:15;1664552955702;3659.25;1;1;0;3654.0;3653.75
2022.09.30 15:49:15;1664552955702;3659.25;1;1;0;3654.0;3653.75
2022.09.30 15:49:15;1664552955702;3659.25;1;0;0;3654.0;3653.75
2022.09.30 15:49:15;1664552955702;3659.25;1;0;0;3654.0;3653.75
2022.09.30 15:49:15;1664552955703;3659.25;1;0;1;3654.0;3653.75
2022.09.30 15:49:15;1664552955703;3659.25;1;0;1;3654.0;3653.75
2022.09.30 15:49:15;1664552955712;3659.25;1;0;1;3654.0;3653.75
2022.09.30 15:49:15;1664552955712;3659.25;1;0;0;3654.0;3653.75
2022.09.30 15:49:15;1664552955760;3659.25;1;0;0;3654.0;3653.75
2022.09.30 15:49:15;1664552955932;3659.25;1;1;0;3654.0;3653.75
2022.09.30 15:49:15;1664552955932;3659.0;1;0;1;3654.0;3653.75
2022.09.30 15:49:15;1664552955932;3659.0;3;0;1;3654.0;3653.75
2022.09.30 15:49:15;1664552955932;3659.0;2;0;1;3654.0;3653.75
2022.09.30 15:49:15;1664552955932;3659.25;1;1;0;3654.0;3653.75
2022.09.30 15:49:15;1664552955932;3659.25;1;1;0;3654.0;3653.75
2022.09.30 15:49:15;1664552955932;3659.25;1;1;0;3654.0;3653.75
2022.09.30 15:49:15;1664552955932;3659.25;1;0;1;3654.0;3653.75
2022.09.30 15:49:15;1664552955932;3659.25;1;1;0;3654.0;3653.75
2022.09.30 15:49:15;1664552955932;3659.25;2;0;1;3654.0;3653.75
2022.09.30 15:49:15;1664552955932;3659.25;1;1;0;3654.0;3653.75
2022.09.30 15:49:15;1664552955932;3659.25;1;0;1;3654.0;3653.75
2022.09.30 15:49:16;1664552956236;3659.0;2;0;1;3654.0;3653.75
2022.09.30 15:49:16;1664552956236;3659.0;4;0;1;3654.0;3653.75
2022.09.30 15:49:16;1664552956236;3659.0;1;0;1;3654.0;3653.75
2022.09.30 15:49:16;1664552956236;3659.0;1;0;1;3654.0;3653.75
2022.09.30 15:49:16;1664552956236;3659.0;1;0;1;3654.0;3653.75
2022.09.30 15:49:16;1664552956236;3659.0;3;0;1;3654.0;3653.75
2022.09.30 15:49:16;1664552956236;3659.0;1;0;1;3654.0;3653.75
2022.09.30 15:49:16;1664552956236;3659.0;1;0;1;3654.0;3653.75
2022.09.30 15:49:16;1664552956236;3659.0;1;0;1;3654.0;3653.75
2022.09.30 15:49:16;1664552956236;3659.0;3;0;1;3654.0;3653.75
2022.09.30 15:49:16;1664552956236;3659.0;1;0;1;3654.0;3653.75
2022.09.30 15:49:16;1664552956236;3659.0;1;0;1;3654.0;3653.75
2022.09.30 15:49:16;1664552956236;3659.0;1;0;1;3654.0;3653.75
2022.09.30 15:49:16;1664552956236;3659.0;1;0;1;3654.0;3653.75
2022.09.30 15:49:16;1664552956236;3659.0;1;0;1;3654.0;3653.75
2022.09.30 15:49:16;1664552956236;3659.0;4;0;1;3654.0;3653.75
2022.09.30 15:49:16;1664552956237;3659.0;1;0;1;3654.0;3653.75
2022.09.30 15:49:16;1664552956237;3659.0;1;0;1;3654.0;3653.75
2022.09.30 15:49:16;1664552956237;3659.0;1;0;1;3654.0;3653.75
2022.09.30 15:49:16;1664552956237;3659.0;2;0;1;3654.0;3653.75
2022.09.30 15:49:16;1664552956237;3659.0;1;0;1;3654.0;3653.75
2022.09.30 15:49:16;1664552956237;3659.0;1;0;1;3654.0;3653.75
2022.09.30 15:49:16;1664552956237;3659.0;1;0;1;3654.0;3653.75
2022.09.30 15:49:16;1664552956237;3658.75;2;0;1;3654.0;3653.75
2022.09.30 15:49:16;1664552956237;3658.75;1;0;1;3654.0;3653.75
2022.09.30 15:49:16;1664552956237;3658.75;2;0;1;3654.0;3653.75
2022.09.30 15:49:16;1664552956237;3658.75;1;0;1;3654.0;3653.75
2022.09.30 15:49:16;1664552956237;3658.75;1;0;1;3654.0;3653.75
2022.09.30 15:49:16;1664552956237;3658.75;1;0;1;3654.0;3653.75
2022.09.30 15:49:16;1664552956237;3658.75;1;0;1;3654.0;3653.75
2022.09.30 15:49:16;1664552956238;3658.75;1;0;1;3654.0;3653.75
2022.09.30 15:49:16;1664552956238;3658.75;1;0;1;3654.0;3653.75
2022.09.30 15:49:16;1664552956238;3658.75;1;0;1;3654.0;3653.75
2022.09.30 15:49:16;1664552956240;3658.75;1;0;1;3654.0;3653.75
2022.09.30 15:49:16;1664552956240;3658.75;1;0;1;3654.0;3653.75
2022.09.30 15:49:16;1664552956241;3658.75;1;0;1;3654.0;3653.75
2022.09.30 15:49:16;1664552956242;3658.75;1;0;1;3654.0;3653.75
2022.09.30 15:49:16;1664552956242;3658.75;1;0;0;3654.0;3653.75
2022.09.30 15:49:16;1664552956243;3659.0;1;1;0;3654.0;3653.75
2022.09.30 15:49:16;1664552956243;3659.0;1;1;0;3654.0;3653.75
2022.09.30 15:49:16;1664552956243;3659.0;1;1;0;3654.0;3653.75
2022.09.30 15:49:16;1664552956243;3659.0;1;1;0;3654.0;3653.75
2022.09.30 15:49:16;1664552956243;3659.0;1;1;0;3654.0;3653.75
2022.09.30 15:49:16;1664552956243;3659.0;1;1;0;3654.0;3653.75
2022.09.30 15:49:16;1664552956243;3659.0;1;1;0;3654.0;3653.75
2022.09.30 15:49:16;1664552956243;3659.0;1;1;0;3654.0;3653.75
2022.09.30 15:49:16;1664552956243;3659.0;1;1;0;3654.0;3653.75
2022.09.30 15:49:16;1664552956243;3659.0;1;1;0;3654.0;3653.75
2022.09.30 15:49:16;1664552956243;3659.0;1;1;0;3654.0;3653.75
2022.09.30 15:49:16;1664552956243;3659.0;2;1;0;3654.0;3653.75
2022.09.30 15:49:16;1664552956244;3659.0;1;1;0;3654.0;3653.75
2022.09.30 15:49:16;1664552956244;3659.0;1;0;0;3654.0;3653.75
2022.09.30 15:49:16;1664552956251;3659.0;1;0;0;3654.0;3653.75
2022.09.30 15:49:16;1664552956330;3659.0;2;0;1;3654.0;3653.75
2022.09.30 15:49:16;1664552956371;3659.0;3;0;1;3654.0;3653.75
2022.09.30 15:49:16;1664552956371;3659.0;1;0;1;3654.0;3653.75
2022.09.30 15:49:16;1664552956371;3659.0;1;0;1;3654.0;3653.75
2022.09.30 15:49:16;1664552956371;3659.0;1;0;1;3654.0;3653.75
2022.09.30 15:49:16;1664552956371;3659.0;2;0;1;3654.0;3653.75
2022.09.30 15:49:16;1664552956371;3659.0;1;0;1;3654.0;3653.75
2022.09.30 15:49:16;1664552956371;3659.0;2;1;0;3654.0;3653.75
2022.09.30 15:49:16;1664552956371;3659.0;1;1;0;3654.0;3653.75
2022.09.30 15:49:16;1664552956372;3659.0;1;1;0;3654.0;3653.75
2022.09.30 15:49:16;1664552956372;3659.0;1;1;0;3654.0;3653.75
2022.09.30 15:49:16;1664552956372;3659.0;1;0;0;3654.0;3653.75
2022.09.30 15:49:16;1664552956372;3659.0;1;0;0;3654.0;3653.75
2022.09.30 15:49:16;1664552956530;3659.0;1;0;1;3654.0;3653.75
2022.09.30 15:49:16;1664552956563;3659.0;1;0;1;3654.0;3653.75
2022.09.30 15:49:16;1664552956563;3659.0;1;0;1;3654.0;3653.75
2022.09.30 15:49:16;1664552956563;3659.0;1;0;1;3654.0;3653.75
2022.09.30 15:49:16;1664552956563;3659.0;1;0;1;3654.0;3653.75
2022.09.30 15:49:16;1664552956563;3659.0;1;0;1;3654.0;3653.75
2022.09.30 15:49:16;1664552956563;3659.0;1;0;1;3654.0;3653.75
2022.09.30 15:49:16;1664552956563;3659.0;1;0;1;3654.0;3653.75
2022.09.30 15:49:16;1664552956563;3659.0;3;0;1;3654.0;3653.75
2022.09.30 15:49:16;1664552956563;3659.0;2;0;1;3654.0;3653.75
2022.09.30 15:49:16;1664552956563;3659.0;1;0;1;3654.0;3653.75
2022.09.30 15:49:16;1664552956563;3658.75;1;0;1;3654.0;3653.75
2022.09.30 15:49:16;1664552956563;3658.75;1;0;1;3654.0;3653.75
2022.09.30 15:49:16;1664552956563;3658.75;2;0;1;3654.0;3653.75
2022.09.30 15:49:16;1664552956563;3658.75;1;0;1;3654.0;3653.75
2022.09.30 15:49:16;1664552956563;3658.75;4;0;1;3654.0;3653.75
2022.09.30 15:49:16;1664552956563;3658.75;1;0;1;3654.0;3653.75
2022.09.30 15:49:16;1664552956563;3658.75;1;0;1;3654.0;3653.75
2022.09.30 15:49:16;1664552956563;3658.75;1;0;1;3654.0;3653.75
2022.09.30 15:49:16;1664552956563;3658.75;1;0;1;3654.0;3653.75
2022.09.30 15:49:16;1664552956563;3658.75;1;0;1;3654.0;3653.75
2022.09.30 15:49:16;1664552956563;3658.75;3;0;1;3654.0;3653.75
2022.09.30 15:49:16;1664552956563;3658.75;3;0;1;3654.0;3653.75
2022.09.30 15:49:16;1664552956564;3658.75;1;0;1;3654.0;3653.75
2022.09.30 15:49:16;1664552956564;3658.75;1;0;1;3654.0;3653.75
2022.09.30 15:49:16;1664552956564;3658.75;1;0;1;3654.0;3653.75
2022.09.30 15:49:16;1664552956564;3658.75;5;0;1;3654.0;3653.75
2022.09.30 15:49:16;1664552956564;3658.75;2;0;1;3654.0;3653.75
2022.09.30 15:49:16;1664552956564;3658.75;2;0;1;3654.0;3653.75
2022.09.30 15:49:16;1664552956564;3658.75;3;0;1;3654.0;3653.75
2022.09.30 15:49:16;1664552956564;3658.75;2;0;1;3654.0;3653.75
2022.09.30 15:49:16;1664552956564;3658.75;8;0;1;3654.0;3653.75
2022.09.30 15:49:16;1664552956564;3658.75;1;0;1;3654.0;3653.75
2022.09.30 15:49:16;1664552956564;3658.75;1;0;1;3654.0;3653.75
2022.09.30 15:49:16;1664552956564;3658.75;3;0;1;3654.0;3653.75
2022.09.30 15:49:16;1664552956564;3658.75;1;0;1;3654.0;3653.75
2022.09.30 15:49:16;1664552956564;3658.75;1;0;1;3654.0;3653.75
2022.09.30 15:49:16;1664552956564;3658.75;1;0;1;3654.0;3653.75
2022.09.30 15:49:16;1664552956564;3658.75;3;0;1;3654.0;3653.75
2022.09.30 15:49:16;1664552956564;3658.75;3;0;1;3654.0;3653.75
2022.09.30 15:49:16;1664552956564;3658.75;2;0;1;3654.0;3653.75
2022.09.30 15:49:16;1664552956564;3658.75;1;0;1;3654.0;3653.75
2022.09.30 15:49:16;1664552956564;3658.75;1;0;1;3654.0;3653.75
2022.09.30 15:49:16;1664552956564;3658.5;1;0;1;3654.0;3653.75
2022.09.30 15:49:16;1664552956564;3658.5;2;0;1;3654.0;3653.75
2022.09.30 15:49:16;1664552956564;3658.5;5;0;1;3654.0;3653.75
2022.09.30 15:49:16;1664552956564;3658.5;1;0;1;3654.0;3653.75
2022.09.30 15:49:16;1664552956564;3658.5;1;0;1;3654.0;3653.75
2022.09.30 15:49:16;1664552956564;3658.5;1;0;1;3654.0;3653.75
2022.09.30 15:49:16;1664552956564;3658.5;1;0;1;3654.0;3653.75
2022.09.30 15:49:16;1664552956564;3658.5;1;0;1;3654.0;3653.75
2022.09.30 15:49:16;1664552956564;3658.5;2;0;1;3654.0;3653.75
2022.09.30 15:49:16;1664552956564;3658.5;2;0;1;3654.0;3653.75
2022.09.30 15:49:16;1664552956564;3658.5;1;0;1;3654.0;3653.75
2022.09.30 15:49:16;1664552956564;3658.5;1;0;1;3654.0;3653.75
2022.09.30 15:49:16;1664552956564;3658.5;2;0;1;3654.0;3653.75
2022.09.30 15:49:16;1664552956564;3658.5;1;0;1;3654.0;3653.75
2022.09.30 15:49:16;1664552956564;3658.5;1;0;1;3654.0;3653.75
2022.09.30 15:49:16;1664552956564;3658.5;1;0;1;3654.0;3653.75
2022.09.30 15:49:16;1664552956564;3658.5;4;0;1;3654.0;3653.75
2022.09.30 15:49:16;1664552956565;3658.5;1;0;1;3654.0;3653.75
2022.09.30 15:49:16;1664552956565;3658.5;1;0;1;3654.0;3653.75
2022.09.30 15:49:16;1664552956565;3658.5;1;0;1;3654.0;3653.75
2022.09.30 15:49:16;1664552956565;3658.5;1;0;1;3654.0;3653.75
2022.09.30 15:49:16;1664552956565;3658.5;2;0;1;3654.0;3653.75
2022.09.30 15:49:16;1664552956565;3658.5;1;0;1;3654.0;3653.75
2022.09.30 15:49:16;1664552956565;3658.5;1;0;1;3654.0;3653.75
2022.09.30 15:49:16;1664552956565;3658.5;1;0;1;3654.0;3653.75
2022.09.30 15:49:16;1664552956565;3658.5;1;0;1;3654.0;3653.75
2022.09.30 15:49:16;1664552956565;3658.5;1;0;1;3654.0;3653.75
2022.09.30 15:49:16;1664552956565;3658.5;1;0;1;3654.0;3653.75
2022.09.30 15:49:16;1664552956565;3658.5;1;0;1;3654.0;3653.75
2022.09.30 15:49:16;1664552956565;3658.5;1;0;1;3654.0;3653.75
2022.09.30 15:49:16;1664552956565;3658.5;1;0;1;3654.0;3653.75
2022.09.30 15:49:16;1664552956565;3658.5;1;0;1;3654.0;3653.75
2022.09.30 15:49:16;1664552956565;3658.5;1;0;1;3654.0;3653.75
2022.09.30 15:49:16;1664552956565;3658.5;2;0;1;3654.0;3653.75
2022.09.30 15:49:16;1664552956565;3658.5;1;0;1;3654.0;3653.75
2022.09.30 15:49:16;1664552956565;3658.5;1;0;1;3654.0;3653.75
2022.09.30 15:49:16;1664552956565;3658.5;1;0;0;3654.0;3653.75
2022.09.30 15:49:16;1664552956565;3658.75;2;1;0;3654.0;3653.75
2022.09.30 15:49:16;1664552956565;3658.75;3;1;0;3654.0;3653.75
2022.09.30 15:49:16;1664552956565;3658.75;1;1;0;3654.0;3653.75
2022.09.30 15:49:16;1664552956565;3658.75;1;1;0;3654.0;3653.75
2022.09.30 15:49:16;1664552956565;3658.75;1;1;0;3654.0;3653.75
2022.09.30 15:49:16;1664552956565;3658.75;1;1;0;3654.0;3653.75
2022.09.30 15:49:16;1664552956566;3658.75;1;1;0;3654.0;3653.75
2022.09.30 15:49:16;1664552956566;3658.75;2;1;0;3654.0;3653.75
2022.09.30 15:49:16;1664552956566;3658.75;1;1;0;3654.0;3653.75
2022.09.30 15:49:16;1664552956566;3658.75;1;0;0;3654.0;3653.75
2022.09.30 15:49:16;1664552956575;3658.75;3;0;1;3654.0;3653.75
2022.09.30 15:49:16;1664552956575;3658.75;1;0;1;3654.0;3653.75
2022.09.30 15:49:16;1664552956575;3658.75;4;0;1;3654.0;3653.75
2022.09.30 15:49:16;1664552956575;3658.75;1;0;1;3654.0;3653.75
2022.09.30 15:49:16;1664552956575;3658.75;1;0;1;3654.0;3653.75
2022.09.30 15:49:16;1664552956575;3658.75;1;0;1;3654.0;3653.75
2022.09.30 15:49:16;1664552956576;3658.75;1;0;1;3654.0;3653.75
2022.09.30 15:49:16;1664552956576;3658.75;1;0;1;3654.0;3653.75
2022.09.30 15:49:16;1664552956576;3658.75;1;0;1;3654.0;3653.75
2022.09.30 15:49:16;1664552956576;3658.75;1;0;1;3654.0;3653.75
2022.09.30 15:49:16;1664552956576;3658.75;1;0;1;3654.0;3653.75
2022.09.30 15:49:16;1664552956576;3658.75;1;0;1;3654.0;3653.75
2022.09.30 15:49:16;1664552956576;3658.75;1;0;1;3654.0;3653.75
2022.09.30 15:49:16;1664552956576;3658.75;4;0;1;3654.0;3653.75
2022.09.30 15:49:16;1664552956576;3658.75;1;0;1;3654.0;3653.75
2022.09.30 15:49:16;1664552956576;3658.75;1;0;1;3654.0;3653.75
2022.09.30 15:49:16;1664552956576;3658.75;1;0;1;3654.0;3653.75
2022.09.30 15:49:16;1664552956576;3658.75;1;0;1;3654.0;3653.75
2022.09.30 15:49:16;1664552956577;3658.75;1;0;0;3654.0;3653.75
2022.09.30 15:49:16;1664552956598;3658.75;1;1;0;3654.0;3653.75
2022.09.30 15:49:16;1664552956598;3658.75;1;1;0;3654.0;3653.75
2022.09.30 15:49:16;1664552956598;3658.75;1;1;0;3654.0;3653.75
2022.09.30 15:49:16;1664552956599;3658.75;1;1;0;3654.0;3653.75
2022.09.30 15:49:16;1664552956599;3658.75;1;1;0;3654.0;3653.75
2022.09.30 15:49:16;1664552956599;3658.75;1;1;0;3654.0;3653.75
2022.09.30 15:49:16;1664552956599;3658.75;1;0;0;3654.0;3653.75
2022.09.30 15:49:16;1664552956629;3658.75;1;0;0;3654.0;3653.75
2022.09.30 15:49:16;1664552956633;3658.75;1;0;1;3654.0;3653.75
2022.09.30 15:49:16;1664552956633;3658.75;1;0;1;3654.0;3653.75
2022.09.30 15:49:16;1664552956680;3658.75;1;0;1;3654.0;3653.75
2022.09.30 15:49:16;1664552956680;3658.75;1;0;1;3654.0;3653.75
2022.09.30 15:49:16;1664552956680;3658.75;1;0;1;3654.0;3653.75
2022.09.30 15:49:16;1664552956680;3658.75;1;0;1;3654.0;3653.75
2022.09.30 15:49:16;1664552956680;3658.75;1;0;1;3654.0;3653.75
2022.09.30 15:49:16;1664552956680;3658.75;1;0;1;3654.0;3653.75
2022.09.30 15:49:16;1664552956680;3658.75;1;0;1;3654.0;3653.75
2022.09.30 15:49:16;1664552956681;3658.75;1;0;0;3654.0;3653.75
2022.09.30 15:49:16;1664552956686;3658.75;1;1;0;3654.0;3653.75
2022.09.30 15:49:17;1664552957071;3658.75;1;1;0;3654.0;3653.75
2022.09.30 15:49:17;1664552957318;3658.75;1;1;0;3654.0;3653.75
2022.09.30 15:49:17;1664552957318;3658.75;5;1;0;3654.0;3653.75
2022.09.30 15:49:17;1664552957318;3658.75;4;1;0;3654.0;3653.75
2022.09.30 15:49:17;1664552957318;3658.75;1;1;0;3654.0;3653.75
2022.09.30 15:49:17;1664552957318;3658.75;1;1;0;3654.0;3653.75
2022.09.30 15:49:17;1664552957318;3658.75;3;1;0;3654.0;3653.75
2022.09.30 15:49:17;1664552957319;3658.75;1;1;0;3654.0;3653.75
2022.09.30 15:49:17;1664552957319;3658.75;1;1;0;3654.0;3653.75
2022.09.30 15:49:17;1664552957319;3658.75;2;1;0;3654.0;3653.75
2022.09.30 15:49:17;1664552957319;3658.75;2;0;0;3654.0;3653.75
2022.09.30 15:49:17;1664552957323;3658.75;2;0;1;3654.0;3653.75
2022.09.30 15:49:17;1664552957337;3658.75;1;0;1;3654.0;3653.75
2022.09.30 15:49:17;1664552957337;3658.75;1;0;1;3654.0;3653.75
2022.09.30 15:49:17;1664552957337;3658.75;1;0;1;3654.0;3653.75
2022.09.30 15:49:17;1664552957337;3658.75;1;0;1;3654.0;3653.75
2022.09.30 15:49:17;1664552957337;3658.75;1;0;0;3654.0;3653.75
2022.09.30 15:49:17;1664552957450;3658.5;2;0;1;3654.0;3653.75
2022.09.30 15:49:17;1664552957451;3658.5;1;0;1;3654.0;3653.75
2022.09.30 15:49:17;1664552957490;3658.5;1;0;1;3654.0;3653.75
2022.09.30 15:49:17;1664552957541;3658.5;1;0;1;3654.0;3653.75
2022.09.30 15:49:17;1664552957644;3658.5;1;0;1;3654.0;3653.75
2022.09.30 15:49:17;1664552957644;3658.5;1;0;1;3654.0;3653.75
2022.09.30 15:49:17;1664552957701;3658.5;7;0;1;3654.0;3653.75
2022.09.30 15:49:17;1664552957701;3658.5;2;0;1;3654.0;3653.75
2022.09.30 15:49:17;1664552957701;3658.5;1;0;1;3654.0;3653.75
2022.09.30 15:49:17;1664552957702;3658.5;1;0;1;3654.0;3653.75
2022.09.30 15:49:17;1664552957702;3658.5;3;0;1;3654.0;3653.75
2022.09.30 15:49:17;1664552957702;3658.5;1;0;1;3654.0;3653.75
2022.09.30 15:49:17;1664552957702;3658.5;1;0;1;3654.0;3653.75
2022.09.30 15:49:17;1664552957702;3658.5;1;0;1;3654.0;3653.75
2022.09.30 15:49:17;1664552957702;3658.5;2;0;1;3654.0;3653.75
2022.09.30 15:49:17;1664552957702;3658.5;3;0;1;3654.0;3653.75
2022.09.30 15:49:17;1664552957702;3658.5;1;0;1;3654.0;3653.75
2022.09.30 15:49:17;1664552957702;3658.5;1;0;1;3654.0;3653.75
2022.09.30 15:49:17;1664552957702;3658.5;3;0;1;3654.0;3653.75
2022.09.30 15:49:17;1664552957702;3658.5;3;0;1;3654.0;3653.75
2022.09.30 15:49:17;1664552957702;3658.5;1;0;1;3654.0;3653.75
2022.09.30 15:49:17;1664552957702;3658.5;1;0;1;3654.0;3653.75
2022.09.30 15:49:17;1664552957702;3658.5;1;0;1;3654.0;3653.75
2022.09.30 15:49:17;1664552957702;3658.5;4;0;1;3654.0;3653.75
2022.09.30 15:49:17;1664552957702;3658.25;1;0;1;3654.0;3653.75
2022.09.30 15:49:17;1664552957702;3658.25;2;0;1;3654.0;3653.75
2022.09.30 15:49:17;1664552957702;3658.25;6;0;1;3654.0;3653.75
2022.09.30 15:49:17;1664552957702;3658.25;1;0;1;3654.0;3653.75
2022.09.30 15:49:17;1664552957702;3658.25;1;0;1;3654.0;3653.75
2022.09.30 15:49:17;1664552957702;3658.25;1;0;1;3654.0;3653.75
2022.09.30 15:49:17;1664552957702;3658.25;1;0;1;3654.0;3653.75
2022.09.30 15:49:17;1664552957702;3658.25;2;0;1;3654.0;3653.75
2022.09.30 15:49:17;1664552957702;3658.25;2;0;1;3654.0;3653.75
2022.09.30 15:49:17;1664552957702;3658.25;1;0;1;3654.0;3653.75
2022.09.30 15:49:17;1664552957702;3658.25;2;0;1;3654.0;3653.75
2022.09.30 15:49:17;1664552957702;3658.25;1;0;1;3654.0;3653.75
2022.09.30 15:49:17;1664552957702;3658.25;1;0;1;3654.0;3653.75
2022.09.30 15:49:17;1664552957702;3658.25;1;0;1;3654.0;3653.75
2022.09.30 15:49:17;1664552957702;3658.25;1;0;1;3654.0;3653.75
2022.09.30 15:49:17;1664552957702;3658.25;1;0;1;3654.0;3653.75
2022.09.30 15:49:17;1664552957702;3658.25;1;0;1;3654.0;3653.75
2022.09.30 15:49:17;1664552957702;3658.25;4;0;1;3654.0;3653.75
2022.09.30 15:49:17;1664552957702;3658.25;1;0;1;3654.0;3653.75
2022.09.30 15:49:17;1664552957704;3658.25;1;0;1;3654.0;3653.75
2022.09.30 15:49:17;1664552957704;3658.25;1;0;1;3654.0;3653.75
2022.09.30 15:49:17;1664552957704;3658.25;4;0;1;3654.0;3653.75
2022.09.30 15:49:17;1664552957704;3658.25;2;0;1;3654.0;3653.75
2022.09.30 15:49:17;1664552957704;3658.25;1;0;1;3654.0;3653.75
2022.09.30 15:49:17;1664552957704;3658.25;1;0;1;3654.0;3653.75
2022.09.30 15:49:17;1664552957704;3658.25;1;0;1;3654.0;3653.75
2022.09.30 15:49:17;1664552957704;3658.25;1;0;1;3654.0;3653.75
2022.09.30 15:49:17;1664552957704;3658.25;1;0;1;3654.0;3653.75
2022.09.30 15:49:17;1664552957704;3658.25;1;0;1;3654.0;3653.75
2022.09.30 15:49:17;1664552957704;3658.25;1;0;1;3654.0;3653.75
2022.09.30 15:49:17;1664552957704;3658.25;1;0;1;3654.0;3653.75
2022.09.30 15:49:17;1664552957704;3658.25;1;0;1;3654.0;3653.75
2022.09.30 15:49:17;1664552957704;3658.25;1;0;1;3654.0;3653.75
2022.09.30 15:49:17;1664552957704;3658.25;1;0;0;3654.0;3653.75
2022.09.30 15:49:17;1664552957713;3658.5;1;1;0;3654.0;3653.75
2022.09.30 15:49:17;1664552957795;3658.25;2;0;1;3654.0;3653.75
2022.09.30 15:49:17;1664552957795;3658.25;1;0;1;3654.0;3653.75
2022.09.30 15:49:17;1664552957795;3658.25;1;0;1;3654.0;3653.75
2022.09.30 15:49:17;1664552957795;3658.25;1;0;1;3654.0;3653.75
2022.09.30 15:49:17;1664552957795;3658.25;1;0;1;3654.0;3653.75
2022.09.30 15:49:17;1664552957795;3658.25;1;0;1;3654.0;3653.75
2022.09.30 15:49:17;1664552957795;3658.25;1;0;1;3654.0;3653.75
2022.09.30 15:49:17;1664552957795;3658.25;1;0;1;3654.0;3653.75
2022.09.30 15:49:17;1664552957795;3658.25;1;0;1;3654.0;3653.75
2022.09.30 15:49:17;1664552957796;3658.25;1;0;0;3654.0;3653.75
2022.09.30 15:49:17;1664552957799;3658.25;3;1;0;3654.0;3653.75
2022.09.30 15:49:17;1664552957799;3658.25;1;1;0;3654.0;3653.75
2022.09.30 15:49:17;1664552957871;3658.0;1;0;1;3654.0;3653.75
2022.09.30 15:49:17;1664552957871;3658.0;2;0;1;3654.0;3653.75
2022.09.30 15:49:17;1664552957871;3658.0;1;0;1;3654.0;3653.75
2022.09.30 15:49:17;1664552957871;3658.0;2;0;1;3654.0;3653.75
2022.09.30 15:49:17;1664552957871;3658.0;2;0;1;3654.0;3653.75
2022.09.30 15:49:17;1664552957871;3658.0;2;0;1;3654.0;3653.75
2022.09.30 15:49:17;1664552957871;3658.0;1;0;1;3654.0;3653.75
2022.09.30 15:49:17;1664552957871;3658.0;1;0;1;3654.0;3653.75
2022.09.30 15:49:17;1664552957871;3658.0;2;0;1;3654.0;3653.75
2022.09.30 15:49:17;1664552957872;3658.0;10;0;1;3654.0;3653.75
2022.09.30 15:49:17;1664552957872;3658.0;1;0;1;3654.0;3653.75
2022.09.30 15:49:17;1664552957872;3658.0;1;0;1;3654.0;3653.75
2022.09.30 15:49:17;1664552957872;3658.0;1;0;1;3654.0;3653.75
2022.09.30 15:49:17;1664552957872;3658.0;1;0;1;3654.0;3653.75
2022.09.30 15:49:17;1664552957872;3658.0;5;0;1;3654.0;3653.75
2022.09.30 15:49:17;1664552957872;3658.0;1;0;1;3654.0;3653.75
2022.09.30 15:49:17;1664552957872;3658.0;2;0;1;3654.0;3653.75
2022.09.30 15:49:17;1664552957872;3658.0;1;0;1;3654.0;3653.75
2022.09.30 15:49:17;1664552957872;3658.0;1;0;1;3654.0;3653.75
2022.09.30 15:49:17;1664552957872;3658.0;1;0;1;3654.0;3653.75
2022.09.30 15:49:17;1664552957872;3658.0;1;0;1;3654.0;3653.75
2022.09.30 15:49:17;1664552957872;3658.0;1;0;1;3654.0;3653.75
2022.09.30 15:49:17;1664552957872;3658.0;1;0;1;3654.0;3653.75
2022.09.30 15:49:17;1664552957872;3658.0;1;0;1;3654.0;3653.75
2022.09.30 15:49:17;1664552957872;3658.0;1;0;1;3654.0;3653.75
2022.09.30 15:49:17;1664552957872;3658.0;1;0;1;3654.0;3653.75
2022.09.30 15:49:17;1664552957872;3658.0;1;0;1;3654.0;3653.75
2022.09.30 15:49:17;1664552957872;3658.0;1;0;1;3654.0;3653.75
2022.09.30 15:49:17;1664552957872;3658.0;1;0;1;3654.0;3653.75
2022.09.30 15:49:17;1664552957873;3658.0;1;0;1;3654.0;3653.75
2022.09.30 15:49:17;1664552957873;3658.0;1;0;1;3654.0;3653.75
2022.09.30 15:49:17;1664552957873;3658.0;1;0;1;3654.0;3653.75
2022.09.30 15:49:17;1664552957873;3658.0;1;0;1;3654.0;3653.75
2022.09.30 15:49:17;1664552957873;3658.0;1;0;0;3654.0;3653.75
2022.09.30 15:49:18;1664552958061;3658.0;1;1;0;3654.0;3653.75
2022.09.30 15:49:18;1664552958061;3657.75;2;0;1;3654.0;3653.75
2022.09.30 15:49:18;1664552958061;3657.75;6;0;1;3654.0;3653.75
2022.09.30 15:49:18;1664552958061;3657.75;1;0;1;3654.0;3653.75
2022.09.30 15:49:18;1664552958061;3657.75;3;0;1;3654.0;3653.75
2022.09.30 15:49:18;1664552958061;3657.75;2;0;1;3654.0;3653.75
2022.09.30 15:49:18;1664552958200;3658.0;1;1;0;3654.0;3653.75
2022.09.30 15:49:18;1664552958226;3657.75;1;0;1;3654.0;3653.75
2022.09.30 15:49:18;1664552958226;3657.75;1;0;1;3654.0;3653.75
2022.09.30 15:49:18;1664552958304;3657.75;2;0;1;3654.0;3653.75
2022.09.30 15:49:18;1664552958365;3657.75;2;0;1;3654.0;3653.75
2022.09.30 15:49:18;1664552958365;3657.75;5;0;1;3654.0;3653.75
2022.09.30 15:49:18;1664552958366;3657.75;4;0;1;3654.0;3653.75
2022.09.30 15:49:18;1664552958366;3657.75;7;0;1;3654.0;3653.75
2022.09.30 15:49:18;1664552958366;3657.75;2;0;1;3654.0;3653.75
2022.09.30 15:49:18;1664552958366;3657.75;2;0;1;3654.0;3653.75
2022.09.30 15:49:18;1664552958366;3657.75;1;0;1;3654.0;3653.75
2022.09.30 15:49:18;1664552958366;3657.75;1;0;1;3654.0;3653.75
2022.09.30 15:49:18;1664552958366;3657.75;2;0;1;3654.0;3653.75
2022.09.30 15:49:18;1664552958366;3657.75;1;0;1;3654.0;3653.75
2022.09.30 15:49:18;1664552958367;3657.75;1;0;1;3654.0;3653.75
2022.09.30 15:49:18;1664552958367;3657.75;1;0;1;3654.0;3653.75
2022.09.30 15:49:18;1664552958367;3657.75;3;0;1;3654.0;3653.75
2022.09.30 15:49:18;1664552958367;3657.75;1;0;1;3654.0;3653.75
2022.09.30 15:49:18;1664552958367;3657.75;1;0;1;3654.0;3653.75
2022.09.30 15:49:18;1664552958368;3657.75;1;0;0;3654.0;3653.75
2022.09.30 15:49:18;1664552958393;3657.5;1;0;1;3654.0;3653.75
2022.09.30 15:49:18;1664552958393;3657.5;1;0;1;3654.0;3653.75
2022.09.30 15:49:18;1664552958394;3657.5;1;0;1;3654.0;3653.75
2022.09.30 15:49:18;1664552958394;3657.5;6;0;1;3654.0;3653.75
2022.09.30 15:49:18;1664552958394;3657.5;1;0;1;3654.0;3653.75
2022.09.30 15:49:18;1664552958394;3657.5;1;0;1;3654.0;3653.75
2022.09.30 15:49:18;1664552958394;3657.5;2;0;1;3654.0;3653.75
2022.09.30 15:49:18;1664552958394;3657.5;1;0;1;3654.0;3653.75
2022.09.30 15:49:18;1664552958394;3657.5;1;0;1;3654.0;3653.75
2022.09.30 15:49:18;1664552958394;3657.5;2;0;1;3654.0;3653.75
2022.09.30 15:49:18;1664552958394;3657.5;1;0;1;3654.0;3653.75
2022.09.30 15:49:18;1664552958394;3657.5;4;0;1;3654.0;3653.75
2022.09.30 15:49:18;1664552958394;3657.5;1;0;1;3654.0;3653.75
2022.09.30 15:49:18;1664552958394;3657.5;1;0;1;3654.0;3653.75
2022.09.30 15:49:18;1664552958394;3657.5;10;0;1;3654.0;3653.75
2022.09.30 15:49:18;1664552958394;3657.5;2;0;1;3654.0;3653.75
2022.09.30 15:49:18;1664552958394;3657.5;1;0;1;3654.0;3653.75
2022.09.30 15:49:18;1664552958394;3657.5;10;0;1;3654.0;3653.75
2022.09.30 15:49:18;1664552958394;3657.5;1;0;1;3654.0;3653.75
2022.09.30 15:49:18;1664552958394;3657.5;1;0;1;3654.0;3653.75
2022.09.30 15:49:18;1664552958394;3657.5;1;0;1;3654.0;3653.75
2022.09.30 15:49:18;1664552958394;3657.5;1;0;1;3654.0;3653.75
2022.09.30 15:49:18;1664552958394;3657.5;1;0;1;3654.0;3653.75
2022.09.30 15:49:18;1664552958394;3657.5;1;0;1;3654.0;3653.75
2022.09.30 15:49:18;1664552958394;3657.5;1;0;1;3654.0;3653.75
2022.09.30 15:49:18;1664552958394;3657.5;1;0;1;3654.0;3653.75
2022.09.30 15:49:18;1664552958394;3657.5;2;0;1;3654.0;3653.75
2022.09.30 15:49:18;1664552958394;3657.5;1;0;1;3654.0;3653.75
2022.09.30 15:49:18;1664552958394;3657.5;1;0;1;3654.0;3653.75
2022.09.30 15:49:18;1664552958394;3657.5;2;0;1;3654.0;3653.75
2022.09.30 15:49:18;1664552958394;3657.5;1;0;1;3654.0;3653.75
2022.09.30 15:49:18;1664552958394;3657.5;1;0;1;3654.0;3653.75
2022.09.30 15:49:18;1664552958394;3657.5;1;0;1;3654.0;3653.75
2022.09.30 15:49:18;1664552958394;3657.5;1;0;1;3654.0;3653.75
2022.09.30 15:49:18;1664552958394;3657.5;1;0;1;3654.0;3653.75
2022.09.30 15:49:18;1664552958394;3657.5;1;0;1;3654.0;3653.75
2022.09.30 15:49:18;1664552958394;3657.5;1;0;1;3654.0;3653.75
2022.09.30 15:49:18;1664552958394;3657.5;1;0;1;3654.0;3653.75
2022.09.30 15:49:18;1664552958394;3657.5;1;0;1;3654.0;3653.75
2022.09.30 15:49:18;1664552958394;3657.5;1;1;0;3654.0;3653.75
2022.09.30 15:49:18;1664552958395;3657.5;1;1;0;3654.0;3653.75
2022.09.30 15:49:18;1664552958395;3657.5;1;0;1;3654.0;3653.75
2022.09.30 15:49:18;1664552958395;3657.5;1;0;1;3654.0;3653.75
2022.09.30 15:49:18;1664552958395;3657.5;1;0;1;3654.0;3653.75
2022.09.30 15:49:18;1664552958395;3657.5;3;0;1;3654.0;3653.75
2022.09.30 15:49:18;1664552958395;3657.5;1;0;1;3654.0;3653.75
2022.09.30 15:49:18;1664552958395;3657.5;2;0;1;3654.0;3653.75
2022.09.30 15:49:18;1664552958395;3657.5;1;0;1;3654.0;3653.75
2022.09.30 15:49:18;1664552958395;3657.5;4;0;1;3654.0;3653.75
2022.09.30 15:49:18;1664552958395;3657.5;1;0;1;3654.0;3653.75
2022.09.30 15:49:18;1664552958395;3657.5;1;0;1;3654.0;3653.75
2022.09.30 15:49:18;1664552958395;3657.5;1;0;1;3654.0;3653.75
2022.09.30 15:49:18;1664552958395;3657.5;1;0;1;3654.0;3653.75
2022.09.30 15:49:18;1664552958395;3657.5;2;0;1;3654.0;3653.75
2022.09.30 15:49:18;1664552958395;3657.5;1;0;1;3654.0;3653.75
2022.09.30 15:49:18;1664552958395;3657.5;1;1;0;3654.0;3653.75
2022.09.30 15:49:18;1664552958395;3657.5;1;1;0;3654.0;3653.75
2022.09.30 15:49:18;1664552958395;3657.5;2;1;0;3654.0;3653.75
2022.09.30 15:49:18;1664552958395;3657.5;1;1;0;3654.0;3653.75
2022.09.30 15:49:18;1664552958411;3657.75;4;1;0;3654.0;3653.75
2022.09.30 15:49:18;1664552958411;3657.75;1;1;0;3654.0;3653.75
2022.09.30 15:49:18;1664552958411;3657.75;2;1;0;3654.0;3653.75
2022.09.30 15:49:18;1664552958411;3657.75;1;1;0;3654.0;3653.75
2022.09.30 15:49:18;1664552958411;3657.75;1;1;0;3654.0;3653.75
2022.09.30 15:49:18;1664552958412;3657.75;1;1;0;3654.0;3653.75
2022.09.30 15:49:18;1664552958412;3657.75;1;1;0;3654.0;3653.75
2022.09.30 15:49:18;1664552958412;3657.75;2;1;0;3654.0;3653.75
2022.09.30 15:49:18;1664552958413;3657.75;1;1;0;3654.0;3653.75
2022.09.30 15:49:18;1664552958413;3657.75;1;1;0;3654.0;3653.75
2022.09.30 15:49:18;1664552958413;3657.75;2;1;0;3654.0;3653.75
2022.09.30 15:49:18;1664552958413;3657.75;1;1;0;3654.0;3653.75
2022.09.30 15:49:18;1664552958413;3657.75;1;0;0;3654.0;3653.75
2022.09.30 15:49:18;1664552958414;3657.75;4;0;1;3654.0;3653.75
2022.09.30 15:49:18;1664552958414;3657.75;4;0;1;3654.0;3653.75
2022.09.30 15:49:18;1664552958416;3657.75;1;0;1;3654.0;3653.75
2022.09.30 15:49:18;1664552958417;3657.75;1;1;0;3654.0;3653.75
2022.09.30 15:49:18;1664552958417;3657.75;1;0;0;3654.0;3653.75
2022.09.30 15:49:18;1664552958418;3657.75;3;1;0;3654.0;3653.75
2022.09.30 15:49:18;1664552958420;3657.5;1;0;1;3654.0;3653.75
2022.09.30 15:49:18;1664552958420;3657.75;1;1;0;3654.0;3653.75
2022.09.30 15:49:18;1664552958420;3657.5;1;0;1;3654.0;3653.75
2022.09.30 15:49:18;1664552958421;3657.75;1;1;0;3654.0;3653.75
2022.09.30 15:49:18;1664552958480;3657.5;1;0;1;3654.0;3653.75
2022.09.30 15:49:18;1664552958485;3657.75;1;1;0;3654.0;3653.75
2022.09.30 15:49:18;1664552958529;3657.75;1;1;0;3654.0;3653.75
2022.09.30 15:49:18;1664552958529;3657.75;1;1;0;3654.0;3653.75
2022.09.30 15:49:18;1664552958529;3657.75;1;1;0;3654.0;3653.75
2022.09.30 15:49:18;1664552958529;3657.75;1;1;0;3654.0;3653.75
2022.09.30 15:49:18;1664552958529;3657.75;1;1;0;3654.0;3653.75
2022.09.30 15:49:18;1664552958529;3657.75;2;1;0;3654.0;3653.75
2022.09.30 15:49:18;1664552958529;3657.75;4;1;0;3654.0;3653.75
2022.09.30 15:49:18;1664552958529;3657.75;1;1;0;3654.0;3653.75
2022.09.30 15:49:18;1664552958529;3657.75;3;1;0;3654.0;3653.75
2022.09.30 15:49:18;1664552958529;3657.75;1;1;0;3654.0;3653.75
2022.09.30 15:49:18;1664552958529;3657.75;1;1;0;3654.0;3653.75
2022.09.30 15:49:18;1664552958529;3657.75;1;1;0;3654.0;3653.75
2022.09.30 15:49:18;1664552958529;3657.75;4;1;0;3654.0;3653.75
2022.09.30 15:49:18;1664552958529;3657.75;1;1;0;3654.0;3653.75
2022.09.30 15:49:18;1664552958530;3657.75;1;1;0;3654.0;3653.75
2022.09.30 15:49:18;1664552958531;3657.75;2;1;0;3654.0;3653.75
2022.09.30 15:49:18;1664552958531;3657.75;1;1;0;3654.0;3653.75
2022.09.30 15:49:18;1664552958531;3657.75;1;1;0;3654.0;3653.75
2022.09.30 15:49:18;1664552958531;3657.75;1;1;0;3654.0;3653.75
2022.09.30 15:49:18;1664552958531;3657.75;1;0;1;3654.0;3653.75
2022.09.30 15:49:18;1664552958531;3657.75;1;1;0;3654.0;3653.75
2022.09.30 15:49:18;1664552958532;3657.75;1;1;0;3654.0;3653.75
2022.09.30 15:49:18;1664552958532;3657.75;1;1;0;3654.0;3653.75
2022.09.30 15:49:18;1664552958532;3657.75;1;1;0;3654.0;3653.75
2022.09.30 15:49:18;1664552958532;3657.75;1;1;0;3654.0;3653.75
2022.09.30 15:49:18;1664552958532;3657.75;1;1;0;3654.0;3653.75
2022.09.30 15:49:18;1664552958532;3657.75;2;1;0;3654.0;3653.75
2022.09.30 15:49:18;1664552958532;3657.75;4;1;0;3654.0;3653.75
2022.09.30 15:49:18;1664552958532;3657.75;1;1;0;3654.0;3653.75
2022.09.30 15:49:18;1664552958532;3657.75;1;1;0;3654.0;3653.75
2022.09.30 15:49:18;1664552958532;3657.75;1;1;0;3654.0;3653.75
2022.09.30 15:49:18;1664552958532;3657.75;1;1;0;3654.0;3653.75
2022.09.30 15:49:18;1664552958532;3657.75;1;1;0;3654.0;3653.75
2022.09.30 15:49:18;1664552958533;3657.75;1;1;0;3654.0;3653.75
2022.09.30 15:49:18;1664552958533;3657.75;1;1;0;3654.0;3653.75
2022.09.30 15:49:18;1664552958534;3657.75;1;1;0;3654.0;3653.75
2022.09.30 15:49:18;1664552958534;3657.75;1;1;0;3654.0;3653.75
2022.09.30 15:49:18;1664552958535;3657.75;1;1;0;3654.0;3653.75
2022.09.30 15:49:18;1664552958535;3657.75;1;1;0;3654.0;3653.75
2022.09.30 15:49:18;1664552958535;3657.75;2;0;1;3654.0;3653.75
2022.09.30 15:49:18;1664552958536;3657.75;1;0;1;3654.0;3653.75
2022.09.30 15:49:18;1664552958536;3657.75;1;0;1;3654.0;3653.75
2022.09.30 15:49:18;1664552958536;3658.0;1;1;0;3654.0;3653.75
2022.09.30 15:49:18;1664552958536;3658.0;1;0;0;3654.0;3653.75
2022.09.30 15:49:18;1664552958542;3657.75;1;0;1;3654.0;3653.75
2022.09.30 15:49:18;1664552958542;3657.75;1;0;1;3654.0;3653.75
2022.09.30 15:49:18;1664552958543;3657.75;1;0;1;3654.0;3653.75
2022.09.30 15:49:18;1664552958545;3657.75;1;0;1;3654.0;3653.75
2022.09.30 15:49:18;1664552958545;3657.75;1;0;1;3654.0;3653.75
2022.09.30 15:49:18;1664552958583;3658.0;1;1;0;3654.0;3653.75
2022.09.30 15:49:18;1664552958599;3657.75;1;0;1;3654.0;3653.75
2022.09.30 15:49:18;1664552958599;3657.75;1;0;1;3654.0;3653.75
2022.09.30 15:49:18;1664552958600;3657.75;1;0;1;3654.0;3653.75
2022.09.30 15:49:18;1664552958600;3657.75;1;0;1;3654.0;3653.75
2022.09.30 15:49:18;1664552958600;3657.75;1;0;1;3654.0;3653.75
2022.09.30 15:49:18;1664552958600;3657.75;1;0;0;3654.0;3653.75
2022.09.30 15:49:18;1664552958624;3657.75;1;1;0;3654.0;3653.75
2022.09.30 15:49:18;1664552958624;3657.75;2;1;0;3654.0;3653.75
2022.09.30 15:49:18;1664552958624;3657.75;1;1;0;3654.0;3653.75
2022.09.30 15:49:18;1664552958624;3657.75;1;1;0;3654.0;3653.75
2022.09.30 15:49:18;1664552958625;3657.75;1;1;0;3654.0;3653.75
2022.09.30 15:49:18;1664552958625;3657.75;1;1;0;3654.0;3653.75
2022.09.30 15:49:18;1664552958625;3657.75;1;0;0;3654.0;3653.75
2022.09.30 15:49:18;1664552958626;3657.75;1;0;0;3654.0;3653.75
2022.09.30 15:49:18;1664552958630;3657.75;1;0;1;3654.0;3653.75
2022.09.30 15:49:18;1664552958630;3657.75;1;0;1;3654.0;3653.75
2022.09.30 15:49:18;1664552958630;3657.75;1;0;1;3654.0;3653.75
2022.09.30 15:49:18;1664552958630;3657.75;2;0;1;3654.0;3653.75
2022.09.30 15:49:18;1664552958630;3657.75;1;0;1;3654.0;3653.75
2022.09.30 15:49:18;1664552958630;3657.75;1;0;1;3654.0;3653.75
2022.09.30 15:49:18;1664552958630;3657.75;2;0;1;3654.0;3653.75
2022.09.30 15:49:18;1664552958630;3657.75;1;0;1;3654.0;3653.75
2022.09.30 15:49:18;1664552958630;3657.75;1;0;1;3654.0;3653.75
2022.09.30 15:49:18;1664552958631;3657.75;1;0;0;3654.0;3653.75
2022.09.30 15:49:18;1664552958634;3657.75;1;1;0;3654.0;3653.75
2022.09.30 15:49:18;1664552958634;3657.75;1;1;0;3654.0;3653.75
2022.09.30 15:49:18;1664552958634;3657.75;1;1;0;3654.0;3653.75
2022.09.30 15:49:18;1664552958634;3657.75;2;0;1;3654.0;3653.75
2022.09.30 15:49:18;1664552958634;3657.75;1;0;1;3654.0;3653.75
2022.09.30 15:49:18;1664552958634;3657.75;2;0;1;3654.0;3653.75
2022.09.30 15:49:18;1664552958635;3657.75;1;0;1;3654.0;3653.75
2022.09.30 15:49:18;1664552958635;3657.75;1;0;1;3654.0;3653.75
2022.09.30 15:49:18;1664552958635;3657.75;1;0;1;3654.0;3653.75
2022.09.30 15:49:18;1664552958635;3657.75;1;0;0;3654.0;3653.75
2022.09.30 15:49:18;1664552958635;3657.75;1;0;1;3654.0;3653.75
2022.09.30 15:49:18;1664552958635;3657.75;1;0;1;3654.0;3653.75
2022.09.30 15:49:18;1664552958636;3657.75;1;0;1;3654.0;3653.75
2022.09.30 15:49:18;1664552958636;3657.75;1;0;1;3654.0;3653.75
2022.09.30 15:49:18;1664552958636;3657.75;1;0;0;3654.0;3653.75
2022.09.30 15:49:18;1664552958636;3657.75;1;0;1;3654.0;3653.75
2022.09.30 15:49:18;1664552958636;3657.75;1;0;1;3654.0;3653.75
2022.09.30 15:49:18;1664552958637;3657.75;1;0;1;3654.0;3653.75
2022.09.30 15:49:18;1664552958637;3657.75;1;0;1;3654.0;3653.75
2022.09.30 15:49:18;1664552958638;3657.75;1;0;0;3654.0;3653.75
2022.09.30 15:49:18;1664552958639;3657.75;1;0;1;3654.0;3653.75
2022.09.30 15:49:18;1664552958639;3657.75;1;0;1;3654.0;3653.75
2022.09.30 15:49:18;1664552958639;3657.75;1;0;1;3654.0;3653.75
2022.09.30 15:49:18;1664552958639;3657.75;1;0;0;3654.0;3653.75
2022.09.30 15:49:18;1664552958639;3657.5;1;0;1;3654.0;3653.75
2022.09.30 15:49:18;1664552958640;3657.5;1;0;1;3654.0;3653.75
2022.09.30 15:49:18;1664552958641;3657.75;1;1;0;3654.0;3653.75
2022.09.30 15:49:18;1664552958641;3657.75;1;1;0;3654.0;3653.75
2022.09.30 15:49:18;1664552958641;3657.75;1;1;0;3654.0;3653.75
2022.09.30 15:49:18;1664552958641;3657.75;1;1;0;3654.0;3653.75
2022.09.30 15:49:18;1664552958641;3657.75;1;0;0;3654.0;3653.75
2022.09.30 15:49:18;1664552958642;3657.75;2;0;1;3654.0;3653.75
2022.09.30 15:49:18;1664552958643;3657.75;1;0;1;3654.0;3653.75
2022.09.30 15:49:18;1664552958643;3657.75;1;0;1;3654.0;3653.75
2022.09.30 15:49:18;1664552958643;3657.75;1;0;0;3654.0;3653.75
2022.09.30 15:49:18;1664552958644;3657.75;1;1;0;3654.0;3653.75
2022.09.30 15:49:18;1664552958644;3657.75;1;1;0;3654.0;3653.75
2022.09.30 15:49:18;1664552958644;3657.75;1;0;0;3654.0;3653.75
2022.09.30 15:49:18;1664552958644;3657.75;2;0;1;3654.0;3653.75
2022.09.30 15:49:18;1664552958644;3657.75;2;0;0;3654.0;3653.75
2022.09.30 15:49:18;1664552958645;3657.75;2;0;0;3654.0;3653.75
2022.09.30 15:49:18;1664552958645;3657.75;2;0;0;3654.0;3653.75
2022.09.30 15:49:18;1664552958645;3657.75;1;0;1;3654.0;3653.75
2022.09.30 15:49:18;1664552958646;3657.75;1;0;0;3654.0;3653.75
2022.09.30 15:49:18;1664552958647;3658.0;1;1;0;3654.0;3653.75
2022.09.30 15:49:18;1664552958647;3658.0;1;1;0;3654.0;3653.75
2022.09.30 15:49:18;1664552958647;3658.0;1;1;0;3654.0;3653.75
2022.09.30 15:49:18;1664552958679;3657.75;1;0;1;3654.0;3653.75
2022.09.30 15:49:18;1664552958686;3657.75;1;0;1;3654.0;3653.75
2022.09.30 15:49:18;1664552958690;3658.0;1;1;0;3654.0;3653.75
2022.09.30 15:49:18;1664552958690;3658.0;1;1;0;3654.0;3653.75
2022.09.30 15:49:18;1664552958690;3658.0;1;1;0;3654.0;3653.75
2022.09.30 15:49:18;1664552958690;3658.0;1;1;0;3654.0;3653.75
2022.09.30 15:49:18;1664552958690;3658.0;1;1;0;3654.0;3653.75
2022.09.30 15:49:18;1664552958690;3658.0;1;1;0;3654.0;3653.75
2022.09.30 15:49:18;1664552958690;3658.0;1;1;0;3654.0;3653.75
2022.09.30 15:49:18;1664552958690;3658.0;1;1;0;3654.0;3653.75
2022.09.30 15:49:18;1664552958690;3658.0;2;1;0;3654.0;3653.75
2022.09.30 15:49:18;1664552958690;3658.0;1;1;0;3654.0;3653.75
2022.09.30 15:49:18;1664552958691;3658.0;1;1;0;3654.0;3653.75
2022.09.30 15:49:18;1664552958691;3658.0;1;1;0;3654.0;3653.75
2022.09.30 15:49:18;1664552958691;3658.0;1;1;0;3654.0;3653.75
2022.09.30 15:49:18;1664552958691;3658.0;1;0;1;3654.0;3653.75
2022.09.30 15:49:18;1664552958691;3658.0;1;0;1;3654.0;3653.75
2022.09.30 15:49:18;1664552958691;3658.0;1;0;1;3654.0;3653.75
2022.09.30 15:49:18;1664552958691;3658.0;1;0;1;3654.0;3653.75
2022.09.30 15:49:18;1664552958691;3658.0;1;0;1;3654.0;3653.75
2022.09.30 15:49:18;1664552958691;3658.0;1;0;1;3654.0;3653.75
2022.09.30 15:49:18;1664552958691;3658.0;1;1;0;3654.0;3653.75
2022.09.30 15:49:18;1664552958691;3658.0;1;1;0;3654.0;3653.75
2022.09.30 15:49:18;1664552958691;3658.0;1;1;0;3654.0;3653.75
2022.09.30 15:49:18;1664552958691;3658.0;2;1;0;3654.0;3653.75
2022.09.30 15:49:18;1664552958691;3658.0;1;1;0;3654.0;3653.75
2022.09.30 15:49:18;1664552958692;3658.0;1;1;0;3654.0;3653.75
2022.09.30 15:49:18;1664552958692;3658.0;1;1;0;3654.0;3653.75
2022.09.30 15:49:18;1664552958692;3658.0;1;1;0;3654.0;3653.75
2022.09.30 15:49:18;1664552958692;3658.0;1;1;0;3654.0;3653.75
2022.09.30 15:49:18;1664552958692;3658.0;1;1;0;3654.0;3653.75
2022.09.30 15:49:18;1664552958693;3658.0;1;1;0;3654.0;3653.75
2022.09.30 15:49:18;1664552958693;3658.0;1;1;0;3654.0;3653.75
2022.09.30 15:49:18;1664552958693;3658.0;1;0;0;3654.0;3653.75
2022.09.30 15:49:18;1664552958694;3658.0;1;0;1;3654.0;3653.75
2022.09.30 15:49:18;1664552958694;3658.0;1;0;1;3654.0;3653.75
2022.09.30 15:49:18;1664552958694;3658.0;1;0;0;3654.0;3653.75
2022.09.30 15:49:18;1664552958695;3658.0;1;0;0;3654.0;3653.75
2022.09.30 15:49:18;1664552958695;3658.0;4;1;0;3654.0;3653.75
2022.09.30 15:49:18;1664552958695;3658.0;3;1;0;3654.0;3653.75
2022.09.30 15:49:18;1664552958695;3658.0;1;1;0;3654.0;3653.75
2022.09.30 15:49:18;1664552958696;3658.0;1;0;0;3654.0;3653.75
2022.09.30 15:49:18;1664552958696;3658.0;1;0;0;3654.0;3653.75
2022.09.30 15:49:18;1664552958697;3658.0;1;0;1;3654.0;3653.75
2022.09.30 15:49:18;1664552958697;3658.0;1;0;0;3654.0;3653.75
2022.09.30 15:49:18;1664552958698;3658.0;1;0;0;3654.0;3653.75
2022.09.30 15:49:18;1664552958699;3658.0;1;0;0;3654.0;3653.75
2022.09.30 15:49:18;1664552958706;3657.75;1;0;1;3654.0;3653.75
2022.09.30 15:49:18;1664552958707;3657.75;1;0;0;3654.0;3653.75
2022.09.30 15:49:18;1664552958708;3658.0;2;1;0;3654.0;3653.75
2022.09.30 15:49:18;1664552958708;3658.0;2;1;0;3654.0;3653.75
2022.09.30 15:49:18;1664552958708;3658.0;1;1;0;3654.0;3653.75
2022.09.30 15:49:18;1664552958708;3658.0;1;1;0;3654.0;3653.75
2022.09.30 15:49:18;1664552958708;3658.0;1;1;0;3654.0;3653.75
2022.09.30 15:49:18;1664552958708;3658.0;1;0;0;3654.0;3653.75
2022.09.30 15:49:18;1664552958712;3658.0;1;0;1;3654.0;3653.75
2022.09.30 15:49:18;1664552958730;3658.0;1;0;1;3654.0;3653.75
2022.09.30 15:49:18;1664552958745;3658.0;1;0;1;3654.0;3653.75
2022.09.30 15:49:18;1664552958838;3658.0;1;0;1;3654.0;3653.75
2022.09.30 15:49:18;1664552958838;3658.0;1;0;1;3654.0;3653.75
2022.09.30 15:49:18;1664552958838;3658.0;1;0;1;3654.0;3653.75
2022.09.30 15:49:18;1664552958839;3658.0;1;0;1;3654.0;3653.75
2022.09.30 15:49:18;1664552958839;3658.0;1;0;1;3654.0;3653.75
2022.09.30 15:49:18;1664552958880;3658.25;4;1;0;3654.0;3653.75
2022.09.30 15:49:18;1664552958883;3658.0;1;0;1;3654.0;3653.75
2022.09.30 15:49:18;1664552958889;3658.0;2;0;1;3654.0;3653.75
2022.09.30 15:49:18;1664552958909;3658.0;1;0;1;3654.0;3653.75
2022.09.30 15:49:19;1664552959001;3658.0;1;0;1;3654.0;3653.75
2022.09.30 15:49:19;1664552959001;3658.0;1;0;1;3654.0;3653.75
2022.09.30 15:49:19;1664552959007;3658.0;1;0;1;3654.0;3653.75
2022.09.30 15:49:19;1664552959007;3658.0;1;0;1;3654.0;3653.75
2022.09.30 15:49:19;1664552959007;3658.0;1;0;1;3654.0;3653.75
2022.09.30 15:49:19;1664552959007;3658.0;1;0;1;3654.0;3653.75
2022.09.30 15:49:19;1664552959007;3658.0;1;0;1;3654.0;3653.75
2022.09.30 15:49:19;1664552959025;3658.0;1;0;1;3654.0;3653.75
2022.09.30 15:49:19;1664552959074;3658.0;1;0;1;3654.0;3653.75
2022.09.30 15:49:19;1664552959136;3658.25;1;1;0;3654.0;3653.75
2022.09.30 15:49:19;1664552959137;3658.25;1;1;0;3654.0;3653.75
2022.09.30 15:49:19;1664552959137;3658.25;1;1;0;3654.0;3653.75
2022.09.30 15:49:19;1664552959137;3658.25;1;1;0;3654.0;3653.75
2022.09.30 15:49:19;1664552959137;3658.25;1;1;0;3654.0;3653.75
2022.09.30 15:49:19;1664552959137;3658.25;1;1;0;3654.0;3653.75
2022.09.30 15:49:19;1664552959137;3658.25;1;1;0;3654.0;3653.75
2022.09.30 15:49:19;1664552959137;3658.25;1;1;0;3654.0;3653.75
2022.09.30 15:49:19;1664552959137;3658.25;1;1;0;3654.0;3653.75
2022.09.30 15:49:19;1664552959137;3658.25;1;1;0;3654.0;3653.75
2022.09.30 15:49:19;1664552959137;3658.25;1;0;0;3654.0;3653.75
2022.09.30 15:49:19;1664552959138;3658.25;1;0;1;3654.0;3653.75
2022.09.30 15:49:19;1664552959138;3658.25;1;0;1;3654.0;3653.75
2022.09.30 15:49:19;1664552959138;3658.25;1;0;1;3654.0;3653.75
2022.09.30 15:49:19;1664552959138;3658.25;1;0;0;3654.0;3653.75
2022.09.30 15:49:19;1664552959140;3658.25;1;1;0;3654.0;3653.75
2022.09.30 15:49:19;1664552959140;3658.25;1;1;0;3654.0;3653.75
2022.09.30 15:49:19;1664552959147;3658.25;1;1;0;3654.0;3653.75
2022.09.30 15:49:19;1664552959182;3658.0;1;0;1;3654.0;3653.75
2022.09.30 15:49:19;1664552959221;3658.0;1;0;1;3654.0;3653.75
2022.09.30 15:49:19;1664552959221;3658.0;1;0;1;3654.0;3653.75
2022.09.30 15:49:19;1664552959221;3658.0;1;0;1;3654.0;3653.75
2022.09.30 15:49:19;1664552959282;3658.0;1;0;1;3654.0;3653.75
2022.09.30 15:49:19;1664552959296;3658.0;2;0;1;3654.0;3653.75
2022.09.30 15:49:19;1664552959335;3658.0;1;0;1;3654.0;3653.75
2022.09.30 15:49:19;1664552959375;3658.25;1;1;0;3654.0;3653.75
2022.09.30 15:49:19;1664552959375;3658.25;1;1;0;3654.0;3653.75
2022.09.30 15:49:19;1664552959391;3658.0;1;0;1;3654.0;3653.75
2022.09.30 15:49:19;1664552959391;3658.0;1;0;1;3654.0;3653.75
2022.09.30 15:49:19;1664552959497;3658.0;1;0;1;3654.0;3653.75
2022.09.30 15:49:19;1664552959497;3658.0;3;0;1;3654.0;3653.75
2022.09.30 15:49:19;1664552959497;3658.0;1;0;1;3654.0;3653.75
2022.09.30 15:49:19;1664552959497;3658.0;1;0;1;3654.0;3653.75
2022.09.30 15:49:19;1664552959497;3658.0;1;0;1;3654.0;3653.75
2022.09.30 15:49:19;1664552959518;3658.0;2;0;1;3654.0;3653.75
2022.09.30 15:49:19;1664552959518;3658.0;1;0;1;3654.0;3653.75
2022.09.30 15:49:19;1664552959518;3658.0;1;0;1;3654.0;3653.75
2022.09.30 15:49:19;1664552959536;3658.0;1;0;1;3654.0;3653.75
2022.09.30 15:49:19;1664552959536;3658.0;1;0;1;3654.0;3653.75
2022.09.30 15:49:19;1664552959536;3658.0;1;0;1;3654.0;3653.75
2022.09.30 15:49:19;1664552959536;3658.0;1;0;1;3654.0;3653.75
2022.09.30 15:49:19;1664552959536;3658.0;1;0;1;3654.0;3653.75
2022.09.30 15:49:19;1664552959536;3658.0;1;0;1;3654.0;3653.75
2022.09.30 15:49:19;1664552959536;3658.0;1;0;1;3654.0;3653.75
2022.09.30 15:49:19;1664552959536;3658.0;2;0;1;3654.0;3653.75
2022.09.30 15:49:19;1664552959536;3658.0;1;0;1;3654.0;3653.75
2022.09.30 15:49:19;1664552959537;3658.0;1;0;1;3654.0;3653.75
2022.09.30 15:49:19;1664552959537;3657.75;1;0;1;3654.0;3653.75
2022.09.30 15:49:19;1664552959538;3657.75;1;0;0;3654.0;3653.75
2022.09.30 15:49:19;1664552959538;3658.0;1;1;1;3654.0;3653.75
2022.09.30 15:49:19;1664552959538;3658.0;1;1;1;3654.0;3653.75
2022.09.30 15:49:19;1664552959538;3658.0;1;1;0;3654.0;3653.75
2022.09.30 15:49:19;1664552959538;3658.0;1;1;0;3654.0;3653.75
2022.09.30 15:49:19;1664552959538;3658.0;1;1;0;3654.0;3653.75
2022.09.30 15:49:19;1664552959538;3658.0;1;1;0;3654.0;3653.75
2022.09.30 15:49:19;1664552959538;3658.0;1;0;1;3654.0;3653.75
2022.09.30 15:49:19;1664552959538;3658.0;1;0;0;3654.0;3653.75
2022.09.30 15:49:19;1664552959551;3658.0;1;0;1;3654.0;3653.75
2022.09.30 15:49:19;1664552959551;3658.0;1;0;1;3654.0;3653.75
2022.09.30 15:49:19;1664552959551;3658.0;1;0;1;3654.0;3653.75
2022.09.30 15:49:19;1664552959551;3658.0;1;0;1;3654.0;3653.75
2022.09.30 15:49:19;1664552959551;3658.0;1;0;1;3654.0;3653.75
2022.09.30 15:49:19;1664552959551;3658.0;2;0;1;3654.0;3653.75
2022.09.30 15:49:19;1664552959551;3658.0;1;0;1;3654.0;3653.75
2022.09.30 15:49:19;1664552959551;3658.0;1;0;1;3654.0;3653.75
2022.09.30 15:49:19;1664552959551;3658.0;1;0;1;3654.0;3653.75
2022.09.30 15:49:19;1664552959552;3658.0;1;0;1;3654.0;3653.75
2022.09.30 15:49:19;1664552959552;3658.0;1;0;1;3654.0;3653.75
2022.09.30 15:49:19;1664552959552;3658.0;1;0;0;3654.0;3653.75
2022.09.30 15:49:19;1664552959561;3658.0;1;0;0;3654.0;3653.75
2022.09.30 15:49:19;1664552959660;3658.0;1;1;0;3654.0;3653.75
2022.09.30 15:49:19;1664552959661;3658.0;1;1;0;3654.0;3653.75
2022.09.30 15:49:19;1664552959661;3658.0;1;1;0;3654.0;3653.75
2022.09.30 15:49:19;1664552959662;3658.0;1;1;0;3654.0;3653.75
2022.09.30 15:49:19;1664552959662;3658.0;1;1;0;3654.0;3653.75
2022.09.30 15:49:19;1664552959662;3658.0;1;1;0;3654.0;3653.75
2022.09.30 15:49:19;1664552959662;3658.0;1;1;0;3654.0;3653.75
2022.09.30 15:49:19;1664552959662;3658.0;1;1;0;3654.0;3653.75
2022.09.30 15:49:19;1664552959674;3658.0;1;1;0;3654.0;3653.75
2022.09.30 15:49:19;1664552959675;3658.0;1;1;0;3654.0;3653.75
2022.09.30 15:49:19;1664552959675;3658.0;1;0;1;3654.0;3653.75
2022.09.30 15:49:19;1664552959700;3658.0;1;1;0;3654.0;3653.75
2022.09.30 15:49:19;1664552959700;3658.0;1;1;0;3654.0;3653.75
2022.09.30 15:49:19;1664552959700;3658.0;1;1;0;3654.0;3653.75
2022.09.30 15:49:19;1664552959700;3658.0;1;1;0;3654.0;3653.75
2022.09.30 15:49:19;1664552959700;3658.0;1;1;0;3654.0;3653.75
2022.09.30 15:49:19;1664552959700;3658.0;1;1;0;3654.0;3653.75
2022.09.30 15:49:19;1664552959700;3658.0;1;0;0;3654.0;3653.75
2022.09.30 15:49:19;1664552959714;3658.0;1;0;0;3654.0;3653.75
2022.09.30 15:49:19;1664552959772;3658.0;4;0;1;3654.0;3653.75
2022.09.30 15:49:19;1664552959772;3658.0;1;0;1;3654.0;3653.75
2022.09.30 15:49:19;1664552959772;3658.0;2;0;1;3654.0;3653.75
2022.09.30 15:49:19;1664552959772;3658.0;5;0;1;3654.0;3653.75
2022.09.30 15:49:19;1664552959772;3658.0;2;0;1;3654.0;3653.75
2022.09.30 15:49:19;1664552959801;3658.0;1;0;1;3654.0;3653.75
2022.09.30 15:49:19;1664552959801;3658.0;1;0;1;3654.0;3653.75
2022.09.30 15:49:19;1664552959801;3658.0;1;0;1;3654.0;3653.75
2022.09.30 15:49:19;1664552959801;3658.0;1;0;1;3654.0;3653.75
2022.09.30 15:49:19;1664552959801;3658.0;1;0;1;3654.0;3653.75
2022.09.30 15:49:19;1664552959801;3658.0;1;0;1;3654.0;3653.75
2022.09.30 15:49:19;1664552959801;3658.0;4;0;1;3654.0;3653.75
2022.09.30 15:49:19;1664552959801;3658.0;1;0;1;3654.0;3653.75
2022.09.30 15:49:19;1664552959801;3658.0;1;0;0;3654.0;3653.75
2022.09.30 15:49:19;1664552959804;3658.25;1;1;0;3654.0;3653.75
2022.09.30 15:49:19;1664552959804;3658.25;1;0;0;3654.0;3653.75
2022.09.30 15:49:19;1664552959810;3658.0;1;0;1;3654.0;3653.75
2022.09.30 15:49:19;1664552959810;3658.0;1;0;0;3654.0;3653.75
2022.09.30 15:49:19;1664552959945;3657.75;1;0;1;3654.0;3653.75
2022.09.30 15:49:20;1664552960265;3658.0;1;1;0;3654.0;3653.75
2022.09.30 15:49:20;1664552960270;3657.75;1;0;1;3654.0;3653.75
2022.09.30 15:49:20;1664552960321;3658.0;1;1;0;3654.0;3653.75
2022.09.30 15:49:20;1664552960322;3658.0;1;1;0;3654.0;3653.75
2022.09.30 15:49:20;1664552960322;3658.0;1;1;0;3654.0;3653.75
2022.09.30 15:49:20;1664552960322;3658.0;1;1;0;3654.0;3653.75
2022.09.30 15:49:20;1664552960322;3658.0;1;1;0;3654.0;3653.75
2022.09.30 15:49:20;1664552960322;3658.0;2;1;0;3654.0;3653.75
2022.09.30 15:49:20;1664552960322;3658.0;1;1;0;3654.0;3653.75
2022.09.30 15:49:20;1664552960322;3658.0;1;1;0;3654.0;3653.75
2022.09.30 15:49:20;1664552960322;3658.0;1;1;0;3654.0;3653.75
2022.09.30 15:49:20;1664552960322;3658.0;1;1;0;3654.0;3653.75
2022.09.30 15:49:20;1664552960322;3658.0;1;1;0;3654.0;3653.75
2022.09.30 15:49:20;1664552960322;3658.0;1;1;0;3654.0;3653.75
2022.09.30 15:49:20;1664552960322;3658.0;1;1;0;3654.0;3653.75
2022.09.30 15:49:20;1664552960323;3658.0;1;0;0;3654.0;3653.75
2022.09.30 15:49:20;1664552960323;3658.0;1;0;0;3654.0;3653.75
2022.09.30 15:49:20;1664552960387;3658.25;1;1;0;3654.0;3653.75
2022.09.30 15:49:20;1664552960456;3658.0;1;0;1;3654.0;3653.75
2022.09.30 15:49:20;1664552960499;3658.0;1;0;1;3654.0;3653.75
2022.09.30 15:49:20;1664552960522;3658.0;1;0;1;3654.0;3653.75
2022.09.30 15:49:20;1664552960543;3658.0;1;0;1;3654.0;3653.75
2022.09.30 15:49:20;1664552960543;3658.0;1;0;1;3654.0;3653.75
2022.09.30 15:49:20;1664552960577;3658.0;3;0;1;3654.0;3653.75
2022.09.30 15:49:20;1664552960577;3658.0;1;0;1;3654.0;3653.75
2022.09.30 15:49:20;1664552960577;3658.0;1;0;1;3654.0;3653.75
2022.09.30 15:49:20;1664552960578;3658.0;2;0;1;3654.0;3653.75
2022.09.30 15:49:20;1664552960578;3658.0;3;0;1;3654.0;3653.75
2022.09.30 15:49:20;1664552960723;3658.0;1;0;1;3654.0;3653.75
2022.09.30 15:49:20;1664552960884;3658.0;1;0;1;3654.0;3653.75
2022.09.30 15:49:20;1664552960888;3658.25;1;1;0;3654.0;3653.75
2022.09.30 15:49:20;1664552960888;3658.25;1;1;0;3654.0;3653.75
2022.09.30 15:49:20;1664552960888;3658.25;1;1;0;3654.0;3653.75
2022.09.30 15:49:20;1664552960888;3658.25;1;1;0;3654.0;3653.75
2022.09.30 15:49:20;1664552960888;3658.25;1;1;0;3654.0;3653.75
2022.09.30 15:49:20;1664552960888;3658.25;1;1;0;3654.0;3653.75
2022.09.30 15:49:20;1664552960888;3658.25;1;1;0;3654.0;3653.75
2022.09.30 15:49:20;1664552960888;3658.25;1;1;0;3654.0;3653.75
2022.09.30 15:49:20;1664552960888;3658.25;1;1;0;3654.0;3653.75
2022.09.30 15:49:20;1664552960888;3658.25;3;1;0;3654.0;3653.75
2022.09.30 15:49:20;1664552960888;3658.25;4;1;0;3654.0;3653.75
2022.09.30 15:49:20;1664552960888;3658.25;1;1;0;3654.0;3653.75
2022.09.30 15:49:20;1664552960888;3658.25;1;0;0;3654.0;3653.75
2022.09.30 15:49:20;1664552960889;3658.25;1;0;1;3654.0;3653.75
2022.09.30 15:49:20;1664552960889;3658.25;1;0;0;3654.0;3653.75
2022.09.30 15:49:20;1664552960908;3658.25;1;1;0;3654.0;3653.75
2022.09.30 15:49:20;1664552960908;3658.25;2;1;0;3654.0;3653.75
2022.09.30 15:49:20;1664552960908;3658.25;1;1;0;3654.0;3653.75
2022.09.30 15:49:20;1664552960908;3658.25;1;0;0;3654.0;3653.75
2022.09.30 15:49:20;1664552960927;3658.25;1;0;1;3654.0;3653.75
2022.09.30 15:49:21;1664552961065;3658.25;1;0;1;3654.0;3653.75
2022.09.30 15:49:21;1664552961106;3658.25;1;0;1;3654.0;3653.75
2022.09.30 15:49:21;1664552961106;3658.25;1;0;1;3654.0;3653.75
2022.09.30 15:49:21;1664552961106;3658.25;1;0;1;3654.0;3653.75
2022.09.30 15:49:21;1664552961106;3658.25;1;0;1;3654.0;3653.75
2022.09.30 15:49:21;1664552961106;3658.25;1;0;1;3654.0;3653.75
2022.09.30 15:49:21;1664552961106;3658.25;4;0;1;3654.0;3653.75
2022.09.30 15:49:21;1664552961106;3658.25;1;0;1;3654.0;3653.75
2022.09.30 15:49:21;1664552961107;3658.25;1;0;0;3654.0;3653.75
2022.09.30 15:49:21;1664552961107;3658.25;1;0;0;3654.0;3653.75
2022.09.30 15:49:21;1664552961117;3658.25;1;1;0;3654.0;3653.75
2022.09.30 15:49:21;1664552961117;3658.25;1;1;0;3654.0;3653.75
2022.09.30 15:49:21;1664552961118;3658.25;2;0;1;3654.0;3653.75
2022.09.30 15:49:21;1664552961118;3658.25;1;0;1;3654.0;3653.75
2022.09.30 15:49:21;1664552961118;3658.25;1;0;1;3654.0;3653.75
2022.09.30 15:49:21;1664552961118;3658.25;1;0;0;3654.0;3653.75
2022.09.30 15:49:21;1664552961118;3658.25;1;0;1;3654.0;3653.75
2022.09.30 15:49:21;1664552961119;3658.25;1;0;1;3654.0;3653.75
2022.09.30 15:49:21;1664552961119;3658.25;1;0;0;3654.0;3653.75
2022.09.30 15:49:21;1664552961174;3658.0;1;0;1;3654.0;3653.75
2022.09.30 15:49:21;1664552961268;3658.25;1;1;0;3654.0;3653.75
2022.09.30 15:49:21;1664552961317;3658.25;5;1;0;3654.0;3653.75
2022.09.30 15:49:21;1664552961317;3658.25;4;1;0;3654.0;3653.75
2022.09.30 15:49:21;1664552961317;3658.25;1;1;0;3654.0;3653.75
2022.09.30 15:49:21;1664552961317;3658.25;1;1;0;3654.0;3653.75
2022.09.30 15:49:21;1664552961317;3658.25;1;1;0;3654.0;3653.75
2022.09.30 15:49:21;1664552961317;3658.25;3;1;0;3654.0;3653.75
2022.09.30 15:49:21;1664552961317;3658.25;1;1;0;3654.0;3653.75
2022.09.30 15:49:21;1664552961317;3658.25;1;1;0;3654.0;3653.75
2022.09.30 15:49:21;1664552961317;3658.25;1;1;0;3654.0;3653.75
2022.09.30 15:49:21;1664552961317;3658.25;1;1;0;3654.0;3653.75
2022.09.30 15:49:21;1664552961318;3658.5;1;1;0;3654.0;3653.75
2022.09.30 15:49:21;1664552961318;3658.5;1;1;0;3654.0;3653.75
2022.09.30 15:49:21;1664552961318;3658.5;1;1;0;3654.0;3653.75
2022.09.30 15:49:21;1664552961320;3658.5;1;1;0;3654.0;3653.75
2022.09.30 15:49:21;1664552961321;3658.5;1;1;0;3654.0;3653.75
2022.09.30 15:49:21;1664552961321;3658.5;1;1;0;3654.0;3653.75
2022.09.30 15:49:21;1664552961321;3658.5;1;1;0;3654.0;3653.75
2022.09.30 15:49:21;1664552961321;3658.5;1;1;0;3654.0;3653.75
2022.09.30 15:49:21;1664552961321;3658.5;4;1;0;3654.0;3653.75
2022.09.30 15:49:21;1664552961321;3658.5;2;1;0;3654.0;3653.75
2022.09.30 15:49:21;1664552961321;3658.5;2;1;0;3654.0;3653.75
2022.09.30 15:49:21;1664552961321;3658.5;3;1;0;3654.0;3653.75
2022.09.30 15:49:21;1664552961321;3658.5;3;1;0;3654.0;3653.75
2022.09.30 15:49:21;1664552961321;3658.5;1;1;0;3654.0;3653.75
2022.09.30 15:49:21;1664552961321;3658.5;1;1;0;3654.0;3653.75
2022.09.30 15:49:21;1664552961321;3658.5;1;1;0;3654.0;3653.75
2022.09.30 15:49:21;1664552961321;3658.5;1;1;0;3654.0;3653.75
2022.09.30 15:49:21;1664552961321;3658.5;1;1;0;3654.0;3653.75
2022.09.30 15:49:21;1664552961321;3658.5;3;1;0;3654.0;3653.75
2022.09.30 15:49:21;1664552961321;3658.5;1;1;0;3654.0;3653.75
2022.09.30 15:49:21;1664552961321;3658.5;1;1;0;3654.0;3653.75
2022.09.30 15:49:21;1664552961321;3658.5;1;1;0;3654.0;3653.75
2022.09.30 15:49:21;1664552961321;3658.5;1;1;0;3654.0;3653.75
2022.09.30 15:49:21;1664552961321;3658.5;1;1;0;3654.0;3653.75
2022.09.30 15:49:21;1664552961321;3658.5;1;1;0;3654.0;3653.75
2022.09.30 15:49:21;1664552961321;3658.5;1;0;0;3654.0;3653.75
2022.09.30 15:49:21;1664552961512;3658.25;1;0;1;3654.0;3653.75
2022.09.30 15:49:21;1664552961597;3658.5;1;1;0;3654.0;3653.75
2022.09.30 15:49:21;1664552961615;3658.25;1;0;1;3654.0;3653.75
2022.09.30 15:49:21;1664552961666;3658.5;1;1;0;3654.0;3653.75
2022.09.30 15:49:21;1664552961808;3658.25;1;0;1;3654.0;3653.75
2022.09.30 15:49:22;1664552962221;3658.25;1;0;1;3654.0;3653.75
2022.09.30 15:49:22;1664552962310;3658.25;1;0;1;3654.0;3653.75
2022.09.30 15:49:22;1664552962764;3658.5;1;1;0;3654.0;3653.75
2022.09.30 15:49:22;1664552962764;3658.5;1;1;0;3654.0;3653.75
2022.09.30 15:49:22;1664552962764;3658.5;3;1;0;3654.0;3653.75
2022.09.30 15:49:22;1664552962826;3658.5;1;1;0;3654.0;3653.75
2022.09.30 15:49:22;1664552962893;3658.25;1;0;1;3654.0;3653.75
2022.09.30 15:49:22;1664552962893;3658.25;2;0;1;3654.0;3653.75
2022.09.30 15:49:22;1664552962937;3658.5;1;1;0;3654.0;3653.75
2022.09.30 15:49:23;1664552963090;3658.25;2;0;1;3654.0;3653.75
2022.09.30 15:49:23;1664552963090;3658.25;2;0;1;3654.0;3653.75
2022.09.30 15:49:23;1664552963144;3658.25;3;0;1;3654.0;3653.75
2022.09.30 15:49:23;1664552963144;3658.25;1;0;1;3654.0;3653.75
2022.09.30 15:49:23;1664552963224;3658.25;2;0;1;3654.0;3653.75
2022.09.30 15:49:23;1664552963224;3658.25;1;0;1;3654.0;3653.75
2022.09.30 15:49:23;1664552963224;3658.25;1;0;1;3654.0;3653.75
2022.09.30 15:49:23;1664552963224;3658.25;2;0;1;3654.0;3653.75
2022.09.30 15:49:23;1664552963224;3658.25;2;0;1;3654.0;3653.75
2022.09.30 15:49:23;1664552963224;3658.25;1;0;1;3654.0;3653.75
2022.09.30 15:49:23;1664552963224;3658.25;2;0;1;3654.0;3653.75
2022.09.30 15:49:23;1664552963224;3658.25;1;0;1;3654.0;3653.75
2022.09.30 15:49:23;1664552963224;3658.25;1;0;1;3654.0;3653.75
2022.09.30 15:49:23;1664552963224;3658.25;1;0;1;3654.0;3653.75
2022.09.30 15:49:23;1664552963224;3658.25;2;0;1;3654.0;3653.75
2022.09.30 15:49:23;1664552963224;3658.25;1;0;1;3654.0;3653.75
2022.09.30 15:49:23;1664552963224;3658.25;1;0;1;3654.0;3653.75
2022.09.30 15:49:23;1664552963224;3658.25;1;0;1;3654.0;3653.75
2022.09.30 15:49:23;1664552963224;3658.25;1;0;0;3654.0;3653.75
2022.09.30 15:49:23;1664552963226;3658.0;1;0;1;3654.0;3653.75
2022.09.30 15:49:23;1664552963260;3658.25;1;1;0;3654.0;3653.75
2022.09.30 15:49:23;1664552963273;3658.0;1;0;1;3654.0;3653.75
2022.09.30 15:49:23;1664552963274;3658.0;1;0;1;3654.0;3653.75
2022.09.30 15:49:23;1664552963294;3658.25;4;1;0;3654.0;3653.75
2022.09.30 15:49:23;1664552963294;3658.25;4;1;0;3654.0;3653.75
2022.09.30 15:49:23;1664552963294;3658.25;1;1;0;3654.0;3653.75
2022.09.30 15:49:23;1664552963294;3658.25;1;1;0;3654.0;3653.75
2022.09.30 15:49:23;1664552963358;3658.0;3;0;1;3654.0;3653.75
2022.09.30 15:49:23;1664552963946;3658.25;1;1;0;3654.0;3653.75
2022.09.30 15:49:23;1664552963946;3658.25;1;1;0;3654.0;3653.75
2022.09.30 15:49:23;1664552963946;3658.25;1;1;0;3654.0;3653.75
2022.09.30 15:49:23;1664552963946;3658.25;1;1;0;3654.0;3653.75
2022.09.30 15:49:23;1664552963946;3658.25;1;1;0;3654.0;3653.75
2022.09.30 15:49:23;1664552963946;3658.25;1;1;0;3654.0;3653.75
2022.09.30 15:49:23;1664552963947;3658.25;1;1;0;3654.0;3653.75
2022.09.30 15:49:23;1664552963947;3658.25;1;1;0;3654.0;3653.75
2022.09.30 15:49:23;1664552963947;3658.25;1;1;0;3654.0;3653.75
2022.09.30 15:49:23;1664552963947;3658.25;1;1;0;3654.0;3653.75
2022.09.30 15:49:23;1664552963947;3658.25;1;1;0;3654.0;3653.75
2022.09.30 15:49:23;1664552963947;3658.25;1;0;1;3654.0;3653.75
2022.09.30 15:49:23;1664552963947;3658.25;1;0;1;3654.0;3653.75
2022.09.30 15:49:23;1664552963947;3658.25;2;0;1;3654.0;3653.75
2022.09.30 15:49:23;1664552963947;3658.25;3;0;1;3654.0;3653.75
2022.09.30 15:49:23;1664552963947;3658.25;1;1;0;3654.0;3653.75
2022.09.30 15:49:23;1664552963947;3658.25;1;0;1;3654.0;3653.75
2022.09.30 15:49:23;1664552963947;3658.25;1;0;0;3654.0;3653.75
2022.09.30 15:49:23;1664552963950;3658.25;1;0;1;3654.0;3653.75
2022.09.30 15:49:23;1664552963950;3658.25;1;0;1;3654.0;3653.75
2022.09.30 15:49:23;1664552963950;3658.25;1;0;1;3654.0;3653.75
2022.09.30 15:49:23;1664552963950;3658.25;1;0;1;3654.0;3653.75
2022.09.30 15:49:23;1664552963950;3658.25;1;0;1;3654.0;3653.75
2022.09.30 15:49:23;1664552963950;3658.25;1;0;1;3654.0;3653.75
2022.09.30 15:49:23;1664552963950;3658.25;1;0;1;3654.0;3653.75
2022.09.30 15:49:23;1664552963950;3658.25;1;0;1;3654.0;3653.75
2022.09.30 15:49:23;1664552963950;3658.25;1;1;0;3654.0;3653.75
2022.09.30 15:49:23;1664552963951;3658.25;1;0;0;3654.0;3653.75
2022.09.30 15:49:23;1664552963985;3658.0;1;0;1;3654.0;3653.75
2022.09.30 15:49:24;1664552964111;3658.0;1;0;1;3654.0;3653.75
2022.09.30 15:49:24;1664552964140;3658.0;1;0;1;3654.0;3653.75
2022.09.30 15:49:24;1664552964151;3658.0;1;0;1;3654.0;3653.75
2022.09.30 15:49:24;1664552964321;3658.25;1;1;0;3654.0;3653.75
2022.09.30 15:49:24;1664552964321;3658.25;1;1;0;3654.0;3653.75
2022.09.30 15:49:24;1664552964321;3658.25;1;1;0;3654.0;3653.75
2022.09.30 15:49:24;1664552964321;3658.25;1;1;0;3654.0;3653.75
2022.09.30 15:49:24;1664552964321;3658.25;1;1;0;3654.0;3653.75
2022.09.30 15:49:24;1664552964321;3658.25;1;1;0;3654.0;3653.75
2022.09.30 15:49:24;1664552964321;3658.25;1;1;0;3654.0;3653.75
2022.09.30 15:49:24;1664552964321;3658.25;2;1;0;3654.0;3653.75
2022.09.30 15:49:24;1664552964321;3658.25;1;1;0;3654.0;3653.75
2022.09.30 15:49:24;1664552964321;3658.25;1;1;0;3654.0;3653.75
2022.09.30 15:49:24;1664552964321;3658.25;1;1;0;3654.0;3653.75
2022.09.30 15:49:24;1664552964321;3658.25;2;1;0;3654.0;3653.75
2022.09.30 15:49:24;1664552964321;3658.25;1;1;0;3654.0;3653.75
2022.09.30 15:49:24;1664552964321;3658.25;1;0;0;3654.0;3653.75
2022.09.30 15:49:24;1664552964321;3658.25;1;0;0;3654.0;3653.75
2022.09.30 15:49:24;1664552964321;3658.25;1;0;1;3654.0;3653.75
2022.09.30 15:49:24;1664552964321;3658.25;1;0;1;3654.0;3653.75
2022.09.30 15:49:24;1664552964397;3658.5;1;1;0;3654.0;3653.75
2022.09.30 15:49:24;1664552964397;3658.5;1;1;0;3654.0;3653.75
2022.09.30 15:49:24;1664552964398;3658.5;3;1;0;3654.0;3653.75
2022.09.30 15:49:24;1664552964398;3658.5;1;1;0;3654.0;3653.75
2022.09.30 15:49:24;1664552964398;3658.5;1;1;0;3654.0;3653.75
2022.09.30 15:49:24;1664552964398;3658.5;1;1;0;3654.0;3653.75
2022.09.30 15:49:24;1664552964398;3658.5;2;1;0;3654.0;3653.75
2022.09.30 15:49:24;1664552964398;3658.5;4;0;1;3654.0;3653.75
2022.09.30 15:49:24;1664552964398;3658.5;4;0;1;3654.0;3653.75
2022.09.30 15:49:24;1664552964398;3658.5;1;0;1;3654.0;3653.75
2022.09.30 15:49:24;1664552964398;3658.5;1;0;1;3654.0;3653.75
2022.09.30 15:49:24;1664552964398;3658.5;1;0;1;3654.0;3653.75
2022.09.30 15:49:24;1664552964398;3658.5;1;0;1;3654.0;3653.75
2022.09.30 15:49:24;1664552964398;3658.5;1;0;1;3654.0;3653.75
2022.09.30 15:49:24;1664552964398;3658.5;1;0;1;3654.0;3653.75
2022.09.30 15:49:24;1664552964398;3658.5;1;0;0;3654.0;3653.75
2022.09.30 15:49:24;1664552964399;3658.5;1;0;0;3654.0;3653.75
2022.09.30 15:49:24;1664552964400;3658.5;1;1;0;3654.0;3653.75
2022.09.30 15:49:24;1664552964400;3658.5;2;1;0;3654.0;3653.75
2022.09.30 15:49:24;1664552964400;3658.5;1;1;0;3654.0;3653.75
2022.09.30 15:49:24;1664552964400;3658.5;1;1;0;3654.0;3653.75
2022.09.30 15:49:24;1664552964400;3658.5;1;1;0;3654.0;3653.75
2022.09.30 15:49:24;1664552964400;3658.5;1;1;0;3654.0;3653.75
2022.09.30 15:49:24;1664552964400;3658.5;1;1;0;3654.0;3653.75
2022.09.30 15:49:24;1664552964400;3658.5;1;1;0;3654.0;3653.75
2022.09.30 15:49:24;1664552964400;3658.5;1;1;0;3654.0;3653.75
2022.09.30 15:49:24;1664552964400;3658.5;1;1;0;3654.0;3653.75
2022.09.30 15:49:24;1664552964400;3658.5;1;1;0;3654.0;3653.75
2022.09.30 15:49:24;1664552964400;3658.5;1;1;0;3654.0;3653.75
2022.09.30 15:49:24;1664552964400;3658.5;1;1;0;3654.0;3653.75
2022.09.30 15:49:24;1664552964453;3658.5;1;1;0;3654.0;3653.75
2022.09.30 15:49:24;1664552964496;3658.5;1;1;0;3654.0;3653.75
2022.09.30 15:49:24;1664552964496;3658.5;1;1;0;3654.0;3653.75
2022.09.30 15:49:24;1664552964496;3658.5;1;1;0;3654.0;3653.75
2022.09.30 15:49:24;1664552964496;3658.5;1;1;0;3654.0;3653.75
2022.09.30 15:49:24;1664552964496;3658.5;1;1;0;3654.0;3653.75
2022.09.30 15:49:24;1664552964496;3658.5;1;1;0;3654.0;3653.75
2022.09.30 15:49:24;1664552964496;3658.5;1;0;1;3654.0;3653.75
2022.09.30 15:49:24;1664552964496;3658.5;2;0;1;3654.0;3653.75
2022.09.30 15:49:24;1664552964496;3658.5;1;0;1;3654.0;3653.75
2022.09.30 15:49:24;1664552964496;3658.5;1;0;1;3654.0;3653.75
2022.09.30 15:49:24;1664552964496;3658.5;2;0;1;3654.0;3653.75
2022.09.30 15:49:24;1664552964496;3658.5;1;0;1;3654.0;3653.75
2022.09.30 15:49:24;1664552964496;3658.5;1;0;1;3654.0;3653.75
2022.09.30 15:49:24;1664552964496;3658.5;1;0;1;3654.0;3653.75
2022.09.30 15:49:24;1664552964496;3658.5;1;0;1;3654.0;3653.75
2022.09.30 15:49:24;1664552964496;3658.5;1;1;0;3654.0;3653.75
2022.09.30 15:49:24;1664552964497;3658.5;1;1;0;3654.0;3653.75
2022.09.30 15:49:24;1664552964604;3658.25;1;0;1;3654.0;3653.75
2022.09.30 15:49:24;1664552964751;3658.25;1;0;1;3654.0;3653.75
2022.09.30 15:49:24;1664552964912;3658.25;1;0;1;3654.0;3653.75
2022.09.30 15:49:25;1664552965004;3658.5;1;1;0;3654.0;3653.75
2022.09.30 15:49:25;1664552965005;3658.5;1;0;0;3654.0;3653.75
2022.09.30 15:49:25;1664552965009;3658.5;1;0;0;3654.0;3653.75
2022.09.30 15:49:25;1664552965354;3658.75;1;1;0;3654.0;3653.75
2022.09.30 15:49:25;1664552965581;3658.5;1;0;1;3654.0;3653.75
2022.09.30 15:49:25;1664552965581;3658.5;1;0;1;3654.0;3653.75
2022.09.30 15:49:25;1664552965605;3658.75;1;1;0;3654.0;3653.75
2022.09.30 15:49:25;1664552965645;3658.5;1;0;1;3654.0;3653.75
2022.09.30 15:49:25;1664552965731;3658.75;3;1;0;3654.0;3653.75
2022.09.30 15:49:25;1664552965837;3658.5;1;0;1;3654.0;3653.75
2022.09.30 15:49:25;1664552965864;3658.75;1;1;0;3654.0;3653.75
2022.09.30 15:49:25;1664552965870;3658.75;1;1;0;3654.0;3653.75
2022.09.30 15:49:25;1664552965870;3658.75;1;1;0;3654.0;3653.75
2022.09.30 15:49:25;1664552965870;3658.75;1;1;0;3654.0;3653.75
2022.09.30 15:49:25;1664552965870;3658.75;1;1;0;3654.0;3653.75
2022.09.30 15:49:25;1664552965870;3658.75;2;1;0;3654.0;3653.75
2022.09.30 15:49:25;1664552965870;3658.75;1;1;0;3654.0;3653.75
2022.09.30 15:49:25;1664552965870;3658.75;1;1;0;3654.0;3653.75
2022.09.30 15:49:25;1664552965870;3658.75;1;1;0;3654.0;3653.75
2022.09.30 15:49:25;1664552965871;3658.75;1;1;0;3654.0;3653.75
2022.09.30 15:49:25;1664552965871;3658.75;1;1;0;3654.0;3653.75
2022.09.30 15:49:25;1664552965871;3658.75;1;1;0;3654.0;3653.75
2022.09.30 15:49:25;1664552965891;3658.75;1;1;0;3654.0;3653.75
2022.09.30 15:49:25;1664552965891;3658.75;1;1;0;3654.0;3653.75
2022.09.30 15:49:25;1664552965891;3658.75;1;1;0;3654.0;3653.75
2022.09.30 15:49:25;1664552965891;3658.75;1;1;0;3654.0;3653.75
2022.09.30 15:49:25;1664552965891;3658.75;1;1;0;3654.0;3653.75
2022.09.30 15:49:25;1664552965891;3658.75;4;1;0;3654.0;3653.75
2022.09.30 15:49:25;1664552965891;3658.75;4;0;0;3654.0;3653.75
2022.09.30 15:49:25;1664552965891;3658.75;4;0;0;3654.0;3653.75
2022.09.30 15:49:25;1664552965892;3658.75;7;0;1;3654.0;3653.75
2022.09.30 15:49:25;1664552965892;3658.75;1;0;1;3654.0;3653.75
2022.09.30 15:49:25;1664552965892;3658.75;1;0;1;3654.0;3653.75
2022.09.30 15:49:25;1664552965893;3658.75;1;0;1;3654.0;3653.75
2022.09.30 15:49:25;1664552965893;3658.75;1;0;1;3654.0;3653.75
2022.09.30 15:49:25;1664552965893;3658.75;1;0;1;3654.0;3653.75
2022.09.30 15:49:25;1664552965893;3658.75;1;0;1;3654.0;3653.75
2022.09.30 15:49:25;1664552965893;3658.75;1;0;0;3654.0;3653.75
2022.09.30 15:49:25;1664552965893;3658.75;1;1;0;3654.0;3653.75
2022.09.30 15:49:25;1664552965893;3658.75;1;1;0;3654.0;3653.75
2022.09.30 15:49:25;1664552965893;3658.75;1;1;0;3654.0;3653.75
2022.09.30 15:49:25;1664552965893;3658.75;1;1;0;3654.0;3653.75
2022.09.30 15:49:25;1664552965893;3658.75;1;1;0;3654.0;3653.75
2022.09.30 15:49:25;1664552965893;3658.75;2;1;0;3654.0;3653.75
2022.09.30 15:49:25;1664552965894;3658.75;1;1;0;3654.0;3653.75
2022.09.30 15:49:25;1664552965894;3658.75;1;0;1;3654.0;3653.75
2022.09.30 15:49:25;1664552965894;3658.75;1;1;0;3654.0;3653.75
2022.09.30 15:49:25;1664552965894;3658.75;1;1;0;3654.0;3653.75
2022.09.30 15:49:25;1664552965894;3658.75;1;0;0;3654.0;3653.75
2022.09.30 15:49:25;1664552965898;3658.75;1;0;0;3654.0;3653.75
2022.09.30 15:49:25;1664552965932;3658.75;1;1;0;3654.0;3653.75
2022.09.30 15:49:25;1664552965956;3658.75;1;1;0;3654.0;3653.75
2022.09.30 15:49:25;1664552965956;3658.75;2;0;1;3654.0;3653.75
2022.09.30 15:49:25;1664552965956;3658.75;1;1;0;3654.0;3653.75
2022.09.30 15:49:25;1664552965956;3658.75;1;1;0;3654.0;3653.75
2022.09.30 15:49:25;1664552965956;3658.75;1;1;0;3654.0;3653.75
2022.09.30 15:49:25;1664552965956;3658.75;1;1;0;3654.0;3653.75
2022.09.30 15:49:25;1664552965970;3658.75;1;1;0;3654.0;3653.75
2022.09.30 15:49:25;1664552965970;3658.75;1;0;0;3654.0;3653.75
2022.09.30 15:49:26;1664552966083;3658.75;1;0;1;3654.0;3653.75
2022.09.30 15:49:26;1664552966083;3658.75;1;0;1;3654.0;3653.75
2022.09.30 15:49:26;1664552966083;3658.75;1;0;1;3654.0;3653.75
2022.09.30 15:49:26;1664552966083;3658.75;1;0;1;3654.0;3653.75
2022.09.30 15:49:26;1664552966083;3658.75;1;0;1;3654.0;3653.75
2022.09.30 15:49:26;1664552966091;3658.75;1;0;1;3654.0;3653.75
2022.09.30 15:49:26;1664552966091;3658.75;1;0;1;3654.0;3653.75
2022.09.30 15:49:26;1664552966091;3658.75;2;0;1;3654.0;3653.75
2022.09.30 15:49:26;1664552966091;3658.75;2;0;1;3654.0;3653.75
2022.09.30 15:49:26;1664552966091;3658.75;2;0;1;3654.0;3653.75
2022.09.30 15:49:26;1664552966091;3658.75;2;0;0;3654.0;3653.75
2022.09.30 15:49:26;1664552966157;3658.75;1;1;0;3654.0;3653.75
2022.09.30 15:49:26;1664552966157;3658.75;1;1;0;3654.0;3653.75
2022.09.30 15:49:26;1664552966157;3658.75;1;1;0;3654.0;3653.75
2022.09.30 15:49:26;1664552966157;3658.75;1;1;0;3654.0;3653.75
2022.09.30 15:49:26;1664552966157;3658.75;1;0;0;3654.0;3653.75
2022.09.30 15:49:26;1664552966157;3658.75;2;1;1;3654.0;3653.75
2022.09.30 15:49:26;1664552966157;3658.75;1;0;1;3654.0;3653.75
2022.09.30 15:49:26;1664552966157;3658.75;1;0;1;3654.0;3653.75
2022.09.30 15:49:26;1664552966157;3658.75;1;0;0;3654.0;3653.75
2022.09.30 15:49:26;1664552966158;3658.75;1;0;0;3654.0;3653.75
2022.09.30 15:49:26;1664552966182;3658.5;1;0;1;3654.0;3653.75
2022.09.30 15:49:26;1664552966182;3658.5;1;0;1;3654.0;3653.75
2022.09.30 15:49:26;1664552966182;3658.5;1;0;0;3654.0;3653.75
2022.09.30 15:49:26;1664552966310;3658.75;1;1;0;3654.0;3653.75
2022.09.30 15:49:26;1664552966310;3658.75;1;1;0;3654.0;3653.75
2022.09.30 15:49:26;1664552966310;3658.75;1;0;0;3654.0;3653.75
2022.09.30 15:49:26;1664552966327;3658.75;1;0;1;3654.0;3653.75
2022.09.30 15:49:26;1664552966328;3658.75;1;0;1;3654.0;3653.75
2022.09.30 15:49:26;1664552966328;3658.75;1;0;1;3654.0;3653.75
2022.09.30 15:49:26;1664552966328;3658.75;1;0;1;3654.0;3653.75
2022.09.30 15:49:26;1664552966328;3658.75;1;0;1;3654.0;3653.75
2022.09.30 15:49:26;1664552966328;3658.75;1;0;1;3654.0;3653.75
2022.09.30 15:49:26;1664552966328;3658.75;1;0;0;3654.0;3653.75
2022.09.30 15:49:26;1664552966328;3658.75;1;0;0;3654.0;3653.75
2022.09.30 15:49:26;1664552966357;3658.75;1;1;0;3654.0;3653.75
2022.09.30 15:49:26;1664552966357;3658.75;1;0;0;3654.0;3653.75
2022.09.30 15:49:26;1664552966565;3659.0;1;1;0;3654.0;3653.75
2022.09.30 15:49:26;1664552966565;3659.0;1;1;0;3654.0;3653.75
2022.09.30 15:49:26;1664552966928;3659.0;1;1;0;3654.0;3653.75
2022.09.30 15:49:27;1664552967064;3659.0;1;1;0;3654.0;3653.75
2022.09.30 15:49:27;1664552967064;3659.0;1;1;0;3654.0;3653.75
2022.09.30 15:49:27;1664552967064;3659.0;1;1;0;3654.0;3653.75
2022.09.30 15:49:27;1664552967064;3659.0;1;1;0;3654.0;3653.75
2022.09.30 15:49:27;1664552967064;3659.0;1;1;0;3654.0;3653.75
2022.09.30 15:49:27;1664552967064;3659.0;3;1;0;3654.0;3653.75
2022.09.30 15:49:27;1664552967064;3659.0;1;1;0;3654.0;3653.75
2022.09.30 15:49:27;1664552967064;3659.0;6;1;0;3654.0;3653.75
2022.09.30 15:49:27;1664552967065;3659.0;1;1;0;3654.0;3653.75
2022.09.30 15:49:27;1664552967065;3659.0;1;1;0;3654.0;3653.75
2022.09.30 15:49:27;1664552967065;3659.0;1;1;0;3654.0;3653.75
2022.09.30 15:49:27;1664552967065;3659.0;1;1;0;3654.0;3653.75
2022.09.30 15:49:27;1664552967065;3659.0;1;1;0;3654.0;3653.75
2022.09.30 15:49:27;1664552967065;3659.0;1;0;0;3654.0;3653.75
2022.09.30 15:49:27;1664552967069;3659.0;1;0;0;3654.0;3653.75
2022.09.30 15:49:27;1664552967078;3659.0;1;0;1;3654.0;3653.75
2022.09.30 15:49:27;1664552967078;3659.0;1;0;1;3654.0;3653.75
2022.09.30 15:49:27;1664552967085;3659.0;1;0;1;3654.0;3653.75
2022.09.30 15:49:27;1664552967085;3659.0;2;0;1;3654.0;3653.75
2022.09.30 15:49:27;1664552967085;3659.0;3;0;1;3654.0;3653.75
2022.09.30 15:49:27;1664552967085;3659.0;1;0;1;3654.0;3653.75
2022.09.30 15:49:27;1664552967085;3659.0;5;0;1;3654.0;3653.75
2022.09.30 15:49:27;1664552967085;3659.0;4;0;1;3654.0;3653.75
2022.09.30 15:49:27;1664552967086;3659.0;1;1;0;3654.0;3653.75
2022.09.30 15:49:27;1664552967086;3659.0;1;1;0;3654.0;3653.75
2022.09.30 15:49:27;1664552967086;3659.0;2;1;0;3654.0;3653.75
2022.09.30 15:49:27;1664552967086;3659.0;1;1;0;3654.0;3653.75
2022.09.30 15:49:27;1664552967086;3659.0;1;0;1;3654.0;3653.75
2022.09.30 15:49:27;1664552967086;3659.0;1;0;1;3654.0;3653.75
2022.09.30 15:49:27;1664552967086;3659.0;1;0;1;3654.0;3653.75
2022.09.30 15:49:27;1664552967086;3659.0;1;0;1;3654.0;3653.75
2022.09.30 15:49:27;1664552967086;3659.0;1;0;1;3654.0;3653.75
2022.09.30 15:49:27;1664552967086;3659.0;1;0;1;3654.0;3653.75
2022.09.30 15:49:27;1664552967086;3659.0;1;0;1;3654.0;3653.75
2022.09.30 15:49:27;1664552967086;3659.0;1;0;1;3654.0;3653.75
2022.09.30 15:49:27;1664552967086;3659.0;1;0;1;3654.0;3653.75
2022.09.30 15:49:27;1664552967086;3659.0;1;0;1;3654.0;3653.75
2022.09.30 15:49:27;1664552967086;3659.0;1;0;1;3654.0;3653.75
2022.09.30 15:49:27;1664552967086;3659.0;1;0;1;3654.0;3653.75
2022.09.30 15:49:27;1664552967086;3659.0;1;0;1;3654.0;3653.75
2022.09.30 15:49:27;1664552967086;3659.0;1;0;1;3654.0;3653.75
2022.09.30 15:49:27;1664552967086;3659.0;1;1;0;3654.0;3653.75
2022.09.30 15:49:27;1664552967087;3659.0;1;0;1;3654.0;3653.75
2022.09.30 15:49:27;1664552967153;3659.0;1;0;1;3654.0;3653.75
2022.09.30 15:49:27;1664552967153;3659.0;1;0;1;3654.0;3653.75
2022.09.30 15:49:27;1664552967153;3659.0;1;0;1;3654.0;3653.75
2022.09.30 15:49:27;1664552967153;3659.0;1;0;1;3654.0;3653.75
2022.09.30 15:49:27;1664552967153;3659.0;1;0;0;3654.0;3653.75
2022.09.30 15:49:27;1664552967153;3659.0;1;1;0;3654.0;3653.75
2022.09.30 15:49:27;1664552967153;3659.0;1;1;0;3654.0;3653.75
2022.09.30 15:49:27;1664552967153;3659.0;4;1;0;3654.0;3653.75
2022.09.30 15:49:27;1664552967153;3659.0;1;1;0;3654.0;3653.75
2022.09.30 15:49:27;1664552967153;3659.0;1;0;0;3654.0;3653.75
2022.09.30 15:49:27;1664552967162;3659.0;1;0;0;3654.0;3653.75
2022.09.30 15:49:27;1664552967207;3659.0;1;0;0;3654.0;3653.75
2022.09.30 15:49:27;1664552967251;3658.75;1;0;1;3654.0;3653.75
2022.09.30 15:49:27;1664552967251;3658.75;1;0;1;3654.0;3653.75
2022.09.30 15:49:27;1664552967251;3658.75;1;0;1;3654.0;3653.75
2022.09.30 15:49:27;1664552967251;3658.75;4;0;1;3654.0;3653.75
2022.09.30 15:49:27;1664552967251;3658.75;1;0;1;3654.0;3653.75
2022.09.30 15:49:27;1664552967251;3658.75;1;0;1;3654.0;3653.75
2022.09.30 15:49:27;1664552967251;3658.75;1;0;1;3654.0;3653.75
2022.09.30 15:49:27;1664552967251;3658.75;1;0;1;3654.0;3653.75
2022.09.30 15:49:27;1664552967251;3658.75;1;0;1;3654.0;3653.75
2022.09.30 15:49:27;1664552967251;3658.75;4;0;1;3654.0;3653.75
2022.09.30 15:49:27;1664552967251;3658.75;1;0;1;3654.0;3653.75
2022.09.30 15:49:27;1664552967251;3658.75;1;0;1;3654.0;3653.75
2022.09.30 15:49:27;1664552967251;3658.75;1;0;1;3654.0;3653.75
2022.09.30 15:49:27;1664552967251;3658.75;1;0;1;3654.0;3653.75
2022.09.30 15:49:27;1664552967251;3658.75;1;0;1;3654.0;3653.75
2022.09.30 15:49:27;1664552967251;3658.75;1;0;1;3654.0;3653.75
2022.09.30 15:49:27;1664552967251;3658.75;3;0;1;3654.0;3653.75
2022.09.30 15:49:27;1664552967251;3658.75;1;0;1;3654.0;3653.75
2022.09.30 15:49:27;1664552967251;3658.75;2;0;1;3654.0;3653.75
2022.09.30 15:49:27;1664552967251;3658.75;2;0;1;3654.0;3653.75
2022.09.30 15:49:27;1664552967251;3658.75;1;0;1;3654.0;3653.75
2022.09.30 15:49:27;1664552967251;3658.75;1;0;1;3654.0;3653.75
2022.09.30 15:49:27;1664552967251;3658.75;1;0;1;3654.0;3653.75
2022.09.30 15:49:27;1664552967251;3658.75;1;0;1;3654.0;3653.75
2022.09.30 15:49:27;1664552967251;3658.75;1;0;1;3654.0;3653.75
2022.09.30 15:49:27;1664552967251;3658.75;1;0;1;3654.0;3653.75
2022.09.30 15:49:27;1664552967251;3658.75;1;0;1;3654.0;3653.75
2022.09.30 15:49:27;1664552967251;3658.75;1;0;1;3654.0;3653.75
2022.09.30 15:49:27;1664552967252;3658.75;1;0;1;3654.0;3653.75
2022.09.30 15:49:27;1664552967252;3658.75;1;0;1;3654.0;3653.75
2022.09.30 15:49:27;1664552967252;3658.75;4;0;1;3654.0;3653.75
2022.09.30 15:49:27;1664552967252;3658.75;2;0;1;3654.0;3653.75
2022.09.30 15:49:27;1664552967252;3658.75;1;0;1;3654.0;3653.75
2022.09.30 15:49:27;1664552967252;3658.75;2;0;1;3654.0;3653.75
2022.09.30 15:49:27;1664552967252;3658.75;1;0;1;3654.0;3653.75
2022.09.30 15:49:27;1664552967253;3658.75;1;0;1;3654.0;3653.75
2022.09.30 15:49:27;1664552967253;3658.75;2;0;1;3654.0;3653.75
2022.09.30 15:49:27;1664552967253;3658.75;1;0;1;3654.0;3653.75
2022.09.30 15:49:27;1664552967253;3658.75;1;0;1;3654.0;3653.75
2022.09.30 15:49:27;1664552967253;3658.75;1;0;1;3654.0;3653.75
2022.09.30 15:49:27;1664552967253;3658.75;1;0;1;3654.0;3653.75
2022.09.30 15:49:27;1664552967253;3658.75;1;0;1;3654.0;3653.75
2022.09.30 15:49:27;1664552967335;3659.0;1;1;0;3654.0;3653.75
2022.09.30 15:49:27;1664552967335;3659.0;1;1;0;3654.0;3653.75
2022.09.30 15:49:27;1664552967533;3658.75;1;0;1;3654.0;3653.75
2022.09.30 15:49:27;1664552967577;3659.0;1;1;0;3654.0;3653.75
2022.09.30 15:49:27;1664552967628;3658.75;1;0;1;3654.0;3653.75
2022.09.30 15:49:27;1664552967633;3658.75;1;0;1;3654.0;3653.75
2022.09.30 15:49:27;1664552967633;3658.75;1;0;1;3654.0;3653.75
2022.09.30 15:49:27;1664552967633;3658.75;1;0;1;3654.0;3653.75
2022.09.30 15:49:27;1664552967633;3658.75;1;0;1;3654.0;3653.75
2022.09.30 15:49:27;1664552967633;3658.75;1;0;1;3654.0;3653.75
2022.09.30 15:49:27;1664552967633;3658.75;4;0;1;3654.0;3653.75
2022.09.30 15:49:27;1664552967633;3658.75;1;0;1;3654.0;3653.75
2022.09.30 15:49:27;1664552967634;3658.75;1;0;1;3654.0;3653.75
2022.09.30 15:49:27;1664552967634;3658.75;1;0;1;3654.0;3653.75
2022.09.30 15:49:27;1664552967634;3658.75;1;0;1;3654.0;3653.75
2022.09.30 15:49:27;1664552967634;3658.75;1;0;1;3654.0;3653.75
2022.09.30 15:49:27;1664552967634;3658.75;1;0;1;3654.0;3653.75
2022.09.30 15:49:27;1664552967634;3658.75;1;0;1;3654.0;3653.75
2022.09.30 15:49:27;1664552967634;3658.75;1;0;1;3654.0;3653.75
2022.09.30 15:49:27;1664552967634;3658.75;3;0;1;3654.0;3653.75
2022.09.30 15:49:27;1664552967634;3658.75;1;0;1;3654.0;3653.75
2022.09.30 15:49:27;1664552967634;3658.75;4;0;1;3654.0;3653.75
2022.09.30 15:49:27;1664552967634;3658.75;1;0;1;3654.0;3653.75
2022.09.30 15:49:27;1664552967649;3658.75;1;0;1;3654.0;3653.75
2022.09.30 15:49:27;1664552967656;3658.75;1;0;1;3654.0;3653.75
2022.09.30 15:49:27;1664552967800;3659.0;1;1;0;3654.0;3653.75
2022.09.30 15:49:27;1664552967810;3658.75;1;0;1;3654.0;3653.75
2022.09.30 15:49:27;1664552967862;3659.0;1;1;0;3654.0;3653.75
2022.09.30 15:49:27;1664552967920;3658.75;1;0;1;3654.0;3653.75
2022.09.30 15:49:27;1664552967924;3658.75;1;0;1;3654.0;3653.75
2022.09.30 15:49:27;1664552967924;3658.75;1;0;1;3654.0;3653.75
2022.09.30 15:49:27;1664552967924;3658.75;1;0;1;3654.0;3653.75
2022.09.30 15:49:27;1664552967924;3658.75;2;0;1;3654.0;3653.75
2022.09.30 15:49:27;1664552967924;3658.75;2;0;0;3654.0;3653.75
2022.09.30 15:49:27;1664552967924;3658.75;1;1;0;3654.0;3653.75
2022.09.30 15:49:27;1664552967924;3658.75;2;1;0;3654.0;3653.75
2022.09.30 15:49:27;1664552967924;3658.75;3;1;0;3654.0;3653.75
2022.09.30 15:49:27;1664552967924;3658.75;3;1;0;3654.0;3653.75
2022.09.30 15:49:27;1664552967924;3658.75;1;1;0;3654.0;3653.75
2022.09.30 15:49:27;1664552967924;3658.75;1;1;0;3654.0;3653.75
2022.09.30 15:49:27;1664552967928;3658.75;1;0;0;3654.0;3653.75
2022.09.30 15:49:27;1664552967940;3658.75;4;0;1;3654.0;3653.75
2022.09.30 15:49:27;1664552967940;3658.75;2;0;1;3654.0;3653.75
2022.09.30 15:49:27;1664552967940;3658.75;1;0;1;3654.0;3653.75
2022.09.30 15:49:27;1664552967940;3658.75;1;0;1;3654.0;3653.75
2022.09.30 15:49:27;1664552967940;3658.75;1;0;1;3654.0;3653.75
2022.09.30 15:49:27;1664552967940;3658.75;1;0;0;3654.0;3653.75
2022.09.30 15:49:28;1664552968069;3658.75;1;1;0;3654.0;3653.75
2022.09.30 15:49:28;1664552968302;3658.75;1;1;0;3654.0;3653.75
2022.09.30 15:49:28;1664552968446;3658.75;1;1;0;3654.0;3653.75
2022.09.30 15:49:28;1664552968446;3658.75;1;1;0;3654.0;3653.75
2022.09.30 15:49:28;1664552968785;3658.75;1;1;0;3654.0;3653.75
2022.09.30 15:49:28;1664552968785;3658.75;1;1;0;3654.0;3653.75
2022.09.30 15:49:28;1664552968785;3658.75;1;1;0;3654.0;3653.75
2022.09.30 15:49:28;1664552968785;3658.75;2;1;0;3654.0;3653.75
2022.09.30 15:49:28;1664552968787;3658.75;2;0;0;3654.0;3653.75
2022.09.30 15:49:28;1664552968788;3658.75;1;0;1;3654.0;3653.75
2022.09.30 15:49:28;1664552968788;3658.75;1;0;1;3654.0;3653.75
2022.09.30 15:49:28;1664552968788;3658.75;1;0;1;3654.0;3653.75
2022.09.30 15:49:28;1664552968788;3658.75;2;0;1;3654.0;3653.75
2022.09.30 15:49:28;1664552968788;3658.75;2;0;0;3654.0;3653.75
2022.09.30 15:49:28;1664552968837;3658.75;2;0;0;3654.0;3653.75
2022.09.30 15:49:28;1664552968989;3658.75;1;1;0;3654.0;3653.75
2022.09.30 15:49:29;1664552969064;3658.75;1;1;0;3654.0;3653.75
2022.09.30 15:49:29;1664552969064;3658.75;1;1;0;3654.0;3653.75
2022.09.30 15:49:29;1664552969064;3658.75;1;1;0;3654.0;3653.75
2022.09.30 15:49:29;1664552969064;3658.75;1;1;0;3654.0;3653.75
2022.09.30 15:49:29;1664552969064;3658.75;1;0;0;3654.0;3653.75
2022.09.30 15:49:29;1664552969064;3658.75;1;0;1;3654.0;3653.75
2022.09.30 15:49:29;1664552969064;3658.75;1;0;1;3654.0;3653.75
2022.09.30 15:49:29;1664552969064;3658.75;1;0;1;3654.0;3653.75
2022.09.30 15:49:29;1664552969064;3658.75;1;0;1;3654.0;3653.75
2022.09.30 15:49:29;1664552969064;3658.75;1;0;1;3654.0;3653.75
2022.09.30 15:49:29;1664552969064;3658.75;1;0;1;3654.0;3653.75
2022.09.30 15:49:29;1664552969064;3658.75;1;0;1;3654.0;3653.75
2022.09.30 15:49:29;1664552969064;3658.75;1;0;1;3654.0;3653.75
2022.09.30 15:49:29;1664552969064;3658.75;1;0;1;3654.0;3653.75
2022.09.30 15:49:29;1664552969064;3658.75;1;0;1;3654.0;3653.75
2022.09.30 15:49:29;1664552969064;3658.75;1;0;1;3654.0;3653.75
2022.09.30 15:49:29;1664552969064;3658.75;1;0;1;3654.0;3653.75
2022.09.30 15:49:29;1664552969064;3658.75;1;0;0;3654.0;3653.75
2022.09.30 15:49:29;1664552969142;3658.75;1;1;0;3654.0;3653.75
2022.09.30 15:49:29;1664552969142;3658.75;1;1;0;3654.0;3653.75
2022.09.30 15:49:29;1664552969142;3658.75;1;0;1;3654.0;3653.75
2022.09.30 15:49:29;1664552969142;3658.75;1;0;0;3654.0;3653.75
2022.09.30 15:49:29;1664552969143;3658.75;1;0;1;3654.0;3653.75
2022.09.30 15:49:29;1664552969143;3658.75;1;0;1;3654.0;3653.75
2022.09.30 15:49:29;1664552969143;3658.75;1;0;1;3654.0;3653.75
2022.09.30 15:49:29;1664552969143;3658.75;1;0;1;3654.0;3653.75
2022.09.30 15:49:29;1664552969143;3658.75;1;0;1;3654.0;3653.75
2022.09.30 15:49:29;1664552969143;3658.75;1;0;1;3654.0;3653.75
2022.09.30 15:49:29;1664552969143;3658.75;2;0;1;3654.0;3653.75
2022.09.30 15:49:29;1664552969143;3658.75;1;0;1;3654.0;3653.75
2022.09.30 15:49:29;1664552969143;3658.75;1;0;1;3654.0;3653.75
2022.09.30 15:49:29;1664552969143;3658.75;1;0;1;3654.0;3653.75
2022.09.30 15:49:29;1664552969635;3659.0;1;1;0;3654.0;3653.75
2022.09.30 15:49:29;1664552969635;3659.0;1;1;0;3654.0;3653.75
2022.09.30 15:49:29;1664552969635;3659.0;1;1;0;3654.0;3653.75
2022.09.30 15:49:29;1664552969635;3659.0;1;1;0;3654.0;3653.75
2022.09.30 15:49:29;1664552969635;3659.0;1;1;0;3654.0;3653.75
2022.09.30 15:49:29;1664552969639;3659.0;1;0;0;3654.0;3653.75
2022.09.30 15:49:29;1664552969906;3659.0;1;0;1;3654.0;3653.75
2022.09.30 15:49:29;1664552969906;3659.0;1;0;1;3654.0;3653.75
2022.09.30 15:49:29;1664552969906;3659.0;1;0;1;3654.0;3653.75
2022.09.30 15:49:29;1664552969906;3659.0;1;0;1;3654.0;3653.75
2022.09.30 15:49:29;1664552969906;3659.0;1;0;1;3654.0;3653.75
2022.09.30 15:49:29;1664552969907;3659.0;2;0;1;3654.0;3653.75
2022.09.30 15:49:29;1664552969907;3659.0;1;0;1;3654.0;3653.75
2022.09.30 15:49:29;1664552969907;3659.0;1;0;1;3654.0;3653.75
2022.09.30 15:49:29;1664552969907;3659.0;1;0;1;3654.0;3653.75
2022.09.30 15:49:29;1664552969907;3659.0;1;0;0;3654.0;3653.75
2022.09.30 15:49:29;1664552969920;3659.0;4;1;0;3654.0;3653.75
2022.09.30 15:49:29;1664552969921;3659.0;1;1;0;3654.0;3653.75
2022.09.30 15:49:29;1664552969921;3659.0;1;1;0;3654.0;3653.75
2022.09.30 15:49:29;1664552969921;3659.0;1;0;0;3654.0;3653.75
2022.09.30 15:49:29;1664552969925;3659.0;1;0;1;3654.0;3653.75
2022.09.30 15:49:29;1664552969925;3659.0;1;0;1;3654.0;3653.75
2022.09.30 15:49:29;1664552969925;3659.0;1;0;1;3654.0;3653.75
2022.09.30 15:49:29;1664552969925;3659.0;1;0;0;3654.0;3653.75
2022.09.30 15:49:30;1664552970061;3659.0;1;1;0;3654.0;3653.75
2022.09.30 15:49:30;1664552970061;3658.75;5;0;1;3654.0;3653.75
2022.09.30 15:49:30;1664552970061;3658.75;3;0;1;3654.0;3653.75
2022.09.30 15:49:30;1664552970101;3659.0;1;1;0;3654.0;3653.75
2022.09.30 15:49:30;1664552970154;3659.0;1;1;0;3654.0;3653.75
2022.09.30 15:49:30;1664552970154;3659.0;1;1;0;3654.0;3653.75
2022.09.30 15:49:30;1664552970154;3659.0;1;1;0;3654.0;3653.75
2022.09.30 15:49:30;1664552970154;3659.0;1;1;0;3654.0;3653.75
2022.09.30 15:49:30;1664552970154;3659.0;1;1;0;3654.0;3653.75
2022.09.30 15:49:30;1664552970155;3659.0;1;1;0;3654.0;3653.75
2022.09.30 15:49:30;1664552970155;3659.0;1;1;0;3654.0;3653.75
2022.09.30 15:49:30;1664552970155;3659.0;1;0;0;3654.0;3653.75
2022.09.30 15:49:30;1664552970157;3659.0;3;0;1;3654.0;3653.75
2022.09.30 15:49:30;1664552970157;3659.0;1;0;1;3654.0;3653.75
2022.09.30 15:49:30;1664552970157;3659.0;1;0;1;3654.0;3653.75
2022.09.30 15:49:30;1664552970157;3659.0;1;0;1;3654.0;3653.75
2022.09.30 15:49:30;1664552970157;3659.0;1;0;1;3654.0;3653.75
2022.09.30 15:49:30;1664552970157;3659.0;1;0;1;3654.0;3653.75
2022.09.30 15:49:30;1664552970157;3659.0;1;0;0;3654.0;3653.75
2022.09.30 15:49:30;1664552970175;3658.75;1;0;1;3654.0;3653.75
2022.09.30 15:49:30;1664552970176;3658.75;1;0;1;3654.0;3653.75
2022.09.30 15:49:30;1664552970176;3658.75;1;0;1;3654.0;3653.75
2022.09.30 15:49:30;1664552970176;3658.75;1;0;1;3654.0;3653.75
2022.09.30 15:49:30;1664552970176;3658.75;4;0;1;3654.0;3653.75
2022.09.30 15:49:30;1664552970176;3658.75;1;0;1;3654.0;3653.75
2022.09.30 15:49:30;1664552970176;3658.75;1;0;1;3654.0;3653.75
2022.09.30 15:49:30;1664552970318;3658.75;1;0;1;3654.0;3653.75
2022.09.30 15:49:30;1664552970417;3658.75;1;0;1;3654.0;3653.75
2022.09.30 15:49:30;1664552970499;3659.0;1;1;0;3654.0;3653.75
2022.09.30 15:49:30;1664552970698;3659.0;1;1;0;3654.0;3653.75
2022.09.30 15:49:30;1664552970698;3659.0;1;1;0;3654.0;3653.75
2022.09.30 15:49:30;1664552970702;3659.0;1;1;0;3654.0;3653.75
2022.09.30 15:49:30;1664552970796;3659.0;1;1;0;3654.0;3653.75
2022.09.30 15:49:30;1664552970858;3659.0;1;1;0;3654.0;3653.75
2022.09.30 15:49:30;1664552970858;3659.0;1;1;0;3654.0;3653.75
2022.09.30 15:49:30;1664552970858;3659.0;1;1;0;3654.0;3653.75
2022.09.30 15:49:30;1664552970858;3659.0;2;1;0;3654.0;3653.75
2022.09.30 15:49:30;1664552970892;3659.0;1;1;0;3654.0;3653.75
2022.09.30 15:49:31;1664552971071;3659.0;1;1;0;3654.0;3653.75
2022.09.30 15:49:31;1664552971071;3659.0;1;1;0;3654.0;3653.75
2022.09.30 15:49:31;1664552971071;3659.0;1;1;0;3654.0;3653.75
2022.09.30 15:49:31;1664552971072;3659.0;1;0;0;3654.0;3653.75
2022.09.30 15:49:31;1664552971073;3659.0;1;0;0;3654.0;3653.75
2022.09.30 15:49:31;1664552971111;3659.0;1;0;1;3654.0;3653.75
2022.09.30 15:49:31;1664552971111;3659.0;1;0;0;3654.0;3653.75
2022.09.30 15:49:31;1664552971201;3659.0;1;1;0;3654.0;3653.75
2022.09.30 15:49:31;1664552971201;3659.0;2;1;0;3654.0;3653.75
2022.09.30 15:49:31;1664552971201;3659.0;1;1;0;3654.0;3653.75
2022.09.30 15:49:31;1664552971202;3659.0;1;1;0;3654.0;3653.75
2022.09.30 15:49:31;1664552971202;3659.0;1;0;0;3654.0;3653.75
2022.09.30 15:49:31;1664552971225;3659.0;1;0;0;3654.0;3653.75
2022.09.30 15:49:31;1664552971226;3659.0;1;0;0;3654.0;3653.75
2022.09.30 15:49:31;1664552971226;3659.0;1;0;0;3654.0;3653.75
2022.09.30 15:49:31;1664552971230;3659.0;1;1;0;3654.0;3653.75
2022.09.30 15:49:31;1664552971279;3659.0;1;0;0;3654.0;3653.75
2022.09.30 15:49:31;1664552971285;3659.0;1;0;0;3654.0;3653.75
2022.09.30 15:49:31;1664552971431;3659.0;1;0;1;3654.0;3653.75
2022.09.30 15:49:31;1664552971431;3659.0;1;0;0;3654.0;3653.75
2022.09.30 15:49:31;1664552971466;3658.75;1;0;1;3654.0;3653.75
2022.09.30 15:49:31;1664552971741;3658.75;1;0;1;3654.0;3653.75
2022.09.30 15:49:31;1664552971781;3659.0;1;1;0;3654.0;3653.75
2022.09.30 15:49:31;1664552971793;3658.75;1;0;1;3654.0;3653.75
2022.09.30 15:49:31;1664552971794;3658.75;1;0;1;3654.0;3653.75
2022.09.30 15:49:31;1664552971794;3658.75;1;0;1;3654.0;3653.75
2022.09.30 15:49:31;1664552971794;3658.75;11;0;1;3654.0;3653.75
2022.09.30 15:49:31;1664552971794;3658.75;1;0;1;3654.0;3653.75
2022.09.30 15:49:31;1664552971794;3658.75;3;0;1;3654.0;3653.75
2022.09.30 15:49:31;1664552971794;3658.75;7;0;1;3654.0;3653.75
2022.09.30 15:49:31;1664552971794;3658.75;1;0;1;3654.0;3653.75
2022.09.30 15:49:31;1664552971794;3658.75;1;0;0;3654.0;3653.75
2022.09.30 15:49:31;1664552971796;3658.75;1;1;0;3654.0;3653.75
2022.09.30 15:49:31;1664552971796;3658.75;1;1;0;3654.0;3653.75
2022.09.30 15:49:31;1664552971796;3658.75;1;1;0;3654.0;3653.75
2022.09.30 15:49:31;1664552971796;3658.75;1;1;0;3654.0;3653.75
2022.09.30 15:49:31;1664552971796;3658.75;1;1;0;3654.0;3653.75
2022.09.30 15:49:31;1664552971796;3658.75;1;1;0;3654.0;3653.75
2022.09.30 15:49:31;1664552971796;3658.75;1;1;0;3654.0;3653.75
2022.09.30 15:49:31;1664552971796;3658.75;1;1;0;3654.0;3653.75
2022.09.30 15:49:31;1664552971796;3658.75;2;1;0;3654.0;3653.75
2022.09.30 15:49:31;1664552971796;3658.75;1;1;0;3654.0;3653.75
2022.09.30 15:49:31;1664552971796;3658.75;1;1;0;3654.0;3653.75
2022.09.30 15:49:31;1664552971796;3658.75;1;1;0;3654.0;3653.75
2022.09.30 15:49:31;1664552971796;3658.75;3;1;0;3654.0;3653.75
2022.09.30 15:49:31;1664552971929;3658.75;1;1;0;3654.0;3653.75
2022.09.30 15:49:31;1664552971985;3658.5;1;0;1;3654.0;3653.75
2022.09.30 15:49:31;1664552971985;3658.5;1;0;1;3654.0;3653.75
2022.09.30 15:49:32;1664552972014;3658.5;1;0;1;3654.0;3653.75
2022.09.30 15:49:32;1664552972014;3658.5;1;0;1;3654.0;3653.75
2022.09.30 15:49:32;1664552972360;3658.5;1;0;1;3654.0;3653.75
2022.09.30 15:49:32;1664552972360;3658.5;1;0;1;3654.0;3653.75
2022.09.30 15:49:32;1664552972360;3658.5;1;0;1;3654.0;3653.75
2022.09.30 15:49:32;1664552972360;3658.5;1;0;1;3654.0;3653.75
2022.09.30 15:49:32;1664552972360;3658.5;1;0;1;3654.0;3653.75
2022.09.30 15:49:32;1664552972360;3658.5;1;0;1;3654.0;3653.75
2022.09.30 15:49:32;1664552972361;3658.5;1;0;1;3654.0;3653.75
2022.09.30 15:49:32;1664552972361;3658.5;1;0;1;3654.0;3653.75
2022.09.30 15:49:32;1664552972361;3658.5;1;0;1;3654.0;3653.75
2022.09.30 15:49:32;1664552972361;3658.5;1;0;1;3654.0;3653.75
2022.09.30 15:49:32;1664552972361;3658.5;1;0;0;3654.0;3653.75
2022.09.30 15:49:32;1664552972423;3658.25;1;0;1;3654.0;3653.75
2022.09.30 15:49:32;1664552972423;3658.25;1;0;1;3654.0;3653.75
2022.09.30 15:49:32;1664552972423;3658.25;1;0;1;3654.0;3653.75
2022.09.30 15:49:32;1664552972423;3658.25;1;0;1;3654.0;3653.75
2022.09.30 15:49:32;1664552972423;3658.25;1;0;1;3654.0;3653.75
2022.09.30 15:49:32;1664552972423;3658.25;1;0;1;3654.0;3653.75
2022.09.30 15:49:32;1664552972423;3658.25;3;0;1;3654.0;3653.75
2022.09.30 15:49:32;1664552972424;3658.25;3;0;1;3654.0;3653.75
2022.09.30 15:49:32;1664552972424;3658.25;1;0;1;3654.0;3653.75
2022.09.30 15:49:32;1664552972424;3658.25;1;0;1;3654.0;3653.75
2022.09.30 15:49:32;1664552972424;3658.25;1;0;1;3654.0;3653.75
2022.09.30 15:49:32;1664552972424;3658.25;1;0;1;3654.0;3653.75
2022.09.30 15:49:32;1664552972424;3658.25;1;0;1;3654.0;3653.75
2022.09.30 15:49:32;1664552972424;3658.25;1;0;1;3654.0;3653.75
2022.09.30 15:49:32;1664552972424;3658.25;1;0;1;3654.0;3653.75
2022.09.30 15:49:32;1664552972424;3658.25;1;0;1;3654.0;3653.75
2022.09.30 15:49:32;1664552972424;3658.25;1;0;1;3654.0;3653.75
2022.09.30 15:49:32;1664552972424;3658.25;1;0;1;3654.0;3653.75
2022.09.30 15:49:32;1664552972425;3658.25;1;0;0;3654.0;3653.75
2022.09.30 15:49:32;1664552972426;3658.25;1;1;0;3654.0;3653.75
2022.09.30 15:49:32;1664552972426;3658.25;1;1;0;3654.0;3653.75
2022.09.30 15:49:32;1664552972426;3658.25;1;1;0;3654.0;3653.75
2022.09.30 15:49:32;1664552972426;3658.25;1;1;0;3654.0;3653.75
2022.09.30 15:49:32;1664552972426;3658.25;1;1;0;3654.0;3653.75
2022.09.30 15:49:32;1664552972426;3658.25;2;1;0;3654.0;3653.75
2022.09.30 15:49:32;1664552972426;3658.25;1;1;0;3654.0;3653.75
2022.09.30 15:49:32;1664552972426;3658.25;1;1;0;3654.0;3653.75
2022.09.30 15:49:32;1664552972426;3658.25;1;1;0;3654.0;3653.75
2022.09.30 15:49:32;1664552972426;3658.25;1;1;0;3654.0;3653.75
2022.09.30 15:49:32;1664552972426;3658.25;1;1;0;3654.0;3653.75
2022.09.30 15:49:32;1664552972426;3658.25;1;0;0;3654.0;3653.75
2022.09.30 15:49:32;1664552972426;3658.25;1;1;1;3654.0;3653.75
2022.09.30 15:49:32;1664552972426;3658.25;1;1;1;3654.0;3653.75
2022.09.30 15:49:32;1664552972429;3658.25;1;0;0;3654.0;3653.75
2022.09.30 15:49:32;1664552972519;3658.25;2;1;0;3654.0;3653.75
2022.09.30 15:49:32;1664552972519;3658.25;2;1;0;3654.0;3653.75
2022.09.30 15:49:32;1664552972519;3658.25;1;1;0;3654.0;3653.75
2022.09.30 15:49:32;1664552972519;3658.25;1;1;0;3654.0;3653.75
2022.09.30 15:49:32;1664552972519;3658.25;1;1;0;3654.0;3653.75
2022.09.30 15:49:32;1664552972519;3658.25;1;1;0;3654.0;3653.75
2022.09.30 15:49:32;1664552972519;3658.25;1;1;0;3654.0;3653.75
2022.09.30 15:49:32;1664552972519;3658.25;1;1;0;3654.0;3653.75
2022.09.30 15:49:32;1664552972519;3658.25;1;1;0;3654.0;3653.75
2022.09.30 15:49:32;1664552972519;3658.25;1;0;0;3654.0;3653.75
2022.09.30 15:49:32;1664552972519;3658.25;1;0;1;3654.0;3653.75
2022.09.30 15:49:32;1664552972519;3658.25;1;0;1;3654.0;3653.75
2022.09.30 15:49:32;1664552972519;3658.25;1;0;1;3654.0;3653.75
2022.09.30 15:49:32;1664552972521;3658.25;1;0;1;3654.0;3653.75
2022.09.30 15:49:32;1664552972521;3658.25;2;1;0;3654.0;3653.75
2022.09.30 15:49:32;1664552972522;3658.25;2;0;0;3654.0;3653.75
2022.09.30 15:49:32;1664552972545;3658.25;1;1;0;3654.0;3653.75
2022.09.30 15:49:32;1664552972545;3658.25;1;1;0;3654.0;3653.75
2022.09.30 15:49:32;1664552972545;3658.25;1;1;0;3654.0;3653.75
2022.09.30 15:49:32;1664552972546;3658.25;1;0;0;3654.0;3653.75
2022.09.30 15:49:32;1664552972546;3658.25;1;0;0;3654.0;3653.75
2022.09.30 15:49:32;1664552972569;3658.25;1;0;0;3654.0;3653.75
2022.09.30 15:49:32;1664552972839;3658.25;1;0;1;3654.0;3653.75
2022.09.30 15:49:32;1664552972839;3658.25;1;0;1;3654.0;3653.75
2022.09.30 15:49:32;1664552972839;3658.25;1;0;0;3654.0;3653.75
2022.09.30 15:49:32;1664552972894;3658.25;1;0;0;3654.0;3653.75
2022.09.30 15:49:32;1664552972894;3658.25;1;1;0;3654.0;3653.75
2022.09.30 15:49:32;1664552972904;3658.25;1;0;0;3654.0;3653.75
2022.09.30 15:49:33;1664552973108;3658.25;1;0;1;3654.0;3653.75
2022.09.30 15:49:33;1664552973108;3658.25;3;0;1;3654.0;3653.75
2022.09.30 15:49:33;1664552973108;3658.25;1;0;1;3654.0;3653.75
2022.09.30 15:49:33;1664552973108;3658.25;1;0;1;3654.0;3653.75
2022.09.30 15:49:33;1664552973108;3658.25;1;0;1;3654.0;3653.75
2022.09.30 15:49:33;1664552973108;3658.25;1;0;1;3654.0;3653.75
2022.09.30 15:49:33;1664552973109;3658.25;1;0;0;3654.0;3653.75
2022.09.30 15:49:33;1664552973109;3658.25;1;0;0;3654.0;3653.75
2022.09.30 15:49:33;1664552973146;3658.25;4;0;1;3654.0;3653.75
2022.09.30 15:49:33;1664552973146;3658.25;1;0;1;3654.0;3653.75
2022.09.30 15:49:33;1664552973146;3658.25;1;0;0;3654.0;3653.75
2022.09.30 15:49:33;1664552973236;3658.25;1;1;0;3654.0;3653.75
2022.09.30 15:49:33;1664552973236;3658.25;1;1;0;3654.0;3653.75
2022.09.30 15:49:33;1664552973237;3658.25;1;0;0;3654.0;3653.75
2022.09.30 15:49:33;1664552973533;3658.25;1;0;1;3654.0;3653.75
2022.09.30 15:49:33;1664552973537;3658.25;2;0;1;3654.0;3653.75
2022.09.30 15:49:33;1664552973537;3658.25;1;0;1;3654.0;3653.75
2022.09.30 15:49:33;1664552973537;3658.25;1;0;1;3654.0;3653.75
2022.09.30 15:49:33;1664552973537;3658.25;1;0;1;3654.0;3653.75
2022.09.30 15:49:33;1664552973537;3658.25;1;0;1;3654.0;3653.75
2022.09.30 15:49:33;1664552973537;3658.25;1;0;1;3654.0;3653.75
2022.09.30 15:49:33;1664552973537;3658.25;1;0;1;3654.0;3653.75
2022.09.30 15:49:33;1664552973537;3658.25;3;0;1;3654.0;3653.75
2022.09.30 15:49:33;1664552973537;3658.25;3;0;0;3654.0;3653.75
2022.09.30 15:49:33;1664552973792;3658.25;1;1;0;3654.0;3653.75
2022.09.30 15:49:33;1664552973793;3658.25;1;1;0;3654.0;3653.75
2022.09.30 15:49:33;1664552973793;3658.25;3;1;0;3654.0;3653.75
2022.09.30 15:49:33;1664552973793;3658.25;3;0;0;3654.0;3653.75
2022.09.30 15:49:33;1664552973794;3658.25;1;0;1;3654.0;3653.75
2022.09.30 15:49:33;1664552973795;3658.25;1;0;1;3654.0;3653.75
2022.09.30 15:49:33;1664552973795;3658.25;1;0;1;3654.0;3653.75
2022.09.30 15:49:33;1664552973795;3658.25;1;0;1;3654.0;3653.75
2022.09.30 15:49:33;1664552973795;3658.25;4;0;1;3654.0;3653.75
2022.09.30 15:49:33;1664552973795;3658.25;2;0;1;3654.0;3653.75
2022.09.30 15:49:33;1664552973795;3658.25;1;0;1;3654.0;3653.75
2022.09.30 15:49:33;1664552973799;3658.25;1;0;1;3654.0;3653.75
2022.09.30 15:49:33;1664552973934;3658.25;4;0;1;3654.0;3653.75
2022.09.30 15:49:33;1664552973934;3658.25;1;0;1;3654.0;3653.75
2022.09.30 15:49:33;1664552973935;3658.25;1;0;1;3654.0;3653.75
2022.09.30 15:49:33;1664552973935;3658.25;1;0;0;3654.0;3653.75
2022.09.30 15:49:34;1664552974067;3658.25;1;1;0;3654.0;3653.75
2022.09.30 15:49:34;1664552974182;3658.25;1;1;0;3654.0;3653.75
2022.09.30 15:49:34;1664552974183;3658.25;1;1;0;3654.0;3653.75
2022.09.30 15:49:34;1664552974183;3658.25;1;1;0;3654.0;3653.75
2022.09.30 15:49:34;1664552974183;3658.25;1;1;0;3654.0;3653.75
2022.09.30 15:49:34;1664552974183;3658.25;1;1;0;3654.0;3653.75
2022.09.30 15:49:34;1664552974184;3658.25;1;1;0;3654.0;3653.75
2022.09.30 15:49:34;1664552974188;3658.25;2;1;0;3654.0;3653.75
2022.09.30 15:49:34;1664552974505;3658.0;1;0;1;3654.0;3653.75
2022.09.30 15:49:34;1664552974505;3658.0;1;0;1;3654.0;3653.75
2022.09.30 15:49:34;1664552974505;3658.0;1;0;1;3654.0;3653.75
2022.09.30 15:49:34;1664552974505;3658.0;4;0;1;3654.0;3653.75
2022.09.30 15:49:34;1664552974505;3658.0;3;0;1;3654.0;3653.75
2022.09.30 15:49:34;1664552974572;3658.0;1;0;1;3654.0;3653.75
2022.09.30 15:49:34;1664552974681;3658.0;1;0;1;3654.0;3653.75
2022.09.30 15:49:34;1664552974681;3658.0;1;0;1;3654.0;3653.75
2022.09.30 15:49:34;1664552974681;3658.0;1;0;1;3654.0;3653.75
2022.09.30 15:49:34;1664552974818;3658.0;1;0;1;3654.0;3653.75
2022.09.30 15:49:34;1664552974818;3658.0;2;0;1;3654.0;3653.75
2022.09.30 15:49:34;1664552974818;3658.0;1;0;1;3654.0;3653.75
2022.09.30 15:49:34;1664552974819;3658.0;1;0;1;3654.0;3653.75
2022.09.30 15:49:34;1664552974819;3658.0;5;0;1;3654.0;3653.75
2022.09.30 15:49:34;1664552974819;3658.0;1;0;1;3654.0;3653.75
2022.09.30 15:49:35;1664552975081;3658.0;1;0;1;3654.0;3653.75
2022.09.30 15:49:35;1664552975081;3658.0;1;0;1;3654.0;3653.75
2022.09.30 15:49:35;1664552975081;3658.0;1;0;1;3654.0;3653.75
2022.09.30 15:49:35;1664552975081;3658.0;1;0;1;3654.0;3653.75
2022.09.30 15:49:35;1664552975081;3658.0;1;0;1;3654.0;3653.75
2022.09.30 15:49:35;1664552975081;3658.0;4;0;1;3654.0;3653.75
2022.09.30 15:49:35;1664552975081;3658.0;1;0;1;3654.0;3653.75
2022.09.30 15:49:35;1664552975081;3658.0;1;0;1;3654.0;3653.75
2022.09.30 15:49:35;1664552975081;3658.0;1;0;1;3654.0;3653.75
2022.09.30 15:49:35;1664552975082;3658.0;1;0;0;3654.0;3653.75
2022.09.30 15:49:35;1664552975087;3658.0;2;1;0;3654.0;3653.75
2022.09.30 15:49:35;1664552975087;3658.0;4;1;0;3654.0;3653.75
2022.09.30 15:49:35;1664552975087;3658.0;2;1;0;3654.0;3653.75
2022.09.30 15:49:35;1664552975087;3658.0;1;1;0;3654.0;3653.75
2022.09.30 15:49:35;1664552975087;3658.0;1;1;0;3654.0;3653.75
2022.09.30 15:49:35;1664552975087;3658.0;1;1;0;3654.0;3653.75
2022.09.30 15:49:35;1664552975087;3658.0;1;1;0;3654.0;3653.75
2022.09.30 15:49:35;1664552975087;3658.0;1;1;0;3654.0;3653.75
2022.09.30 15:49:35;1664552975087;3658.0;1;0;0;3654.0;3653.75
2022.09.30 15:49:35;1664552975166;3658.0;3;0;1;3654.0;3653.75
2022.09.30 15:49:35;1664552975166;3658.0;1;0;1;3654.0;3653.75
2022.09.30 15:49:35;1664552975166;3658.0;1;0;1;3654.0;3653.75
2022.09.30 15:49:35;1664552975166;3658.0;1;0;1;3654.0;3653.75
2022.09.30 15:49:35;1664552975166;3658.0;1;0;1;3654.0;3653.75
2022.09.30 15:49:35;1664552975194;3658.0;1;0;1;3654.0;3653.75
2022.09.30 15:49:35;1664552975385;3658.0;1;0;1;3654.0;3653.75
2022.09.30 15:49:35;1664552975524;3658.0;1;0;1;3654.0;3653.75
2022.09.30 15:49:35;1664552975524;3658.0;1;0;1;3654.0;3653.75
2022.09.30 15:49:35;1664552975525;3658.0;1;0;1;3654.0;3653.75
2022.09.30 15:49:35;1664552975525;3658.0;1;0;0;3654.0;3653.75
2022.09.30 15:49:35;1664552975560;3657.75;1;0;1;3654.0;3653.75
2022.09.30 15:49:35;1664552975560;3657.75;1;0;1;3654.0;3653.75
2022.09.30 15:49:35;1664552975560;3657.75;1;0;1;3654.0;3653.75
2022.09.30 15:49:35;1664552975921;3657.75;1;0;1;3654.0;3653.75
2022.09.30 15:49:35;1664552975921;3657.75;1;0;1;3654.0;3653.75
2022.09.30 15:49:35;1664552975921;3657.75;1;0;1;3654.0;3653.75
2022.09.30 15:49:35;1664552975921;3657.75;1;0;1;3654.0;3653.75
2022.09.30 15:49:35;1664552975921;3657.75;1;0;1;3654.0;3653.75
2022.09.30 15:49:35;1664552975922;3657.75;1;0;1;3654.0;3653.75
2022.09.30 15:49:35;1664552975922;3657.75;1;0;1;3654.0;3653.75
2022.09.30 15:49:35;1664552975922;3657.75;1;0;1;3654.0;3653.75
2022.09.30 15:49:35;1664552975922;3657.75;1;0;1;3654.0;3653.75
2022.09.30 15:49:35;1664552975922;3657.75;4;0;1;3654.0;3653.75
2022.09.30 15:49:35;1664552975922;3657.75;3;0;1;3654.0;3653.75
2022.09.30 15:49:35;1664552975922;3657.75;1;0;1;3654.0;3653.75
2022.09.30 15:49:35;1664552975923;3657.75;1;0;1;3654.0;3653.75
2022.09.30 15:49:35;1664552975923;3657.75;10;0;1;3654.0;3653.75
2022.09.30 15:49:35;1664552975923;3657.75;2;0;1;3654.0;3653.75
2022.09.30 15:49:35;1664552975923;3657.75;19;0;1;3654.0;3653.75
2022.09.30 15:49:35;1664552975923;3657.75;4;0;1;3654.0;3653.75
2022.09.30 15:49:35;1664552975923;3657.75;1;0;1;3654.0;3653.75
2022.09.30 15:49:35;1664552975923;3657.75;6;0;1;3654.0;3653.75
2022.09.30 15:49:35;1664552975925;3657.75;6;0;0;3654.0;3653.75
2022.09.30 15:49:35;1664552975927;3657.75;1;1;0;3654.0;3653.75
2022.09.30 15:49:35;1664552975927;3657.75;1;1;0;3654.0;3653.75
2022.09.30 15:49:35;1664552975927;3657.75;1;1;0;3654.0;3653.75
2022.09.30 15:49:35;1664552975927;3657.75;5;1;0;3654.0;3653.75
2022.09.30 15:49:35;1664552975927;3657.75;1;1;0;3654.0;3653.75
2022.09.30 15:49:35;1664552975927;3657.75;1;1;0;3654.0;3653.75
2022.09.30 15:49:35;1664552975927;3657.75;1;1;0;3654.0;3653.75
2022.09.30 15:49:35;1664552975927;3657.75;1;1;0;3654.0;3653.75
2022.09.30 15:49:35;1664552975927;3657.75;2;1;0;3654.0;3653.75
2022.09.30 15:49:35;1664552975927;3657.75;1;1;0;3654.0;3653.75
2022.09.30 15:49:35;1664552975927;3657.75;1;1;0;3654.0;3653.75
2022.09.30 15:49:35;1664552975927;3657.75;1;1;0;3654.0;3653.75
2022.09.30 15:49:35;1664552975927;3657.75;1;1;0;3654.0;3653.75
2022.09.30 15:49:35;1664552975927;3657.75;1;1;0;3654.0;3653.75
2022.09.30 15:49:35;1664552975927;3657.75;1;1;0;3654.0;3653.75
2022.09.30 15:49:35;1664552975927;3657.75;1;1;0;3654.0;3653.75
2022.09.30 15:49:35;1664552975927;3657.75;1;1;0;3654.0;3653.75
2022.09.30 15:49:35;1664552975927;3657.75;1;1;0;3654.0;3653.75
2022.09.30 15:49:35;1664552975927;3657.75;1;1;0;3654.0;3653.75
2022.09.30 15:49:35;1664552975928;3657.75;1;1;0;3654.0;3653.75
2022.09.30 15:49:35;1664552975928;3657.75;1;1;0;3654.0;3653.75
2022.09.30 15:49:35;1664552975928;3657.75;1;1;0;3654.0;3653.75
2022.09.30 15:49:35;1664552975928;3657.75;1;1;0;3654.0;3653.75
2022.09.30 15:49:35;1664552975928;3657.75;1;1;0;3654.0;3653.75
2022.09.30 15:49:35;1664552975928;3657.75;1;1;0;3654.0;3653.75
2022.09.30 15:49:35;1664552975928;3657.75;1;1;0;3654.0;3653.75
2022.09.30 15:49:35;1664552975928;3657.75;1;1;0;3654.0;3653.75
2022.09.30 15:49:35;1664552975928;3657.75;1;0;0;3654.0;3653.75
2022.09.30 15:49:35;1664552975930;3657.75;1;1;0;3654.0;3653.75
2022.09.30 15:49:35;1664552975931;3657.75;1;0;0;3654.0;3653.75
2022.09.30 15:49:36;1664552976077;3657.75;1;1;0;3654.0;3653.75
2022.09.30 15:49:36;1664552976077;3657.75;1;1;0;3654.0;3653.75
2022.09.30 15:49:36;1664552976077;3657.75;1;1;0;3654.0;3653.75
2022.09.30 15:49:36;1664552976078;3657.75;1;0;0;3654.0;3653.75
2022.09.30 15:49:36;1664552976116;3657.75;1;0;0;3654.0;3653.75
2022.09.30 15:49:36;1664552976116;3657.75;1;0;0;3654.0;3653.75
2022.09.30 15:49:36;1664552976116;3657.75;1;0;0;3654.0;3653.75
2022.09.30 15:49:36;1664552976129;3657.75;1;0;0;3654.0;3653.75
2022.09.30 15:49:36;1664552976293;3658.0;2;1;0;3654.0;3653.75
2022.09.30 15:49:36;1664552976293;3658.0;1;1;0;3654.0;3653.75
2022.09.30 15:49:36;1664552976293;3658.0;1;1;0;3654.0;3653.75
2022.09.30 15:49:36;1664552976293;3658.0;2;1;0;3654.0;3653.75
2022.09.30 15:49:36;1664552976293;3658.0;1;1;0;3654.0;3653.75
2022.09.30 15:49:36;1664552976294;3658.0;1;0;0;3654.0;3653.75
2022.09.30 15:49:36;1664552976303;3658.0;1;0;1;3654.0;3653.75
2022.09.30 15:49:36;1664552976303;3658.0;1;0;1;3654.0;3653.75
2022.09.30 15:49:36;1664552976303;3658.0;1;0;1;3654.0;3653.75
2022.09.30 15:49:36;1664552976303;3658.0;1;0;0;3654.0;3653.75
2022.09.30 15:49:36;1664552976305;3658.0;2;1;0;3654.0;3653.75
2022.09.30 15:49:36;1664552976305;3658.0;1;1;0;3654.0;3653.75
2022.09.30 15:49:36;1664552976305;3658.0;1;1;0;3654.0;3653.75
2022.09.30 15:49:36;1664552976305;3658.0;1;1;0;3654.0;3653.75
2022.09.30 15:49:36;1664552976305;3658.0;1;1;0;3654.0;3653.75
2022.09.30 15:49:36;1664552976305;3658.0;1;1;0;3654.0;3653.75
2022.09.30 15:49:36;1664552976305;3658.0;1;1;0;3654.0;3653.75
2022.09.30 15:49:36;1664552976305;3658.0;1;1;0;3654.0;3653.75
2022.09.30 15:49:36;1664552976305;3658.0;1;1;0;3654.0;3653.75
2022.09.30 15:49:36;1664552976305;3658.0;1;1;0;3654.0;3653.75
2022.09.30 15:49:36;1664552976305;3658.0;1;1;0;3654.0;3653.75
2022.09.30 15:49:36;1664552976306;3658.0;1;1;0;3654.0;3653.75
2022.09.30 15:49:36;1664552976306;3658.0;1;0;0;3654.0;3653.75
2022.09.30 15:49:36;1664552976360;3658.0;1;0;1;3654.0;3653.75
2022.09.30 15:49:36;1664552976360;3658.0;1;0;1;3654.0;3653.75
2022.09.30 15:49:36;1664552976360;3658.0;1;0;1;3654.0;3653.75
2022.09.30 15:49:36;1664552976360;3658.0;1;0;1;3654.0;3653.75
2022.09.30 15:49:36;1664552976360;3658.0;1;0;1;3654.0;3653.75
2022.09.30 15:49:36;1664552976360;3658.0;1;0;1;3654.0;3653.75
2022.09.30 15:49:36;1664552976360;3658.0;1;0;0;3654.0;3653.75
2022.09.30 15:49:36;1664552976367;3657.75;1;0;1;3654.0;3653.75
2022.09.30 15:49:36;1664552976533;3657.75;3;0;1;3654.0;3653.75
2022.09.30 15:49:36;1664552976533;3657.75;1;0;1;3654.0;3653.75
2022.09.30 15:49:36;1664552976700;3658.0;1;1;0;3654.0;3653.75
2022.09.30 15:49:36;1664552976700;3658.0;1;1;0;3654.0;3653.75
2022.09.30 15:49:36;1664552976954;3658.0;1;1;0;3654.0;3653.75
2022.09.30 15:49:36;1664552976954;3658.0;1;1;0;3654.0;3653.75
2022.09.30 15:49:36;1664552976954;3658.0;1;1;0;3654.0;3653.75
2022.09.30 15:49:36;1664552976954;3658.0;1;1;0;3654.0;3653.75
2022.09.30 15:49:36;1664552976954;3658.0;1;1;0;3654.0;3653.75
2022.09.30 15:49:36;1664552976954;3658.0;2;1;0;3654.0;3653.75
2022.09.30 15:49:36;1664552976954;3658.0;1;1;0;3654.0;3653.75
2022.09.30 15:49:36;1664552976954;3658.0;1;1;0;3654.0;3653.75
2022.09.30 15:49:36;1664552976954;3658.0;1;1;0;3654.0;3653.75
2022.09.30 15:49:36;1664552976954;3658.0;3;1;0;3654.0;3653.75
2022.09.30 15:49:36;1664552976955;3658.0;4;1;0;3654.0;3653.75
2022.09.30 15:49:36;1664552976955;3658.0;1;1;0;3654.0;3653.75
2022.09.30 15:49:36;1664552976955;3658.0;1;1;0;3654.0;3653.75
2022.09.30 15:49:36;1664552976955;3658.0;1;0;0;3654.0;3653.75
2022.09.30 15:49:36;1664552976956;3658.0;1;0;1;3654.0;3653.75
2022.09.30 15:49:36;1664552976956;3658.0;1;0;1;3654.0;3653.75
2022.09.30 15:49:36;1664552976956;3658.0;1;0;1;3654.0;3653.75
2022.09.30 15:49:36;1664552976956;3658.0;1;0;1;3654.0;3653.75
2022.09.30 15:49:36;1664552976956;3658.0;1;0;0;3654.0;3653.75
2022.09.30 15:49:37;1664552977202;3658.0;1;1;0;3654.0;3653.75
2022.09.30 15:49:37;1664552977202;3658.0;1;1;0;3654.0;3653.75
2022.09.30 15:49:37;1664552977202;3658.0;1;1;0;3654.0;3653.75
2022.09.30 15:49:37;1664552977202;3658.0;1;1;0;3654.0;3653.75
2022.09.30 15:49:37;1664552977202;3658.0;1;1;0;3654.0;3653.75
2022.09.30 15:49:37;1664552977202;3658.0;1;1;0;3654.0;3653.75
2022.09.30 15:49:37;1664552977202;3658.0;1;1;0;3654.0;3653.75
2022.09.30 15:49:37;1664552977202;3658.0;1;1;0;3654.0;3653.75
2022.09.30 15:49:37;1664552977413;3657.75;1;0;1;3654.0;3653.75
2022.09.30 15:49:37;1664552977413;3657.75;1;0;1;3654.0;3653.75
2022.09.30 15:49:37;1664552977413;3657.75;1;0;1;3654.0;3653.75
2022.09.30 15:49:37;1664552977413;3657.75;1;0;1;3654.0;3653.75
2022.09.30 15:49:37;1664552977413;3657.75;1;0;1;3654.0;3653.75
2022.09.30 15:49:37;1664552977413;3657.75;4;0;1;3654.0;3653.75
2022.09.30 15:49:37;1664552977413;3657.75;1;0;1;3654.0;3653.75
2022.09.30 15:49:37;1664552977413;3657.75;3;0;1;3654.0;3653.75
2022.09.30 15:49:37;1664552977413;3657.75;1;0;1;3654.0;3653.75
2022.09.30 15:49:37;1664552977414;3657.75;1;0;1;3654.0;3653.75
2022.09.30 15:49:37;1664552977414;3657.75;1;0;1;3654.0;3653.75
2022.09.30 15:49:37;1664552977414;3657.75;2;0;1;3654.0;3653.75
2022.09.30 15:49:37;1664552977414;3657.75;3;0;1;3654.0;3653.75
2022.09.30 15:49:37;1664552977414;3657.75;4;0;1;3654.0;3653.75
2022.09.30 15:49:37;1664552977414;3657.75;1;0;1;3654.0;3653.75
2022.09.30 15:49:37;1664552977414;3657.75;4;0;1;3654.0;3653.75
2022.09.30 15:49:37;1664552977538;3658.0;1;1;0;3654.0;3653.75
2022.09.30 15:49:37;1664552977538;3658.0;1;1;0;3654.0;3653.75
2022.09.30 15:49:37;1664552977538;3658.0;1;1;0;3654.0;3653.75
2022.09.30 15:49:37;1664552977538;3658.0;1;1;0;3654.0;3653.75
2022.09.30 15:49:37;1664552977538;3658.0;1;1;0;3654.0;3653.75
2022.09.30 15:49:37;1664552977538;3658.0;1;1;0;3654.0;3653.75
2022.09.30 15:49:37;1664552977538;3658.0;1;1;0;3654.0;3653.75
2022.09.30 15:49:37;1664552977538;3658.0;1;0;1;3654.0;3653.75
2022.09.30 15:49:37;1664552977538;3658.0;1;0;1;3654.0;3653.75
2022.09.30 15:49:37;1664552977538;3658.0;1;1;0;3654.0;3653.75
2022.09.30 15:49:37;1664552977545;3658.0;1;1;0;3654.0;3653.75
2022.09.30 15:49:37;1664552977545;3658.0;1;1;0;3654.0;3653.75
2022.09.30 15:49:37;1664552977545;3658.0;1;1;0;3654.0;3653.75
2022.09.30 15:49:37;1664552977545;3658.0;1;1;0;3654.0;3653.75
2022.09.30 15:49:37;1664552977545;3658.0;1;1;0;3654.0;3653.75
2022.09.30 15:49:37;1664552977545;3658.0;1;0;0;3654.0;3653.75
2022.09.30 15:49:37;1664552977546;3658.0;1;0;0;3654.0;3653.75
2022.09.30 15:49:37;1664552977553;3658.0;1;0;1;3654.0;3653.75
2022.09.30 15:49:37;1664552977553;3658.0;1;0;0;3654.0;3653.75
2022.09.30 15:49:37;1664552977560;3657.75;1;0;1;3654.0;3653.75
2022.09.30 15:49:37;1664552977560;3657.75;1;0;1;3654.0;3653.75
2022.09.30 15:49:37;1664552977668;3657.75;1;0;1;3654.0;3653.75
2022.09.30 15:49:37;1664552977992;3658.0;1;1;0;3654.0;3653.75
2022.09.30 15:49:37;1664552977992;3658.0;1;1;0;3654.0;3653.75
2022.09.30 15:49:37;1664552977992;3658.0;1;1;0;3654.0;3653.75
2022.09.30 15:49:37;1664552977992;3658.0;1;1;0;3654.0;3653.75
2022.09.30 15:49:37;1664552977992;3658.0;1;1;0;3654.0;3653.75
2022.09.30 15:49:37;1664552977993;3658.0;1;1;0;3654.0;3653.75
2022.09.30 15:49:37;1664552977993;3658.0;1;1;0;3654.0;3653.75
2022.09.30 15:49:37;1664552977993;3658.0;1;1;0;3654.0;3653.75
2022.09.30 15:49:37;1664552977993;3658.0;2;1;0;3654.0;3653.75
2022.09.30 15:49:37;1664552977993;3658.0;2;0;0;3654.0;3653.75
2022.09.30 15:49:38;1664552978143;3658.0;1;0;1;3654.0;3653.75
2022.09.30 15:49:38;1664552978143;3658.0;1;0;1;3654.0;3653.75
2022.09.30 15:49:38;1664552978143;3658.0;1;0;1;3654.0;3653.75
2022.09.30 15:49:38;1664552978144;3658.0;1;0;1;3654.0;3653.75
2022.09.30 15:49:38;1664552978144;3658.0;1;0;1;3654.0;3653.75
2022.09.30 15:49:38;1664552978144;3658.0;1;0;0;3654.0;3653.75
2022.09.30 15:49:38;1664552978256;3657.75;4;0;1;3654.0;3653.75
2022.09.30 15:49:38;1664552978256;3657.75;1;0;1;3654.0;3653.75
2022.09.30 15:49:38;1664552978368;3658.0;1;1;0;3654.0;3653.75
2022.09.30 15:49:38;1664552978368;3658.0;1;1;0;3654.0;3653.75
2022.09.30 15:49:38;1664552978368;3658.0;1;1;0;3654.0;3653.75
2022.09.30 15:49:38;1664552978368;3658.0;1;1;0;3654.0;3653.75
2022.09.30 15:49:38;1664552978368;3658.0;1;1;0;3654.0;3653.75
2022.09.30 15:49:38;1664552978368;3658.0;1;1;0;3654.0;3653.75
2022.09.30 15:49:38;1664552978368;3658.0;1;1;0;3654.0;3653.75
2022.09.30 15:49:38;1664552978368;3658.0;1;1;0;3654.0;3653.75
2022.09.30 15:49:38;1664552978369;3658.0;1;1;0;3654.0;3653.75
2022.09.30 15:49:38;1664552978369;3658.0;1;1;0;3654.0;3653.75
2022.09.30 15:49:38;1664552978369;3658.0;1;1;0;3654.0;3653.75
2022.09.30 15:49:38;1664552978369;3658.0;3;1;0;3654.0;3653.75
2022.09.30 15:49:38;1664552978369;3658.0;1;1;0;3654.0;3653.75
2022.09.30 15:49:38;1664552978369;3658.0;1;1;0;3654.0;3653.75
2022.09.30 15:49:38;1664552978369;3658.0;1;1;0;3654.0;3653.75
2022.09.30 15:49:38;1664552978369;3658.0;1;0;0;3654.0;3653.75
2022.09.30 15:49:38;1664552978917;3658.25;1;1;0;3654.0;3653.75
2022.09.30 15:49:38;1664552978917;3658.25;1;1;0;3654.0;3653.75
2022.09.30 15:49:39;1664552979081;3658.0;2;0;1;3654.0;3653.75
2022.09.30 15:49:39;1664552979360;3658.25;1;1;0;3654.0;3653.75
2022.09.30 15:49:39;1664552979360;3658.25;1;1;0;3654.0;3653.75
2022.09.30 15:49:39;1664552979360;3658.25;1;1;0;3654.0;3653.75
2022.09.30 15:49:39;1664552979360;3658.25;1;1;0;3654.0;3653.75
2022.09.30 15:49:39;1664552979360;3658.25;1;1;0;3654.0;3653.75
2022.09.30 15:49:39;1664552979360;3658.25;1;1;0;3654.0;3653.75
2022.09.30 15:49:39;1664552979360;3658.25;1;1;0;3654.0;3653.75
2022.09.30 15:49:39;1664552979361;3658.25;1;1;0;3654.0;3653.75
2022.09.30 15:49:39;1664552979361;3658.25;1;1;0;3654.0;3653.75
2022.09.30 15:49:39;1664552979361;3658.25;2;1;0;3654.0;3653.75
2022.09.30 15:49:39;1664552979361;3658.25;1;0;1;3654.0;3653.75
2022.09.30 15:49:39;1664552979361;3658.25;1;0;1;3654.0;3653.75
2022.09.30 15:49:39;1664552979361;3658.25;1;1;0;3654.0;3653.75
2022.09.30 15:49:39;1664552979640;3658.0;1;0;1;3654.0;3653.75
2022.09.30 15:49:39;1664552979658;3658.0;1;0;1;3654.0;3653.75
2022.09.30 15:49:39;1664552979658;3658.0;1;0;1;3654.0;3653.75
2022.09.30 15:49:39;1664552979658;3658.0;3;0;1;3654.0;3653.75
2022.09.30 15:49:39;1664552979659;3658.0;3;0;0;3654.0;3653.75
2022.09.30 15:49:39;1664552979799;3658.0;1;1;0;3654.0;3653.75
2022.09.30 15:49:39;1664552979981;3657.75;1;0;1;3654.0;3653.75
2022.09.30 15:49:39;1664552979981;3657.75;1;0;1;3654.0;3653.75
2022.09.30 15:49:39;1664552979981;3657.75;1;0;1;3654.0;3653.75
2022.09.30 15:49:39;1664552979981;3657.75;1;0;1;3654.0;3653.75
2022.09.30 15:49:39;1664552979981;3657.75;1;0;1;3654.0;3653.75
2022.09.30 15:49:39;1664552979981;3657.75;1;0;1;3654.0;3653.75
2022.09.30 15:49:39;1664552979981;3657.75;1;0;1;3654.0;3653.75
2022.09.30 15:49:39;1664552979981;3657.75;1;0;1;3654.0;3653.75
2022.09.30 15:49:39;1664552979981;3657.75;1;0;1;3654.0;3653.75
2022.09.30 15:49:39;1664552979981;3657.75;1;0;1;3654.0;3653.75
2022.09.30 15:49:39;1664552979981;3657.75;1;0;1;3654.0;3653.75
2022.09.30 15:49:39;1664552979981;3657.75;1;0;1;3654.0;3653.75
2022.09.30 15:49:39;1664552979981;3657.75;1;0;1;3654.0;3653.75
2022.09.30 15:49:39;1664552979981;3657.75;1;1;0;3654.0;3653.75
2022.09.30 15:49:39;1664552979981;3657.75;1;1;0;3654.0;3653.75
2022.09.30 15:49:39;1664552979981;3657.75;1;1;0;3654.0;3653.75
2022.09.30 15:49:39;1664552979981;3657.75;1;1;0;3654.0;3653.75
2022.09.30 15:49:39;1664552979982;3657.75;1;1;0;3654.0;3653.75
2022.09.30 15:49:39;1664552979982;3657.75;1;1;0;3654.0;3653.75
2022.09.30 15:49:39;1664552979982;3657.75;2;1;0;3654.0;3653.75
2022.09.30 15:49:39;1664552979982;3657.75;1;1;0;3654.0;3653.75
2022.09.30 15:49:39;1664552979982;3657.75;1;1;0;3654.0;3653.75
2022.09.30 15:49:39;1664552979982;3657.75;4;1;0;3654.0;3653.75
2022.09.30 15:49:39;1664552979982;3657.75;1;0;1;3654.0;3653.75
2022.09.30 15:49:39;1664552979982;3657.75;1;0;1;3654.0;3653.75
2022.09.30 15:49:39;1664552979990;3657.75;1;0;1;3654.0;3653.75
2022.09.30 15:49:39;1664552979990;3657.75;1;0;1;3654.0;3653.75
2022.09.30 15:49:39;1664552979990;3657.75;1;0;1;3654.0;3653.75
2022.09.30 15:49:39;1664552979990;3657.75;1;0;0;3654.0;3653.75
2022.09.30 15:49:39;1664552979995;3657.75;1;0;0;3654.0;3653.75
2022.09.30 15:49:40;1664552980009;3657.75;1;1;0;3654.0;3653.75
2022.09.30 15:49:40;1664552980009;3657.75;1;0;0;3654.0;3653.75
2022.09.30 15:49:40;1664552980079;3658.0;1;1;0;3654.0;3653.75
2022.09.30 15:49:40;1664552980085;3658.0;1;1;0;3654.0;3653.75
2022.09.30 15:49:40;1664552980085;3658.0;1;1;0;3654.0;3653.75
2022.09.30 15:49:40;1664552980158;3658.0;1;1;0;3654.0;3653.75
2022.09.30 15:49:40;1664552980158;3658.0;1;1;0;3654.0;3653.75
2022.09.30 15:49:40;1664552980213;3657.75;1;0;1;3654.0;3653.75
2022.09.30 15:49:40;1664552980213;3657.75;1;0;1;3654.0;3653.75
2022.09.30 15:49:40;1664552980213;3657.75;1;0;1;3654.0;3653.75
2022.09.30 15:49:40;1664552980213;3657.75;1;0;1;3654.0;3653.75
2022.09.30 15:49:40;1664552980213;3657.75;1;0;1;3654.0;3653.75
2022.09.30 15:49:40;1664552980213;3657.75;3;0;1;3654.0;3653.75
2022.09.30 15:49:40;1664552980213;3657.75;1;0;1;3654.0;3653.75
2022.09.30 15:49:40;1664552980213;3657.75;1;0;0;3654.0;3653.75
2022.09.30 15:49:40;1664552980213;3657.75;1;1;0;3654.0;3653.75
2022.09.30 15:49:40;1664552980213;3657.75;1;1;0;3654.0;3653.75
2022.09.30 15:49:40;1664552980217;3657.75;1;1;0;3654.0;3653.75
2022.09.30 15:49:40;1664552980218;3657.75;1;1;0;3654.0;3653.75
2022.09.30 15:49:40;1664552980218;3657.75;1;1;0;3654.0;3653.75
2022.09.30 15:49:40;1664552980218;3657.75;1;1;0;3654.0;3653.75
2022.09.30 15:49:40;1664552980218;3657.75;1;0;0;3654.0;3653.75
2022.09.30 15:49:40;1664552980225;3657.75;2;0;1;3654.0;3653.75
2022.09.30 15:49:40;1664552980237;3657.75;2;0;0;3654.0;3653.75
2022.09.30 15:49:40;1664552980238;3657.75;2;0;0;3654.0;3653.75
2022.09.30 15:49:40;1664552980288;3657.75;1;1;0;3654.0;3653.75
2022.09.30 15:49:40;1664552980288;3657.75;1;1;0;3654.0;3653.75
2022.09.30 15:49:40;1664552980288;3657.75;1;1;0;3654.0;3653.75
2022.09.30 15:49:40;1664552980289;3657.75;4;1;0;3654.0;3653.75
2022.09.30 15:49:40;1664552980289;3657.75;1;1;0;3654.0;3653.75
2022.09.30 15:49:40;1664552980289;3657.75;1;1;0;3654.0;3653.75
2022.09.30 15:49:40;1664552980289;3657.75;1;1;0;3654.0;3653.75
2022.09.30 15:49:40;1664552980289;3657.75;1;1;0;3654.0;3653.75
2022.09.30 15:49:40;1664552980289;3657.75;1;0;0;3654.0;3653.75
2022.09.30 15:49:40;1664552980512;3658.0;1;1;0;3654.0;3653.75
2022.09.30 15:49:40;1664552980512;3658.0;1;1;0;3654.0;3653.75
2022.09.30 15:49:40;1664552980512;3658.0;1;0;0;3654.0;3653.75
2022.09.30 15:49:40;1664552980513;3658.0;2;0;1;3654.0;3653.75
2022.09.30 15:49:40;1664552980514;3658.0;2;0;1;3654.0;3653.75
2022.09.30 15:49:40;1664552980514;3658.0;1;0;1;3654.0;3653.75
2022.09.30 15:49:40;1664552980515;3658.0;1;0;0;3654.0;3653.75
2022.09.30 15:49:40;1664552980583;3658.0;1;1;0;3654.0;3653.75
2022.09.30 15:49:40;1664552980744;3657.75;1;0;1;3654.0;3653.75
2022.09.30 15:49:40;1664552980794;3657.75;1;0;1;3654.0;3653.75
2022.09.30 15:49:40;1664552980807;3657.75;2;0;1;3654.0;3653.75
2022.09.30 15:49:40;1664552980809;3657.75;1;0;1;3654.0;3653.75
2022.09.30 15:49:40;1664552980946;3658.0;1;1;0;3654.0;3653.75
2022.09.30 15:49:40;1664552980946;3658.0;1;1;0;3654.0;3653.75
2022.09.30 15:49:40;1664552980946;3658.0;1;1;0;3654.0;3653.75
2022.09.30 15:49:40;1664552980946;3658.0;1;1;0;3654.0;3653.75
2022.09.30 15:49:40;1664552980947;3658.0;1;0;0;3654.0;3653.75
2022.09.30 15:49:40;1664552980965;3658.0;1;0;1;3654.0;3653.75
2022.09.30 15:49:40;1664552980965;3658.0;1;0;1;3654.0;3653.75
2022.09.30 15:49:40;1664552980965;3658.0;1;0;1;3654.0;3653.75
2022.09.30 15:49:40;1664552980965;3658.0;1;0;1;3654.0;3653.75
2022.09.30 15:49:40;1664552980965;3658.0;1;0;0;3654.0;3653.75
2022.09.30 15:49:40;1664552980973;3658.0;2;1;0;3654.0;3653.75
2022.09.30 15:49:40;1664552980973;3658.0;1;1;0;3654.0;3653.75
2022.09.30 15:49:40;1664552980973;3658.0;1;1;0;3654.0;3653.75
2022.09.30 15:49:40;1664552980973;3658.0;1;1;0;3654.0;3653.75
2022.09.30 15:49:40;1664552980973;3658.0;1;1;0;3654.0;3653.75
2022.09.30 15:49:40;1664552980973;3658.0;1;0;0;3654.0;3653.75
2022.09.30 15:49:40;1664552980981;3658.0;1;0;1;3654.0;3653.75
2022.09.30 15:49:40;1664552980981;3658.0;1;0;1;3654.0;3653.75
2022.09.30 15:49:40;1664552980981;3658.0;1;0;1;3654.0;3653.75
2022.09.30 15:49:40;1664552980981;3658.0;1;0;1;3654.0;3653.75
2022.09.30 15:49:40;1664552980981;3658.0;1;0;1;3654.0;3653.75
2022.09.30 15:49:40;1664552980981;3658.0;1;0;1;3654.0;3653.75
2022.09.30 15:49:40;1664552980983;3658.0;1;0;1;3654.0;3653.75
2022.09.30 15:49:40;1664552980983;3658.0;1;0;1;3654.0;3653.75
2022.09.30 15:49:40;1664552980983;3658.0;1;0;1;3654.0;3653.75
2022.09.30 15:49:40;1664552980983;3658.0;1;0;0;3654.0;3653.75
2022.09.30 15:49:41;1664552981155;3657.75;1;0;1;3654.0;3653.75
2022.09.30 15:49:41;1664552981414;3657.75;1;0;1;3654.0;3653.75
2022.09.30 15:49:41;1664552981592;3657.75;1;0;1;3654.0;3653.75
2022.09.30 15:49:41;1664552981592;3657.75;1;0;1;3654.0;3653.75
2022.09.30 15:49:41;1664552981592;3657.75;1;0;1;3654.0;3653.75
2022.09.30 15:49:41;1664552981592;3657.75;2;0;1;3654.0;3653.75
2022.09.30 15:49:41;1664552981592;3657.75;1;0;1;3654.0;3653.75
2022.09.30 15:49:41;1664552981592;3657.75;1;0;1;3654.0;3653.75
2022.09.30 15:49:41;1664552981592;3657.75;1;0;1;3654.0;3653.75
2022.09.30 15:49:41;1664552981592;3657.75;1;0;1;3654.0;3653.75
2022.09.30 15:49:41;1664552981592;3657.75;1;0;1;3654.0;3653.75
2022.09.30 15:49:41;1664552981592;3657.75;1;0;1;3654.0;3653.75
2022.09.30 15:49:41;1664552981592;3657.75;1;0;1;3654.0;3653.75
2022.09.30 15:49:41;1664552981593;3657.75;1;0;0;3654.0;3653.75
2022.09.30 15:49:41;1664552981594;3657.75;2;1;0;3654.0;3653.75
2022.09.30 15:49:41;1664552981594;3657.75;3;1;0;3654.0;3653.75
2022.09.30 15:49:41;1664552981594;3657.75;1;1;0;3654.0;3653.75
2022.09.30 15:49:41;1664552981594;3657.75;1;1;0;3654.0;3653.75
2022.09.30 15:49:41;1664552981594;3657.75;1;1;0;3654.0;3653.75
2022.09.30 15:49:41;1664552981594;3657.75;1;1;0;3654.0;3653.75
2022.09.30 15:49:41;1664552981594;3657.75;1;1;0;3654.0;3653.75
2022.09.30 15:49:41;1664552981594;3657.75;1;1;0;3654.0;3653.75
2022.09.30 15:49:41;1664552981594;3657.75;1;1;0;3654.0;3653.75
2022.09.30 15:49:41;1664552981594;3657.75;1;1;0;3654.0;3653.75
2022.09.30 15:49:41;1664552981594;3657.75;1;1;0;3654.0;3653.75
2022.09.30 15:49:41;1664552981595;3657.75;1;0;0;3654.0;3653.75
2022.09.30 15:49:41;1664552981641;3657.75;1;0;1;3654.0;3653.75
2022.09.30 15:49:41;1664552981641;3657.75;1;0;1;3654.0;3653.75
2022.09.30 15:49:41;1664552981641;3657.75;1;0;0;3654.0;3653.75
2022.09.30 15:49:41;1664552981672;3657.75;1;1;0;3654.0;3653.75
2022.09.30 15:49:41;1664552981672;3657.75;1;1;0;3654.0;3653.75
2022.09.30 15:49:41;1664552981672;3657.75;1;1;0;3654.0;3653.75
2022.09.30 15:49:41;1664552981672;3657.75;1;1;0;3654.0;3653.75
2022.09.30 15:49:41;1664552981672;3657.75;3;1;0;3654.0;3653.75
2022.09.30 15:49:41;1664552981672;3657.75;1;1;0;3654.0;3653.75
2022.09.30 15:49:41;1664552981672;3657.75;1;1;0;3654.0;3653.75
2022.09.30 15:49:41;1664552981672;3657.75;1;1;0;3654.0;3653.75
2022.09.30 15:49:41;1664552981672;3657.75;1;1;0;3654.0;3653.75
2022.09.30 15:49:41;1664552981672;3657.75;1;1;0;3654.0;3653.75
2022.09.30 15:49:41;1664552981672;3657.75;1;1;0;3654.0;3653.75
2022.09.30 15:49:41;1664552981672;3657.75;1;1;0;3654.0;3653.75
2022.09.30 15:49:41;1664552981673;3657.75;1;0;0;3654.0;3653.75
2022.09.30 15:49:41;1664552981693;3657.75;2;0;1;3654.0;3653.75
2022.09.30 15:49:41;1664552981693;3657.75;1;0;1;3654.0;3653.75
2022.09.30 15:49:41;1664552981693;3657.75;1;0;1;3654.0;3653.75
2022.09.30 15:49:41;1664552981693;3657.75;1;0;1;3654.0;3653.75
2022.09.30 15:49:41;1664552981693;3657.75;1;0;0;3654.0;3653.75
2022.09.30 15:49:41;1664552981693;3657.75;1;0;0;3654.0;3653.75
2022.09.30 15:49:41;1664552981693;3657.75;1;0;0;3654.0;3653.75
2022.09.30 15:49:41;1664552981726;3657.75;1;0;0;3654.0;3653.75
2022.09.30 15:49:41;1664552981832;3657.5;1;0;1;3654.0;3653.75
2022.09.30 15:49:41;1664552981832;3657.5;1;0;1;3654.0;3653.75
2022.09.30 15:49:41;1664552981832;3657.5;1;0;1;3654.0;3653.75
2022.09.30 15:49:41;1664552981832;3657.5;1;0;1;3654.0;3653.75
2022.09.30 15:49:41;1664552981832;3657.5;1;0;1;3654.0;3653.75
2022.09.30 15:49:41;1664552981853;3658.0;1;1;0;3654.0;3653.75
2022.09.30 15:49:41;1664552981854;3658.0;1;0;0;3654.0;3653.75
2022.09.30 15:49:42;1664552982192;3658.0;1;1;0;3654.0;3653.75
2022.09.30 15:49:42;1664552982192;3658.0;1;1;0;3654.0;3653.75
2022.09.30 15:49:42;1664552982192;3658.0;1;1;0;3654.0;3653.75
2022.09.30 15:49:42;1664552982192;3658.0;1;1;0;3654.0;3653.75
2022.09.30 15:49:42;1664552982192;3658.0;2;1;0;3654.0;3653.75
2022.09.30 15:49:42;1664552982192;3658.0;1;1;0;3654.0;3653.75
2022.09.30 15:49:42;1664552982192;3658.0;2;1;0;3654.0;3653.75
2022.09.30 15:49:42;1664552982193;3658.0;1;1;0;3654.0;3653.75
2022.09.30 15:49:42;1664552982193;3658.0;1;1;0;3654.0;3653.75
2022.09.30 15:49:42;1664552982193;3658.0;1;1;0;3654.0;3653.75
2022.09.30 15:49:42;1664552982193;3658.0;1;1;0;3654.0;3653.75
2022.09.30 15:49:42;1664552982193;3658.0;1;0;1;3654.0;3653.75
2022.09.30 15:49:42;1664552982193;3658.0;1;0;1;3654.0;3653.75
2022.09.30 15:49:42;1664552982194;3658.0;1;1;0;3654.0;3653.75
2022.09.30 15:49:42;1664552982194;3658.0;1;1;0;3654.0;3653.75
2022.09.30 15:49:42;1664552982196;3658.0;2;1;0;3654.0;3653.75
2022.09.30 15:49:42;1664552982196;3658.0;1;1;0;3654.0;3653.75
2022.09.30 15:49:42;1664552982196;3658.0;1;1;0;3654.0;3653.75
2022.09.30 15:49:42;1664552982196;3658.0;1;1;0;3654.0;3653.75
2022.09.30 15:49:42;1664552982196;3658.0;1;1;0;3654.0;3653.75
2022.09.30 15:49:42;1664552982196;3658.0;1;1;0;3654.0;3653.75
2022.09.30 15:49:42;1664552982196;3658.0;1;0;0;3654.0;3653.75
2022.09.30 15:49:42;1664552982196;3658.0;1;0;0;3654.0;3653.75
2022.09.30 15:49:42;1664552982321;3658.0;1;0;1;3654.0;3653.75
2022.09.30 15:49:42;1664552982321;3658.0;1;0;1;3654.0;3653.75
2022.09.30 15:49:42;1664552982321;3658.0;1;0;0;3654.0;3653.75
2022.09.30 15:49:42;1664552982323;3658.0;1;1;0;3654.0;3653.75
2022.09.30 15:49:42;1664552982323;3658.0;1;1;0;3654.0;3653.75
2022.09.30 15:49:42;1664552982323;3658.0;1;1;0;3654.0;3653.75
2022.09.30 15:49:42;1664552982323;3658.0;1;1;0;3654.0;3653.75
2022.09.30 15:49:42;1664552982323;3658.0;1;1;0;3654.0;3653.75
2022.09.30 15:49:42;1664552982323;3658.0;1;1;0;3654.0;3653.75
2022.09.30 15:49:42;1664552982323;3658.0;1;0;0;3654.0;3653.75
2022.09.30 15:49:42;1664552982395;3658.0;1;0;1;3654.0;3653.75
2022.09.30 15:49:42;1664552982396;3658.0;1;0;1;3654.0;3653.75
2022.09.30 15:49:42;1664552982396;3658.0;1;0;1;3654.0;3653.75
2022.09.30 15:49:42;1664552982396;3658.0;1;0;1;3654.0;3653.75
2022.09.30 15:49:42;1664552982396;3658.0;1;0;1;3654.0;3653.75
2022.09.30 15:49:42;1664552982396;3658.0;1;0;0;3654.0;3653.75
2022.09.30 15:49:42;1664552982415;3658.0;1;1;0;3654.0;3653.75
2022.09.30 15:49:42;1664552982415;3658.0;1;1;0;3654.0;3653.75
2022.09.30 15:49:42;1664552982415;3658.0;1;1;0;3654.0;3653.75
2022.09.30 15:49:42;1664552982415;3658.0;1;0;1;3654.0;3653.75
2022.09.30 15:49:42;1664552982415;3658.0;1;0;1;3654.0;3653.75
2022.09.30 15:49:42;1664552982415;3658.0;1;0;1;3654.0;3653.75
2022.09.30 15:49:42;1664552982420;3658.0;1;0;1;3654.0;3653.75
2022.09.30 15:49:42;1664552982420;3658.0;1;0;1;3654.0;3653.75
2022.09.30 15:49:42;1664552982420;3658.0;1;0;1;3654.0;3653.75
2022.09.30 15:49:42;1664552982420;3658.0;1;0;1;3654.0;3653.75
2022.09.30 15:49:42;1664552982420;3658.0;1;0;1;3654.0;3653.75
2022.09.30 15:49:42;1664552982420;3658.0;1;0;1;3654.0;3653.75
2022.09.30 15:49:42;1664552982420;3658.0;1;0;1;3654.0;3653.75
2022.09.30 15:49:42;1664552982760;3658.0;1;1;0;3654.0;3653.75
2022.09.30 15:49:42;1664552982760;3658.0;1;1;0;3654.0;3653.75
2022.09.30 15:49:42;1664552982762;3658.0;4;1;0;3654.0;3653.75
2022.09.30 15:49:42;1664552982762;3658.0;3;1;0;3654.0;3653.75
2022.09.30 15:49:42;1664552982762;3658.0;1;1;0;3654.0;3653.75
2022.09.30 15:49:42;1664552982763;3658.0;1;0;0;3654.0;3653.75
2022.09.30 15:49:42;1664552982769;3658.0;2;0;1;3654.0;3653.75
2022.09.30 15:49:42;1664552982769;3658.0;1;0;1;3654.0;3653.75
2022.09.30 15:49:42;1664552982771;3658.0;1;0;1;3654.0;3653.75
2022.09.30 15:49:42;1664552982771;3658.0;1;0;1;3654.0;3653.75
2022.09.30 15:49:42;1664552982772;3658.0;1;0;0;3654.0;3653.75
2022.09.30 15:49:42;1664552982790;3657.75;1;0;1;3654.0;3653.75
2022.09.30 15:49:42;1664552982919;3658.0;1;1;0;3654.0;3653.75
2022.09.30 15:49:42;1664552982919;3658.0;1;1;0;3654.0;3653.75
2022.09.30 15:49:42;1664552982919;3658.0;1;1;0;3654.0;3653.75
2022.09.30 15:49:42;1664552982920;3658.0;2;1;0;3654.0;3653.75
2022.09.30 15:49:42;1664552982920;3658.0;1;1;0;3654.0;3653.75
2022.09.30 15:49:42;1664552982920;3658.0;1;0;0;3654.0;3653.75
2022.09.30 15:49:42;1664552982931;3658.0;1;0;0;3654.0;3653.75
2022.09.30 15:49:42;1664552982942;3658.0;1;0;1;3654.0;3653.75
2022.09.30 15:49:42;1664552982984;3658.0;1;0;1;3654.0;3653.75
2022.09.30 15:49:43;1664552983198;3658.0;1;0;1;3654.0;3653.75
2022.09.30 15:49:43;1664552983198;3658.0;1;0;1;3654.0;3653.75
2022.09.30 15:49:43;1664552983198;3658.0;1;0;1;3654.0;3653.75
2022.09.30 15:49:43;1664552983198;3658.0;1;0;0;3654.0;3653.75
2022.09.30 15:49:43;1664552983605;3657.75;4;0;1;3654.0;3653.75
2022.09.30 15:49:43;1664552983605;3657.75;1;0;1;3654.0;3653.75
2022.09.30 15:49:43;1664552983605;3657.75;1;0;1;3654.0;3653.75
2022.09.30 15:49:43;1664552983605;3657.75;1;0;1;3654.0;3653.75
2022.09.30 15:49:43;1664552983605;3657.75;3;0;1;3654.0;3653.75
2022.09.30 15:49:43;1664552983606;3657.75;1;0;1;3654.0;3653.75
2022.09.30 15:49:43;1664552983606;3657.75;1;0;1;3654.0;3653.75
2022.09.30 15:49:43;1664552983606;3657.75;4;0;1;3654.0;3653.75
2022.09.30 15:49:43;1664552983606;3657.75;1;0;1;3654.0;3653.75
2022.09.30 15:49:43;1664552983606;3657.75;1;0;1;3654.0;3653.75
2022.09.30 15:49:43;1664552983606;3657.75;1;0;1;3654.0;3653.75
2022.09.30 15:49:43;1664552983606;3657.75;3;0;1;3654.0;3653.75
2022.09.30 15:49:43;1664552983606;3657.75;1;0;1;3654.0;3653.75
2022.09.30 15:49:43;1664552983606;3657.75;1;1;0;3654.0;3653.75
2022.09.30 15:49:43;1664552983606;3657.75;1;0;1;3654.0;3653.75
2022.09.30 15:49:43;1664552983606;3657.75;1;0;1;3654.0;3653.75
2022.09.30 15:49:43;1664552983606;3657.75;1;0;0;3654.0;3653.75
2022.09.30 15:49:43;1664552983608;3657.75;1;1;0;3654.0;3653.75
2022.09.30 15:49:43;1664552983608;3657.75;1;1;0;3654.0;3653.75
2022.09.30 15:49:43;1664552983608;3657.75;1;1;0;3654.0;3653.75
2022.09.30 15:49:43;1664552983608;3657.75;1;1;0;3654.0;3653.75
2022.09.30 15:49:43;1664552983608;3657.75;1;1;0;3654.0;3653.75
2022.09.30 15:49:43;1664552983608;3657.75;1;1;0;3654.0;3653.75
2022.09.30 15:49:43;1664552983609;3657.75;1;0;0;3654.0;3653.75
2022.09.30 15:49:43;1664552983613;3657.75;1;0;0;3654.0;3653.75
2022.09.30 15:49:43;1664552983624;3657.75;1;0;0;3654.0;3653.75
2022.09.30 15:49:43;1664552983714;3657.75;1;1;0;3654.0;3653.75
2022.09.30 15:49:43;1664552983714;3657.75;1;1;0;3654.0;3653.75
2022.09.30 15:49:43;1664552983714;3657.75;1;1;0;3654.0;3653.75
2022.09.30 15:49:43;1664552983714;3657.75;1;1;0;3654.0;3653.75
2022.09.30 15:49:43;1664552983714;3657.75;1;1;0;3654.0;3653.75
2022.09.30 15:49:43;1664552983714;3657.75;1;1;0;3654.0;3653.75
2022.09.30 15:49:43;1664552983714;3657.75;1;1;0;3654.0;3653.75
2022.09.30 15:49:43;1664552983714;3657.75;1;1;0;3654.0;3653.75
2022.09.30 15:49:43;1664552983715;3657.75;1;0;0;3654.0;3653.75
2022.09.30 15:49:43;1664552983715;3657.75;1;1;1;3654.0;3653.75
2022.09.30 15:49:43;1664552983715;3657.75;1;0;1;3654.0;3653.75
2022.09.30 15:49:43;1664552983715;3657.75;1;0;0;3654.0;3653.75
2022.09.30 15:49:44;1664552984270;3657.5;1;0;1;3654.0;3653.75
2022.09.30 15:49:44;1664552984548;3657.75;2;1;0;3654.0;3653.75
2022.09.30 15:49:44;1664552984548;3657.75;1;1;0;3654.0;3653.75
2022.09.30 15:49:44;1664552984548;3657.75;1;1;0;3654.0;3653.75
2022.09.30 15:49:44;1664552984548;3657.75;1;1;0;3654.0;3653.75
2022.09.30 15:49:44;1664552984549;3657.75;1;1;0;3654.0;3653.75
2022.09.30 15:49:44;1664552984549;3657.75;4;1;0;3654.0;3653.75
2022.09.30 15:49:44;1664552984760;3657.5;1;0;1;3654.0;3653.75
2022.09.30 15:49:44;1664552984795;3657.75;1;1;0;3654.0;3653.75
2022.09.30 15:49:45;1664552985010;3657.5;1;0;1;3654.0;3653.75
2022.09.30 15:49:45;1664552985010;3657.5;4;0;1;3654.0;3653.75
2022.09.30 15:49:45;1664552985010;3657.5;1;0;1;3654.0;3653.75
2022.09.30 15:49:45;1664552985010;3657.5;1;0;1;3654.0;3653.75
2022.09.30 15:49:45;1664552985010;3657.5;3;0;1;3654.0;3653.75
2022.09.30 15:49:45;1664552985011;3657.5;1;0;1;3654.0;3653.75
2022.09.30 15:49:45;1664552985011;3657.5;1;0;1;3654.0;3653.75
2022.09.30 15:49:45;1664552985011;3657.5;1;0;1;3654.0;3653.75
2022.09.30 15:49:45;1664552985011;3657.5;1;0;1;3654.0;3653.75
2022.09.30 15:49:45;1664552985011;3657.5;1;0;1;3654.0;3653.75
2022.09.30 15:49:45;1664552985011;3657.5;1;0;1;3654.0;3653.75
2022.09.30 15:49:45;1664552985011;3657.5;1;0;1;3654.0;3653.75
2022.09.30 15:49:45;1664552985011;3657.5;2;0;1;3654.0;3653.75
2022.09.30 15:49:45;1664552985012;3657.5;8;0;1;3654.0;3653.75
2022.09.30 15:49:45;1664552985014;3657.5;3;0;1;3654.0;3653.75
2022.09.30 15:49:45;1664552985014;3657.5;1;0;1;3654.0;3653.75
2022.09.30 15:49:45;1664552985014;3657.5;1;0;1;3654.0;3653.75
2022.09.30 15:49:45;1664552985014;3657.5;1;0;1;3654.0;3653.75
2022.09.30 15:49:45;1664552985014;3657.5;1;0;1;3654.0;3653.75
2022.09.30 15:49:45;1664552985014;3657.5;5;0;1;3654.0;3653.75
2022.09.30 15:49:45;1664552985014;3657.5;1;0;1;3654.0;3653.75
2022.09.30 15:49:45;1664552985014;3657.5;1;0;1;3654.0;3653.75
2022.09.30 15:49:45;1664552985014;3657.5;2;0;1;3654.0;3653.75
2022.09.30 15:49:45;1664552985014;3657.5;1;0;1;3654.0;3653.75
2022.09.30 15:49:45;1664552985015;3657.5;4;0;1;3654.0;3653.75
2022.09.30 15:49:45;1664552985015;3657.5;1;0;1;3654.0;3653.75
2022.09.30 15:49:45;1664552985015;3657.5;1;0;1;3654.0;3653.75
2022.09.30 15:49:45;1664552985015;3657.5;1;0;1;3654.0;3653.75
2022.09.30 15:49:45;1664552985015;3657.5;1;0;1;3654.0;3653.75
2022.09.30 15:49:45;1664552985015;3657.5;3;0;1;3654.0;3653.75
2022.09.30 15:49:45;1664552985015;3657.5;1;0;1;3654.0;3653.75
2022.09.30 15:49:45;1664552985015;3657.5;1;0;1;3654.0;3653.75
2022.09.30 15:49:45;1664552985015;3657.5;1;0;1;3654.0;3653.75
2022.09.30 15:49:45;1664552985015;3657.5;1;0;1;3654.0;3653.75
2022.09.30 15:49:45;1664552985015;3657.5;2;1;0;3654.0;3653.75
2022.09.30 15:49:45;1664552985015;3657.5;1;0;1;3654.0;3653.75
2022.09.30 15:49:45;1664552985015;3657.5;1;0;1;3654.0;3653.75
2022.09.30 15:49:45;1664552985015;3657.5;1;0;1;3654.0;3653.75
2022.09.30 15:49:45;1664552985015;3657.5;1;0;1;3654.0;3653.75
2022.09.30 15:49:45;1664552985015;3657.5;1;0;1;3654.0;3653.75
2022.09.30 15:49:45;1664552985015;3657.5;1;0;1;3654.0;3653.75
2022.09.30 15:49:45;1664552985080;3657.5;1;0;1;3654.0;3653.75
2022.09.30 15:49:45;1664552985080;3657.5;1;0;1;3654.0;3653.75
2022.09.30 15:49:45;1664552985080;3657.5;2;0;1;3654.0;3653.75
2022.09.30 15:49:45;1664552985080;3657.5;1;0;1;3654.0;3653.75
2022.09.30 15:49:45;1664552985080;3657.5;1;0;1;3654.0;3653.75
2022.09.30 15:49:45;1664552985080;3657.5;1;0;1;3654.0;3653.75
2022.09.30 15:49:45;1664552985081;3657.5;1;0;0;3654.0;3653.75
2022.09.30 15:49:45;1664552985282;3657.25;1;0;1;3654.0;3653.75
2022.09.30 15:49:45;1664552985282;3657.25;1;0;1;3654.0;3653.75
2022.09.30 15:49:45;1664552985282;3657.25;1;0;1;3654.0;3653.75
2022.09.30 15:49:45;1664552985282;3657.25;1;0;1;3654.0;3653.75
2022.09.30 15:49:45;1664552985283;3657.25;1;0;1;3654.0;3653.75
2022.09.30 15:49:45;1664552985283;3657.25;1;0;1;3654.0;3653.75
2022.09.30 15:49:45;1664552985283;3657.25;3;0;1;3654.0;3653.75
2022.09.30 15:49:45;1664552985283;3657.25;1;0;1;3654.0;3653.75
2022.09.30 15:49:45;1664552985283;3657.25;1;0;1;3654.0;3653.75
2022.09.30 15:49:45;1664552985283;3657.25;1;0;1;3654.0;3653.75
2022.09.30 15:49:45;1664552985283;3657.25;1;0;1;3654.0;3653.75
2022.09.30 15:49:45;1664552985283;3657.25;1;0;1;3654.0;3653.75
2022.09.30 15:49:45;1664552985283;3657.25;2;0;1;3654.0;3653.75
2022.09.30 15:49:45;1664552985283;3657.25;1;0;1;3654.0;3653.75
2022.09.30 15:49:45;1664552985283;3657.25;1;0;1;3654.0;3653.75
2022.09.30 15:49:45;1664552985283;3657.25;1;0;1;3654.0;3653.75
2022.09.30 15:49:45;1664552985283;3657.25;1;0;1;3654.0;3653.75
2022.09.30 15:49:45;1664552985283;3657.25;1;0;1;3654.0;3653.75
2022.09.30 15:49:45;1664552985284;3657.25;1;0;1;3654.0;3653.75
2022.09.30 15:49:45;1664552985313;3657.25;3;0;1;3654.0;3653.75
2022.09.30 15:49:45;1664552985313;3657.25;1;0;1;3654.0;3653.75
2022.09.30 15:49:45;1664552985340;3657.25;1;0;1;3654.0;3653.75
2022.09.30 15:49:45;1664552985340;3657.25;1;0;1;3654.0;3653.75
2022.09.30 15:49:45;1664552985340;3657.25;1;0;1;3654.0;3653.75
2022.09.30 15:49:45;1664552985340;3657.25;4;0;1;3654.0;3653.75
2022.09.30 15:49:45;1664552985425;3657.5;1;1;0;3654.0;3653.75
2022.09.30 15:49:45;1664552985524;3657.25;1;0;1;3654.0;3653.75
2022.09.30 15:49:45;1664552985536;3657.5;1;1;0;3654.0;3653.75
2022.09.30 15:49:45;1664552985699;3657.5;1;1;0;3654.0;3653.75
2022.09.30 15:49:45;1664552985699;3657.5;1;1;0;3654.0;3653.75
2022.09.30 15:49:45;1664552985699;3657.5;1;1;0;3654.0;3653.75
2022.09.30 15:49:45;1664552985699;3657.5;1;1;0;3654.0;3653.75
2022.09.30 15:49:45;1664552985699;3657.5;1;1;0;3654.0;3653.75
2022.09.30 15:49:45;1664552985699;3657.5;1;1;0;3654.0;3653.75
2022.09.30 15:49:45;1664552985699;3657.5;1;1;0;3654.0;3653.75
2022.09.30 15:49:45;1664552985700;3657.5;2;1;0;3654.0;3653.75
2022.09.30 15:49:45;1664552985700;3657.5;1;1;0;3654.0;3653.75
2022.09.30 15:49:45;1664552985700;3657.5;2;1;0;3654.0;3653.75
2022.09.30 15:49:45;1664552985700;3657.5;1;1;0;3654.0;3653.75
2022.09.30 15:49:45;1664552985700;3657.5;1;1;0;3654.0;3653.75
2022.09.30 15:49:45;1664552985700;3657.5;1;0;0;3654.0;3653.75
2022.09.30 15:49:45;1664552985703;3657.5;1;0;0;3654.0;3653.75
2022.09.30 15:49:45;1664552985981;3657.5;1;0;1;3654.0;3653.75
2022.09.30 15:49:45;1664552985981;3657.5;1;0;1;3654.0;3653.75
2022.09.30 15:49:45;1664552985981;3657.5;1;0;1;3654.0;3653.75
2022.09.30 15:49:45;1664552985981;3657.5;1;0;1;3654.0;3653.75
2022.09.30 15:49:46;1664552986143;3657.5;1;0;1;3654.0;3653.75
2022.09.30 15:49:46;1664552986143;3657.5;1;0;1;3654.0;3653.75
2022.09.30 15:49:46;1664552986207;3657.75;1;1;0;3654.0;3653.75
2022.09.30 15:49:46;1664552986207;3657.75;1;1;0;3654.0;3653.75
2022.09.30 15:49:46;1664552986207;3657.75;1;1;0;3654.0;3653.75
2022.09.30 15:49:46;1664552986207;3657.75;5;1;0;3654.0;3653.75
2022.09.30 15:49:46;1664552986207;3657.75;1;1;0;3654.0;3653.75
2022.09.30 15:49:46;1664552986207;3657.75;8;1;0;3654.0;3653.75
2022.09.30 15:49:46;1664552986207;3657.75;1;1;0;3654.0;3653.75
2022.09.30 15:49:46;1664552986207;3657.75;1;1;0;3654.0;3653.75
2022.09.30 15:49:46;1664552986208;3657.75;2;1;0;3654.0;3653.75
2022.09.30 15:49:46;1664552986208;3657.75;2;0;0;3654.0;3653.75
2022.09.30 15:49:46;1664552986211;3657.75;2;0;1;3654.0;3653.75
2022.09.30 15:49:46;1664552986211;3657.75;1;0;1;3654.0;3653.75
2022.09.30 15:49:46;1664552986211;3657.75;1;0;1;3654.0;3653.75
2022.09.30 15:49:46;1664552986211;3657.75;1;0;1;3654.0;3653.75
2022.09.30 15:49:46;1664552986211;3657.75;1;0;1;3654.0;3653.75
2022.09.30 15:49:46;1664552986211;3657.75;1;0;1;3654.0;3653.75
2022.09.30 15:49:46;1664552986211;3657.75;1;0;1;3654.0;3653.75
2022.09.30 15:49:46;1664552986212;3657.75;1;0;1;3654.0;3653.75
2022.09.30 15:49:46;1664552986212;3657.75;1;0;1;3654.0;3653.75
2022.09.30 15:49:46;1664552986212;3657.75;3;0;1;3654.0;3653.75
2022.09.30 15:49:46;1664552986219;3657.75;1;0;1;3654.0;3653.75
2022.09.30 15:49:46;1664552986219;3657.75;1;0;1;3654.0;3653.75
2022.09.30 15:49:46;1664552986219;3657.75;1;1;0;3654.0;3653.75
2022.09.30 15:49:46;1664552986219;3657.75;1;0;0;3654.0;3653.75
2022.09.30 15:49:46;1664552986221;3657.75;1;1;0;3654.0;3653.75
2022.09.30 15:49:46;1664552986221;3657.75;1;1;0;3654.0;3653.75
2022.09.30 15:49:46;1664552986221;3657.75;1;1;0;3654.0;3653.75
2022.09.30 15:49:46;1664552986221;3657.75;1;1;0;3654.0;3653.75
2022.09.30 15:49:46;1664552986221;3657.75;1;0;0;3654.0;3653.75
2022.09.30 15:49:46;1664552986337;3658.0;1;1;0;3654.0;3653.75
2022.09.30 15:49:46;1664552986337;3658.0;1;1;0;3654.0;3653.75
2022.09.30 15:49:46;1664552986337;3658.0;1;1;0;3654.0;3653.75
2022.09.30 15:49:46;1664552986337;3658.0;1;1;0;3654.0;3653.75
2022.09.30 15:49:46;1664552986373;3657.75;1;0;1;3654.0;3653.75
2022.09.30 15:49:46;1664552986455;3658.0;1;1;0;3654.0;3653.75
2022.09.30 15:49:46;1664552986506;3657.75;1;0;1;3654.0;3653.75
2022.09.30 15:49:46;1664552986522;3658.0;1;1;0;3654.0;3653.75
2022.09.30 15:49:46;1664552986592;3658.0;3;1;0;3654.0;3653.75
2022.09.30 15:49:46;1664552986592;3658.0;1;1;0;3654.0;3653.75
2022.09.30 15:49:46;1664552986592;3658.0;1;1;0;3654.0;3653.75
2022.09.30 15:49:46;1664552986592;3658.0;1;1;0;3654.0;3653.75
2022.09.30 15:49:46;1664552986592;3658.0;1;1;0;3654.0;3653.75
2022.09.30 15:49:46;1664552986592;3658.0;1;1;0;3654.0;3653.75
2022.09.30 15:49:46;1664552986592;3658.0;1;1;0;3654.0;3653.75
2022.09.30 15:49:46;1664552986593;3658.0;2;1;0;3654.0;3653.75
2022.09.30 15:49:46;1664552986593;3658.0;1;1;0;3654.0;3653.75
2022.09.30 15:49:46;1664552986593;3658.0;4;1;0;3654.0;3653.75
2022.09.30 15:49:46;1664552986593;3658.0;1;1;0;3654.0;3653.75
2022.09.30 15:49:46;1664552986593;3658.0;1;0;0;3654.0;3653.75
2022.09.30 15:49:46;1664552986610;3658.0;2;0;1;3654.0;3653.75
2022.09.30 15:49:46;1664552986851;3658.0;3;0;1;3654.0;3653.75
2022.09.30 15:49:46;1664552986851;3658.0;1;0;1;3654.0;3653.75
2022.09.30 15:49:46;1664552986851;3658.0;1;0;1;3654.0;3653.75
2022.09.30 15:49:46;1664552986851;3658.0;2;0;1;3654.0;3653.75
2022.09.30 15:49:46;1664552986851;3658.0;1;0;1;3654.0;3653.75
2022.09.30 15:49:46;1664552986851;3658.0;1;0;1;3654.0;3653.75
2022.09.30 15:49:46;1664552986851;3658.0;1;0;1;3654.0;3653.75
2022.09.30 15:49:46;1664552986851;3658.0;2;0;1;3654.0;3653.75
2022.09.30 15:49:46;1664552986851;3658.0;2;0;0;3654.0;3653.75
2022.09.30 15:49:46;1664552986939;3658.0;4;1;0;3654.0;3653.75
2022.09.30 15:49:46;1664552986939;3658.0;1;1;0;3654.0;3653.75
2022.09.30 15:49:46;1664552986939;3658.0;1;1;0;3654.0;3653.75
2022.09.30 15:49:46;1664552986939;3658.0;1;1;0;3654.0;3653.75
2022.09.30 15:49:46;1664552986939;3658.0;1;1;0;3654.0;3653.75
2022.09.30 15:49:46;1664552986939;3658.0;1;1;0;3654.0;3653.75
2022.09.30 15:49:46;1664552986939;3658.0;1;1;0;3654.0;3653.75
2022.09.30 15:49:46;1664552986939;3658.0;1;1;0;3654.0;3653.75
2022.09.30 15:49:46;1664552986939;3658.0;1;1;0;3654.0;3653.75
2022.09.30 15:49:46;1664552986939;3658.0;1;1;0;3654.0;3653.75
2022.09.30 15:49:46;1664552986939;3658.0;1;1;0;3654.0;3653.75
2022.09.30 15:49:46;1664552986939;3658.0;1;1;0;3654.0;3653.75
2022.09.30 15:49:46;1664552986939;3658.0;1;1;0;3654.0;3653.75
2022.09.30 15:49:46;1664552986939;3658.0;1;0;0;3654.0;3653.75
2022.09.30 15:49:46;1664552986956;3658.0;1;0;1;3654.0;3653.75
2022.09.30 15:49:46;1664552986956;3658.0;1;0;1;3654.0;3653.75
2022.09.30 15:49:46;1664552986956;3658.0;1;0;1;3654.0;3653.75
2022.09.30 15:49:46;1664552986956;3658.0;1;0;1;3654.0;3653.75
2022.09.30 15:49:46;1664552986957;3658.0;1;0;1;3654.0;3653.75
2022.09.30 15:49:46;1664552986957;3658.0;1;0;1;3654.0;3653.75
2022.09.30 15:49:46;1664552986957;3658.0;1;0;0;3654.0;3653.75
2022.09.30 15:49:47;1664552987177;3657.75;1;0;1;3654.0;3653.75
2022.09.30 15:49:47;1664552987177;3657.75;1;0;0;3654.0;3653.75
2022.09.30 15:49:47;1664552987444;3658.0;1;0;1;3654.0;3653.75
2022.09.30 15:49:47;1664552987444;3658.25;1;1;0;3654.0;3653.75
2022.09.30 15:49:47;1664552987475;3658.0;1;0;1;3654.0;3653.75
2022.09.30 15:49:47;1664552987476;3658.0;1;0;1;3654.0;3653.75
2022.09.30 15:49:47;1664552987477;3658.0;1;0;0;3654.0;3653.75
2022.09.30 15:49:47;1664552987541;3658.0;1;1;0;3654.0;3653.75
2022.09.30 15:49:47;1664552987541;3658.0;1;1;0;3654.0;3653.75
2022.09.30 15:49:47;1664552987541;3658.0;1;1;0;3654.0;3653.75
2022.09.30 15:49:47;1664552987541;3658.0;1;0;0;3654.0;3653.75
2022.09.30 15:49:47;1664552987572;3658.0;1;0;1;3654.0;3653.75
2022.09.30 15:49:47;1664552987572;3658.0;1;0;1;3654.0;3653.75
2022.09.30 15:49:47;1664552987644;3658.0;1;0;1;3654.0;3653.75
2022.09.30 15:49:47;1664552987644;3658.0;1;0;1;3654.0;3653.75
2022.09.30 15:49:47;1664552987644;3658.0;1;0;1;3654.0;3653.75
2022.09.30 15:49:47;1664552987644;3658.0;3;0;1;3654.0;3653.75
2022.09.30 15:49:47;1664552987644;3658.0;1;0;1;3654.0;3653.75
2022.09.30 15:49:47;1664552987644;3658.0;1;0;1;3654.0;3653.75
2022.09.30 15:49:47;1664552987644;3658.0;1;0;1;3654.0;3653.75
2022.09.30 15:49:47;1664552987890;3658.0;2;0;1;3654.0;3653.75
2022.09.30 15:49:47;1664552987939;3658.0;1;0;1;3654.0;3653.75
2022.09.30 15:49:47;1664552987939;3658.0;1;0;1;3654.0;3653.75
2022.09.30 15:49:47;1664552987939;3658.0;2;0;1;3654.0;3653.75
2022.09.30 15:49:47;1664552987939;3658.0;1;0;1;3654.0;3653.75
2022.09.30 15:49:47;1664552987939;3658.0;1;0;1;3654.0;3653.75
2022.09.30 15:49:47;1664552987939;3658.0;1;0;0;3654.0;3653.75
2022.09.30 15:49:48;1664552988017;3658.0;1;1;0;3654.0;3653.75
2022.09.30 15:49:48;1664552988017;3658.0;1;1;0;3654.0;3653.75
2022.09.30 15:49:48;1664552988017;3658.0;1;1;0;3654.0;3653.75
2022.09.30 15:49:48;1664552988017;3658.0;1;1;0;3654.0;3653.75
2022.09.30 15:49:48;1664552988017;3658.0;1;1;0;3654.0;3653.75
2022.09.30 15:49:48;1664552988017;3658.0;1;1;0;3654.0;3653.75
2022.09.30 15:49:48;1664552988017;3658.0;1;1;0;3654.0;3653.75
2022.09.30 15:49:48;1664552988017;3658.0;1;1;0;3654.0;3653.75
2022.09.30 15:49:48;1664552988017;3658.0;1;1;0;3654.0;3653.75
2022.09.30 15:49:48;1664552988017;3658.0;1;1;0;3654.0;3653.75
2022.09.30 15:49:48;1664552988017;3658.0;1;0;1;3654.0;3653.75
2022.09.30 15:49:48;1664552988017;3658.0;2;0;1;3654.0;3653.75
2022.09.30 15:49:48;1664552988017;3658.0;2;0;1;3654.0;3653.75
2022.09.30 15:49:48;1664552988017;3658.0;1;0;1;3654.0;3653.75
2022.09.30 15:49:48;1664552988017;3658.0;1;0;0;3654.0;3653.75
2022.09.30 15:49:48;1664552988022;3658.0;2;0;1;3654.0;3653.75
2022.09.30 15:49:48;1664552988022;3658.0;1;0;1;3654.0;3653.75
2022.09.30 15:49:48;1664552988022;3658.0;1;0;1;3654.0;3653.75
2022.09.30 15:49:48;1664552988022;3658.0;1;0;1;3654.0;3653.75
2022.09.30 15:49:48;1664552988022;3658.0;1;0;0;3654.0;3653.75
2022.09.30 15:49:48;1664552988022;3658.0;1;0;1;3654.0;3653.75
2022.09.30 15:49:48;1664552988023;3658.0;1;0;1;3654.0;3653.75
2022.09.30 15:49:48;1664552988023;3658.0;1;1;0;3654.0;3653.75
2022.09.30 15:49:48;1664552988023;3658.0;1;1;0;3654.0;3653.75
2022.09.30 15:49:48;1664552988023;3658.0;1;1;0;3654.0;3653.75
2022.09.30 15:49:48;1664552988023;3658.0;1;1;0;3654.0;3653.75
2022.09.30 15:49:48;1664552988023;3658.0;1;1;0;3654.0;3653.75
2022.09.30 15:49:48;1664552988023;3658.0;1;0;1;3654.0;3653.75
2022.09.30 15:49:48;1664552988080;3658.0;1;1;0;3654.0;3653.75
2022.09.30 15:49:48;1664552988088;3657.75;1;0;1;3654.0;3653.75
2022.09.30 15:49:48;1664552988156;3658.0;1;1;0;3654.0;3653.75
2022.09.30 15:49:48;1664552988156;3658.0;1;0;0;3654.0;3653.75
2022.09.30 15:49:48;1664552988176;3658.0;1;0;0;3654.0;3653.75
2022.09.30 15:49:48;1664552988230;3658.0;1;1;1;3654.0;3653.75
2022.09.30 15:49:48;1664552988230;3658.0;1;1;1;3654.0;3653.75
2022.09.30 15:49:48;1664552988358;3658.0;1;0;0;3654.0;3653.75
2022.09.30 15:49:48;1664552988453;3658.0;1;0;1;3654.0;3653.75
2022.09.30 15:49:48;1664552988453;3658.0;1;0;1;3654.0;3653.75
2022.09.30 15:49:48;1664552988464;3658.0;1;0;1;3654.0;3653.75
2022.09.30 15:49:48;1664552988464;3658.0;1;0;0;3654.0;3653.75
2022.09.30 15:49:48;1664552988467;3658.0;1;0;0;3654.0;3653.75
2022.09.30 15:49:48;1664552988482;3658.0;1;1;0;3654.0;3653.75
2022.09.30 15:49:48;1664552988482;3658.0;1;1;0;3654.0;3653.75
2022.09.30 15:49:48;1664552988482;3658.0;1;1;0;3654.0;3653.75
2022.09.30 15:49:48;1664552988482;3658.0;1;0;0;3654.0;3653.75
2022.09.30 15:49:48;1664552988566;3658.0;1;0;1;3654.0;3653.75
2022.09.30 15:49:48;1664552988566;3658.0;1;0;1;3654.0;3653.75
2022.09.30 15:49:48;1664552988566;3658.0;1;0;1;3654.0;3653.75
2022.09.30 15:49:48;1664552988566;3658.0;1;0;1;3654.0;3653.75
2022.09.30 15:49:48;1664552988567;3658.0;1;0;1;3654.0;3653.75
2022.09.30 15:49:48;1664552988567;3658.0;1;0;1;3654.0;3653.75
2022.09.30 15:49:48;1664552988567;3658.0;1;0;1;3654.0;3653.75
2022.09.30 15:49:48;1664552988649;3658.0;1;0;0;3654.0;3653.75
2022.09.30 15:49:48;1664552988846;3658.0;1;0;0;3654.0;3653.75
2022.09.30 15:49:48;1664552988867;3658.0;1;0;1;3654.0;3653.75
2022.09.30 15:49:49;1664552989083;3658.0;1;0;1;3654.0;3653.75
2022.09.30 15:49:49;1664552989083;3658.0;1;0;1;3654.0;3653.75
2022.09.30 15:49:49;1664552989083;3658.0;1;0;1;3654.0;3653.75
2022.09.30 15:49:49;1664552989083;3658.0;1;0;1;3654.0;3653.75
2022.09.30 15:49:49;1664552989083;3658.0;1;0;1;3654.0;3653.75
2022.09.30 15:49:49;1664552989083;3658.0;1;0;1;3654.0;3653.75
2022.09.30 15:49:49;1664552989083;3658.0;1;0;1;3654.0;3653.75
2022.09.30 15:49:49;1664552989117;3658.0;2;0;1;3654.0;3653.75
2022.09.30 15:49:49;1664552989258;3658.0;1;0;1;3654.0;3653.75
2022.09.30 15:49:49;1664552989583;3658.25;1;1;0;3654.0;3653.75
2022.09.30 15:49:49;1664552989583;3658.25;1;1;0;3654.0;3653.75
2022.09.30 15:49:49;1664552989749;3658.0;1;0;1;3654.0;3653.75
2022.09.30 15:49:49;1664552989749;3658.0;1;0;1;3654.0;3653.75
2022.09.30 15:49:49;1664552989749;3658.0;1;0;1;3654.0;3653.75
2022.09.30 15:49:49;1664552989749;3658.0;1;0;1;3654.0;3653.75
2022.09.30 15:49:49;1664552989749;3658.0;2;0;1;3654.0;3653.75
2022.09.30 15:49:49;1664552989749;3658.0;1;0;1;3654.0;3653.75
2022.09.30 15:49:49;1664552989749;3658.0;1;0;1;3654.0;3653.75
2022.09.30 15:49:49;1664552989749;3658.0;1;0;1;3654.0;3653.75
2022.09.30 15:49:49;1664552989749;3658.0;3;0;1;3654.0;3653.75
2022.09.30 15:49:49;1664552989749;3658.0;1;1;0;3654.0;3653.75
2022.09.30 15:49:49;1664552989749;3658.0;1;0;0;3654.0;3653.75
2022.09.30 15:49:49;1664552989789;3658.0;1;1;0;3654.0;3653.75
2022.09.30 15:49:49;1664552989789;3658.0;1;1;0;3654.0;3653.75
2022.09.30 15:49:49;1664552989790;3658.0;2;1;0;3654.0;3653.75
2022.09.30 15:49:49;1664552989802;3658.0;1;1;0;3654.0;3653.75
2022.09.30 15:49:49;1664552989802;3658.0;1;1;0;3654.0;3653.75
2022.09.30 15:49:49;1664552989802;3658.0;1;1;0;3654.0;3653.75
2022.09.30 15:49:49;1664552989828;3657.75;1;0;1;3654.0;3653.75
2022.09.30 15:49:49;1664552989828;3657.75;1;0;1;3654.0;3653.75
2022.09.30 15:49:49;1664552989828;3657.75;1;0;1;3654.0;3653.75
2022.09.30 15:49:49;1664552989875;3658.0;1;1;0;3654.0;3653.75
2022.09.30 15:49:49;1664552989875;3658.0;1;1;0;3654.0;3653.75
2022.09.30 15:49:49;1664552989875;3658.0;1;1;0;3654.0;3653.75
2022.09.30 15:49:49;1664552989875;3658.0;1;1;0;3654.0;3653.75
2022.09.30 15:49:49;1664552989877;3658.0;1;0;0;3654.0;3653.75
2022.09.30 15:49:49;1664552989877;3658.0;1;0;0;3654.0;3653.75
2022.09.30 15:49:49;1664552989878;3658.0;1;0;1;3654.0;3653.75
2022.09.30 15:49:49;1664552989878;3658.0;1;0;1;3654.0;3653.75
2022.09.30 15:49:49;1664552989878;3658.0;1;0;1;3654.0;3653.75
2022.09.30 15:49:49;1664552989878;3658.0;1;0;0;3654.0;3653.75
2022.09.30 15:49:49;1664552989910;3658.0;1;1;0;3654.0;3653.75
2022.09.30 15:49:49;1664552989910;3658.0;1;1;0;3654.0;3653.75
2022.09.30 15:49:49;1664552989910;3658.0;1;1;0;3654.0;3653.75
2022.09.30 15:49:49;1664552989910;3658.0;1;1;0;3654.0;3653.75
2022.09.30 15:49:49;1664552989910;3658.0;1;1;0;3654.0;3653.75
2022.09.30 15:49:49;1664552989916;3658.0;1;0;0;3654.0;3653.75
2022.09.30 15:49:49;1664552989916;3658.0;1;1;1;3654.0;3653.75
2022.09.30 15:49:49;1664552989964;3658.0;1;0;0;3654.0;3653.75
2022.09.30 15:49:49;1664552989974;3658.0;1;0;1;3654.0;3653.75
2022.09.30 15:49:49;1664552989976;3658.0;1;0;1;3654.0;3653.75
2022.09.30 15:49:49;1664552989979;3658.0;1;0;1;3654.0;3653.75
2022.09.30 15:49:49;1664552989979;3658.0;1;0;1;3654.0;3653.75
2022.09.30 15:49:49;1664552989979;3658.0;1;0;1;3654.0;3653.75
2022.09.30 15:49:49;1664552989979;3658.0;1;0;1;3654.0;3653.75
2022.09.30 15:49:49;1664552989979;3658.0;1;1;0;3654.0;3653.75
2022.09.30 15:49:49;1664552989980;3658.0;1;1;0;3654.0;3653.75
2022.09.30 15:49:49;1664552989980;3658.0;1;1;0;3654.0;3653.75
2022.09.30 15:49:49;1664552989980;3658.0;1;1;0;3654.0;3653.75
2022.09.30 15:49:49;1664552989980;3658.0;1;0;0;3654.0;3653.75
2022.09.30 15:49:50;1664552990007;3658.0;1;0;0;3654.0;3653.75
2022.09.30 15:49:50;1664552990104;3658.0;1;1;0;3654.0;3653.75
2022.09.30 15:49:50;1664552990176;3658.0;1;1;0;3654.0;3653.75
2022.09.30 15:49:50;1664552990176;3658.0;1;1;0;3654.0;3653.75
2022.09.30 15:49:50;1664552990177;3658.0;1;1;0;3654.0;3653.75
2022.09.30 15:49:50;1664552990177;3658.0;1;1;0;3654.0;3653.75
2022.09.30 15:49:50;1664552990177;3658.0;1;1;0;3654.0;3653.75
2022.09.30 15:49:50;1664552990178;3658.0;1;1;0;3654.0;3653.75
2022.09.30 15:49:50;1664552990178;3658.0;1;1;0;3654.0;3653.75
2022.09.30 15:49:50;1664552990178;3658.0;1;0;0;3654.0;3653.75
2022.09.30 15:49:50;1664552990221;3658.0;1;0;0;3654.0;3653.75
2022.09.30 15:49:50;1664552990256;3658.0;1;0;0;3654.0;3653.75
2022.09.30 15:49:50;1664552990270;3658.0;1;0;0;3654.0;3653.75
2022.09.30 15:49:50;1664552990796;3657.75;1;0;1;3654.0;3653.75
2022.09.30 15:49:51;1664552991044;3657.75;1;0;1;3654.0;3653.75
2022.09.30 15:49:51;1664552991249;3657.75;1;0;1;3654.0;3653.75
2022.09.30 15:49:51;1664552991249;3657.75;1;0;1;3654.0;3653.75
2022.09.30 15:49:51;1664552991249;3657.75;2;0;1;3654.0;3653.75
2022.09.30 15:49:51;1664552991249;3657.75;1;0;1;3654.0;3653.75
2022.09.30 15:49:51;1664552991249;3657.75;3;0;1;3654.0;3653.75
2022.09.30 15:49:51;1664552991249;3657.75;1;0;1;3654.0;3653.75
2022.09.30 15:49:51;1664552991250;3657.75;1;0;1;3654.0;3653.75
2022.09.30 15:49:51;1664552991250;3657.75;1;0;1;3654.0;3653.75
2022.09.30 15:49:51;1664552991250;3657.75;1;0;1;3654.0;3653.75
2022.09.30 15:49:51;1664552991250;3657.75;2;0;1;3654.0;3653.75
2022.09.30 15:49:51;1664552991250;3657.75;1;0;1;3654.0;3653.75
2022.09.30 15:49:51;1664552991250;3657.75;1;0;1;3654.0;3653.75
2022.09.30 15:49:51;1664552991250;3657.75;1;0;0;3654.0;3653.75
2022.09.30 15:49:51;1664552991290;3657.75;4;1;0;3654.0;3653.75
2022.09.30 15:49:51;1664552991290;3657.75;2;1;0;3654.0;3653.75
2022.09.30 15:49:51;1664552991668;3657.75;1;1;0;3654.0;3653.75
2022.09.30 15:49:51;1664552991668;3657.75;3;1;0;3654.0;3653.75
2022.09.30 15:49:51;1664552991668;3657.75;1;1;0;3654.0;3653.75
2022.09.30 15:49:51;1664552991668;3657.75;1;1;0;3654.0;3653.75
2022.09.30 15:49:51;1664552991668;3657.75;1;1;0;3654.0;3653.75
2022.09.30 15:49:51;1664552991668;3657.75;2;1;0;3654.0;3653.75
2022.09.30 15:49:51;1664552991668;3657.75;2;0;0;3654.0;3653.75
2022.09.30 15:49:51;1664552991919;3657.75;1;0;1;3654.0;3653.75
2022.09.30 15:49:51;1664552991919;3657.75;1;0;1;3654.0;3653.75
2022.09.30 15:49:52;1664552992065;3657.75;1;0;1;3654.0;3653.75
2022.09.30 15:49:52;1664552992065;3658.0;1;1;0;3654.0;3653.75
2022.09.30 15:49:52;1664552992104;3657.75;1;0;1;3654.0;3653.75
2022.09.30 15:49:52;1664552992488;3657.75;1;0;1;3654.0;3653.75
2022.09.30 15:49:52;1664552992519;3657.75;1;0;1;3654.0;3653.75
2022.09.30 15:49:52;1664552992519;3657.75;1;0;1;3654.0;3653.75
2022.09.30 15:49:52;1664552992519;3657.75;1;0;1;3654.0;3653.75
2022.09.30 15:49:52;1664552992738;3658.0;1;1;0;3654.0;3653.75
2022.09.30 15:49:52;1664552992738;3658.0;1;1;0;3654.0;3653.75
2022.09.30 15:49:52;1664552992738;3658.0;1;1;0;3654.0;3653.75
2022.09.30 15:49:52;1664552992738;3658.0;1;1;0;3654.0;3653.75
2022.09.30 15:49:52;1664552992739;3658.0;1;1;0;3654.0;3653.75
2022.09.30 15:49:52;1664552992739;3658.0;1;1;0;3654.0;3653.75
2022.09.30 15:49:52;1664552992739;3658.0;29;1;0;3654.0;3653.75
2022.09.30 15:49:52;1664552992739;3658.0;8;1;0;3654.0;3653.75
2022.09.30 15:49:52;1664552992739;3658.0;3;1;0;3654.0;3653.75
2022.09.30 15:49:52;1664552992739;3658.0;1;1;0;3654.0;3653.75
2022.09.30 15:49:52;1664552992739;3658.0;1;0;1;3654.0;3653.75
2022.09.30 15:49:52;1664552992739;3658.0;1;0;0;3654.0;3653.75
2022.09.30 15:49:53;1664552993437;3658.25;1;1;0;3654.0;3653.75
2022.09.30 15:49:53;1664552993437;3658.25;1;1;0;3654.0;3653.75
2022.09.30 15:49:53;1664552993437;3658.25;1;1;0;3654.0;3653.75
2022.09.30 15:49:53;1664552993437;3658.25;1;1;0;3654.0;3653.75
2022.09.30 15:49:53;1664552993437;3658.25;1;1;0;3654.0;3653.75
2022.09.30 15:49:53;1664552993550;3658.25;1;1;0;3654.0;3653.75
2022.09.30 15:49:53;1664552993639;3658.0;1;0;1;3654.0;3653.75
2022.09.30 15:49:53;1664552993651;3658.25;1;1;0;3654.0;3653.75
2022.09.30 15:49:53;1664552993651;3658.25;1;1;0;3654.0;3653.75
2022.09.30 15:49:53;1664552993651;3658.25;2;1;0;3654.0;3653.75
2022.09.30 15:49:53;1664552993997;3658.25;2;1;0;3654.0;3653.75
2022.09.30 15:49:53;1664552993997;3658.25;1;1;0;3654.0;3653.75
2022.09.30 15:49:53;1664552993997;3658.25;1;1;0;3654.0;3653.75
2022.09.30 15:49:53;1664552993997;3658.25;1;1;0;3654.0;3653.75
2022.09.30 15:49:53;1664552993997;3658.25;1;1;0;3654.0;3653.75
2022.09.30 15:49:53;1664552993997;3658.25;1;1;0;3654.0;3653.75
2022.09.30 15:49:54;1664552994075;3658.25;1;1;0;3654.0;3653.75
2022.09.30 15:49:54;1664552994213;3658.25;1;1;0;3654.0;3653.75
2022.09.30 15:49:54;1664552994317;3658.25;1;1;0;3654.0;3653.75
2022.09.30 15:49:54;1664552994317;3658.25;1;1;0;3654.0;3653.75
2022.09.30 15:49:54;1664552994317;3658.25;1;1;0;3654.0;3653.75
2022.09.30 15:49:54;1664552994317;3658.25;1;1;0;3654.0;3653.75
2022.09.30 15:49:54;1664552994318;3658.25;1;0;0;3654.0;3653.75
2022.09.30 15:49:54;1664552994561;3658.25;2;0;1;3654.0;3653.75
2022.09.30 15:49:54;1664552994799;3658.5;1;1;0;3654.0;3653.75
2022.09.30 15:49:54;1664552994800;3658.5;1;1;0;3654.0;3653.75
2022.09.30 15:49:54;1664552994800;3658.5;1;1;0;3654.0;3653.75
2022.09.30 15:49:54;1664552994800;3658.5;1;1;0;3654.0;3653.75
2022.09.30 15:49:54;1664552994800;3658.5;1;1;0;3654.0;3653.75
2022.09.30 15:49:54;1664552994800;3658.5;1;1;0;3654.0;3653.75
2022.09.30 15:49:54;1664552994800;3658.5;1;1;0;3654.0;3653.75
2022.09.30 15:49:54;1664552994800;3658.5;1;1;0;3654.0;3653.75
2022.09.30 15:49:54;1664552994800;3658.5;1;1;0;3654.0;3653.75
2022.09.30 15:49:54;1664552994801;3658.5;1;1;0;3654.0;3653.75
2022.09.30 15:49:54;1664552994801;3658.5;2;1;0;3654.0;3653.75
2022.09.30 15:49:54;1664552994801;3658.5;1;1;0;3654.0;3653.75
2022.09.30 15:49:54;1664552994801;3658.5;1;1;0;3654.0;3653.75
2022.09.30 15:49:54;1664552994801;3658.5;1;1;0;3654.0;3653.75
2022.09.30 15:49:54;1664552994801;3658.5;1;1;0;3654.0;3653.75
2022.09.30 15:49:54;1664552994801;3658.5;1;1;0;3654.0;3653.75
2022.09.30 15:49:54;1664552994801;3658.5;1;1;0;3654.0;3653.75
2022.09.30 15:49:54;1664552994801;3658.5;2;1;0;3654.0;3653.75
2022.09.30 15:49:54;1664552994801;3658.5;5;1;0;3654.0;3653.75
2022.09.30 15:49:54;1664552994802;3658.5;1;1;0;3654.0;3653.75
2022.09.30 15:49:54;1664552994802;3658.5;8;1;0;3654.0;3653.75
2022.09.30 15:49:54;1664552994802;3658.5;1;1;0;3654.0;3653.75
2022.09.30 15:49:54;1664552994802;3658.5;18;1;0;3654.0;3653.75
2022.09.30 15:49:54;1664552994802;3658.5;7;1;0;3654.0;3653.75
2022.09.30 15:49:54;1664552994802;3658.5;1;1;0;3654.0;3653.75
2022.09.30 15:49:54;1664552994802;3658.5;1;1;0;3654.0;3653.75
2022.09.30 15:49:54;1664552994802;3658.5;3;1;0;3654.0;3653.75
2022.09.30 15:49:54;1664552994802;3658.5;1;1;0;3654.0;3653.75
2022.09.30 15:49:54;1664552994803;3658.5;1;0;0;3654.0;3653.75
2022.09.30 15:49:54;1664552994803;3658.5;2;0;1;3654.0;3653.75
2022.09.30 15:49:54;1664552994803;3658.5;1;0;1;3654.0;3653.75
2022.09.30 15:49:54;1664552994803;3658.5;1;0;1;3654.0;3653.75
2022.09.30 15:49:54;1664552994804;3658.5;2;0;1;3654.0;3653.75
2022.09.30 15:49:54;1664552994804;3658.5;1;0;1;3654.0;3653.75
2022.09.30 15:49:54;1664552994804;3658.5;1;0;1;3654.0;3653.75
2022.09.30 15:49:54;1664552994804;3658.5;1;0;1;3654.0;3653.75
2022.09.30 15:49:54;1664552994804;3658.5;1;0;1;3654.0;3653.75
2022.09.30 15:49:54;1664552994804;3658.5;1;0;1;3654.0;3653.75
2022.09.30 15:49:54;1664552994804;3658.5;1;0;1;3654.0;3653.75
2022.09.30 15:49:54;1664552994804;3658.5;1;0;1;3654.0;3653.75
2022.09.30 15:49:54;1664552994804;3658.5;3;1;0;3654.0;3653.75
2022.09.30 15:49:54;1664552994804;3658.5;2;1;0;3654.0;3653.75
2022.09.30 15:49:54;1664552994804;3658.5;1;1;0;3654.0;3653.75
2022.09.30 15:49:54;1664552994804;3658.5;1;1;0;3654.0;3653.75
2022.09.30 15:49:54;1664552994804;3658.5;1;0;1;3654.0;3653.75
2022.09.30 15:49:54;1664552994804;3658.5;1;1;0;3654.0;3653.75
2022.09.30 15:49:54;1664552994804;3658.5;1;1;0;3654.0;3653.75
2022.09.30 15:49:54;1664552994804;3658.5;1;0;1;3654.0;3653.75
2022.09.30 15:49:54;1664552994804;3658.5;1;0;0;3654.0;3653.75
2022.09.30 15:49:54;1664552994805;3658.5;1;1;0;3654.0;3653.75
2022.09.30 15:49:55;1664552995064;3658.5;1;1;0;3654.0;3653.75
2022.09.30 15:49:55;1664552995064;3658.5;1;1;0;3654.0;3653.75
2022.09.30 15:49:55;1664552995064;3658.5;1;1;0;3654.0;3653.75
2022.09.30 15:49:55;1664552995121;3658.25;1;0;1;3654.0;3653.75
2022.09.30 15:49:55;1664552995256;3658.25;1;0;1;3654.0;3653.75
2022.09.30 15:49:55;1664552995469;3658.25;1;0;1;3654.0;3653.75
2022.09.30 15:49:55;1664552995469;3658.25;1;0;1;3654.0;3653.75
2022.09.30 15:49:55;1664552995470;3658.25;1;0;1;3654.0;3653.75
2022.09.30 15:49:55;1664552995470;3658.25;1;0;1;3654.0;3653.75
2022.09.30 15:49:55;1664552995470;3658.25;2;0;1;3654.0;3653.75
2022.09.30 15:49:55;1664552995470;3658.25;1;0;1;3654.0;3653.75
2022.09.30 15:49:55;1664552995470;3658.25;1;0;1;3654.0;3653.75
2022.09.30 15:49:55;1664552995470;3658.25;1;0;0;3654.0;3653.75
2022.09.30 15:49:55;1664552995474;3658.25;2;1;0;3654.0;3653.75
2022.09.30 15:49:55;1664552995474;3658.25;1;1;0;3654.0;3653.75
2022.09.30 15:49:55;1664552995507;3658.25;3;1;0;3654.0;3653.75
2022.09.30 15:49:55;1664552995577;3658.0;4;0;1;3654.0;3653.75
2022.09.30 15:49:55;1664552995577;3658.0;1;0;1;3654.0;3653.75
2022.09.30 15:49:55;1664552995577;3658.0;1;0;1;3654.0;3653.75
2022.09.30 15:49:55;1664552995577;3658.0;1;0;1;3654.0;3653.75
2022.09.30 15:49:55;1664552995577;3658.0;3;0;1;3654.0;3653.75
2022.09.30 15:49:55;1664552995577;3658.0;1;0;1;3654.0;3653.75
2022.09.30 15:49:55;1664552995577;3658.0;1;0;1;3654.0;3653.75
2022.09.30 15:49:55;1664552995577;3658.0;1;0;1;3654.0;3653.75
2022.09.30 15:49:55;1664552995577;3658.0;1;0;1;3654.0;3653.75
2022.09.30 15:49:55;1664552995577;3658.0;3;0;1;3654.0;3653.75
2022.09.30 15:49:55;1664552995577;3658.0;3;0;0;3654.0;3653.75
2022.09.30 15:49:55;1664552995585;3658.0;1;1;0;3654.0;3653.75
2022.09.30 15:49:55;1664552995585;3658.0;5;1;0;3654.0;3653.75
2022.09.30 15:49:55;1664552995585;3658.0;6;1;0;3654.0;3653.75
2022.09.30 15:49:55;1664552995585;3658.0;5;1;0;3654.0;3653.75
2022.09.30 15:49:55;1664552995585;3658.0;1;1;0;3654.0;3653.75
2022.09.30 15:49:55;1664552995585;3658.0;1;1;0;3654.0;3653.75
2022.09.30 15:49:55;1664552995585;3658.0;1;1;0;3654.0;3653.75
2022.09.30 15:49:55;1664552995586;3658.0;1;0;0;3654.0;3653.75
2022.09.30 15:49:55;1664552995589;3658.0;1;0;1;3654.0;3653.75
2022.09.30 15:49:55;1664552995589;3658.0;1;0;1;3654.0;3653.75
2022.09.30 15:49:55;1664552995792;3658.0;1;0;1;3654.0;3653.75
2022.09.30 15:49:55;1664552995792;3658.0;1;0;1;3654.0;3653.75
2022.09.30 15:49:55;1664552995792;3658.0;1;0;1;3654.0;3653.75
2022.09.30 15:49:55;1664552995792;3658.0;1;0;1;3654.0;3653.75
2022.09.30 15:49:55;1664552995792;3658.0;1;0;1;3654.0;3653.75
2022.09.30 15:49:55;1664552995793;3658.0;1;0;1;3654.0;3653.75
2022.09.30 15:49:55;1664552995793;3658.0;1;0;0;3654.0;3653.75
2022.09.30 15:49:55;1664552995793;3658.0;1;1;1;3654.0;3653.75
2022.09.30 15:49:55;1664552995793;3658.0;1;1;0;3654.0;3653.75
2022.09.30 15:49:55;1664552995793;3658.0;1;1;0;3654.0;3653.75
2022.09.30 15:49:55;1664552995793;3658.0;1;1;0;3654.0;3653.75
2022.09.30 15:49:55;1664552995793;3658.0;1;1;0;3654.0;3653.75
2022.09.30 15:49:55;1664552995793;3658.0;1;1;0;3654.0;3653.75
2022.09.30 15:49:55;1664552995793;3658.0;1;0;0;3654.0;3653.75
2022.09.30 15:49:55;1664552995803;3658.0;1;1;0;3654.0;3653.75
2022.09.30 15:49:55;1664552995803;3658.0;1;0;1;3654.0;3653.75
2022.09.30 15:49:55;1664552995803;3658.0;1;0;1;3654.0;3653.75
2022.09.30 15:49:55;1664552995803;3658.0;1;0;1;3654.0;3653.75
2022.09.30 15:49:55;1664552995803;3658.0;1;0;0;3654.0;3653.75
2022.09.30 15:49:55;1664552995822;3658.25;1;1;0;3654.0;3653.75
2022.09.30 15:49:55;1664552995879;3658.25;5;1;0;3654.0;3653.75
2022.09.30 15:49:55;1664552995879;3658.25;1;1;0;3654.0;3653.75
2022.09.30 15:49:55;1664552995879;3658.25;3;1;0;3654.0;3653.75
2022.09.30 15:49:55;1664552995879;3658.25;1;1;0;3654.0;3653.75
2022.09.30 15:49:55;1664552995879;3658.25;4;1;0;3654.0;3653.75
2022.09.30 15:49:55;1664552995879;3658.25;1;1;0;3654.0;3653.75
2022.09.30 15:49:55;1664552995879;3658.25;1;1;0;3654.0;3653.75
2022.09.30 15:49:55;1664552995880;3658.25;1;1;0;3654.0;3653.75
2022.09.30 15:49:55;1664552995880;3658.25;3;1;0;3654.0;3653.75
2022.09.30 15:49:55;1664552995880;3658.25;1;1;0;3654.0;3653.75
2022.09.30 15:49:55;1664552995880;3658.25;1;1;0;3654.0;3653.75
2022.09.30 15:49:55;1664552995880;3658.25;1;1;0;3654.0;3653.75
2022.09.30 15:49:55;1664552995880;3658.25;1;1;0;3654.0;3653.75
2022.09.30 15:49:55;1664552995880;3658.25;1;1;0;3654.0;3653.75
2022.09.30 15:49:55;1664552995880;3658.25;1;1;0;3654.0;3653.75
2022.09.30 15:49:55;1664552995880;3658.25;1;1;0;3654.0;3653.75
2022.09.30 15:49:55;1664552995880;3658.25;1;1;0;3654.0;3653.75
2022.09.30 15:49:55;1664552995880;3658.25;1;1;0;3654.0;3653.75
2022.09.30 15:49:55;1664552995880;3658.25;1;1;0;3654.0;3653.75
2022.09.30 15:49:55;1664552995880;3658.25;1;1;0;3654.0;3653.75
2022.09.30 15:49:55;1664552995880;3658.5;1;1;0;3654.0;3653.75
2022.09.30 15:49:55;1664552995880;3658.5;1;1;0;3654.0;3653.75
2022.09.30 15:49:55;1664552995880;3658.5;1;1;0;3654.0;3653.75
2022.09.30 15:49:55;1664552995880;3658.5;1;1;0;3654.0;3653.75
2022.09.30 15:49:55;1664552995880;3658.5;3;1;0;3654.0;3653.75
2022.09.30 15:49:55;1664552995880;3658.5;1;1;0;3654.0;3653.75
2022.09.30 15:49:55;1664552995880;3658.5;1;1;0;3654.0;3653.75
2022.09.30 15:49:55;1664552995880;3658.25;1;1;0;3654.0;3653.75
2022.09.30 15:49:55;1664552995880;3658.25;1;0;0;3654.0;3653.75
2022.09.30 15:49:55;1664552995880;3658.25;1;0;1;3654.0;3653.75
2022.09.30 15:49:55;1664552995880;3658.25;4;0;1;3654.0;3653.75
2022.09.30 15:49:55;1664552995880;3658.25;5;0;1;3654.0;3653.75
2022.09.30 15:49:55;1664552995880;3658.25;1;0;1;3654.0;3653.75
2022.09.30 15:49:55;1664552995880;3658.25;1;0;1;3654.0;3653.75
2022.09.30 15:49:55;1664552995880;3658.25;1;0;1;3654.0;3653.75
2022.09.30 15:49:55;1664552995880;3658.25;1;0;1;3654.0;3653.75
2022.09.30 15:49:55;1664552995880;3658.25;1;0;1;3654.0;3653.75
2022.09.30 15:49:55;1664552995881;3658.25;1;0;1;3654.0;3653.75
2022.09.30 15:49:55;1664552995881;3658.25;1;0;0;3654.0;3653.75
2022.09.30 15:49:55;1664552995881;3658.25;3;1;0;3654.0;3653.75
2022.09.30 15:49:55;1664552995882;3658.25;1;1;0;3654.0;3653.75
2022.09.30 15:49:55;1664552995882;3658.25;2;1;0;3654.0;3653.75
2022.09.30 15:49:55;1664552995882;3658.25;1;1;0;3654.0;3653.75
2022.09.30 15:49:55;1664552995882;3658.25;1;1;0;3654.0;3653.75
2022.09.30 15:49:55;1664552995882;3658.25;1;1;0;3654.0;3653.75
2022.09.30 15:49:55;1664552995882;3658.25;1;1;0;3654.0;3653.75
2022.09.30 15:49:55;1664552995882;3658.25;1;1;0;3654.0;3653.75
2022.09.30 15:49:55;1664552995883;3658.25;1;1;0;3654.0;3653.75
2022.09.30 15:49:55;1664552995883;3658.25;1;0;1;3654.0;3653.75
2022.09.30 15:49:55;1664552995883;3658.25;1;0;1;3654.0;3653.75
2022.09.30 15:49:55;1664552995883;3658.25;1;0;1;3654.0;3653.75
2022.09.30 15:49:55;1664552995883;3658.25;1;0;1;3654.0;3653.75
2022.09.30 15:49:55;1664552995883;3658.25;1;0;1;3654.0;3653.75
2022.09.30 15:49:55;1664552995883;3658.25;2;1;0;3654.0;3653.75
2022.09.30 15:49:55;1664552995883;3658.25;1;1;0;3654.0;3653.75
2022.09.30 15:49:55;1664552995883;3658.25;1;0;1;3654.0;3653.75
2022.09.30 15:49:55;1664552995883;3658.25;1;0;1;3654.0;3653.75
2022.09.30 15:49:55;1664552995883;3658.25;1;1;0;3654.0;3653.75
2022.09.30 15:49:55;1664552995883;3658.25;4;1;0;3654.0;3653.75
2022.09.30 15:49:55;1664552995926;3658.25;1;1;0;3654.0;3653.75
2022.09.30 15:49:55;1664552995926;3658.25;1;1;0;3654.0;3653.75
2022.09.30 15:49:55;1664552995926;3658.25;1;1;0;3654.0;3653.75
2022.09.30 15:49:55;1664552995926;3658.25;1;0;0;3654.0;3653.75
2022.09.30 15:49:55;1664552995970;3658.25;1;0;0;3654.0;3653.75
2022.09.30 15:49:55;1664552995973;3658.25;1;0;0;3654.0;3653.75
2022.09.30 15:49:55;1664552995989;3658.25;1;1;0;3654.0;3653.75
2022.09.30 15:49:55;1664552995989;3658.25;1;0;0;3654.0;3653.75
2022.09.30 15:49:56;1664552996069;3658.25;1;0;0;3654.0;3653.75
2022.09.30 15:49:56;1664552996320;3658.25;1;0;1;3654.0;3653.75
2022.09.30 15:49:56;1664552996320;3658.25;1;0;1;3654.0;3653.75
2022.09.30 15:49:56;1664552996320;3658.25;1;0;1;3654.0;3653.75
2022.09.30 15:49:56;1664552996472;3658.5;1;1;0;3654.0;3653.75
2022.09.30 15:49:56;1664552996676;3658.5;1;1;0;3654.0;3653.75
2022.09.30 15:49:56;1664552996906;3658.5;1;1;0;3654.0;3653.75
2022.09.30 15:49:56;1664552996906;3658.5;4;1;0;3654.0;3653.75
2022.09.30 15:49:57;1664552997066;3658.25;1;0;1;3654.0;3653.75
2022.09.30 15:49:57;1664552997066;3658.25;1;0;1;3654.0;3653.75
2022.09.30 15:49:57;1664552997066;3658.25;1;0;1;3654.0;3653.75
2022.09.30 15:49:57;1664552997066;3658.25;1;0;1;3654.0;3653.75
2022.09.30 15:49:57;1664552997066;3658.25;1;0;1;3654.0;3653.75
2022.09.30 15:49:57;1664552997066;3658.25;1;0;1;3654.0;3653.75
2022.09.30 15:49:57;1664552997066;3658.25;3;0;1;3654.0;3653.75
2022.09.30 15:49:57;1664552997066;3658.25;2;0;1;3654.0;3653.75
2022.09.30 15:49:57;1664552997066;3658.25;2;0;0;3654.0;3653.75
2022.09.30 15:49:57;1664552997155;3658.25;1;1;0;3654.0;3653.75
2022.09.30 15:49:57;1664552997218;3658.0;1;0;1;3654.0;3653.75
2022.09.30 15:49:57;1664552997219;3658.0;1;0;1;3654.0;3653.75
2022.09.30 15:49:57;1664552997219;3658.0;1;0;1;3654.0;3653.75
2022.09.30 15:49:57;1664552997219;3658.0;1;0;1;3654.0;3653.75
2022.09.30 15:49:57;1664552997219;3658.0;1;0;1;3654.0;3653.75
2022.09.30 15:49:57;1664552997220;3658.0;1;0;1;3654.0;3653.75
2022.09.30 15:49:57;1664552997220;3658.0;1;0;1;3654.0;3653.75
2022.09.30 15:49:57;1664552997220;3658.0;1;0;1;3654.0;3653.75
2022.09.30 15:49:57;1664552997220;3658.0;1;0;1;3654.0;3653.75
2022.09.30 15:49:57;1664552997220;3658.0;1;0;1;3654.0;3653.75
2022.09.30 15:49:57;1664552997220;3658.0;1;0;1;3654.0;3653.75
2022.09.30 15:49:57;1664552997221;3658.0;1;0;0;3654.0;3653.75
2022.09.30 15:49:57;1664552997230;3658.0;5;1;0;3654.0;3653.75
2022.09.30 15:49:57;1664552997230;3658.0;1;1;0;3654.0;3653.75
2022.09.30 15:49:57;1664552997230;3658.0;1;1;0;3654.0;3653.75
2022.09.30 15:49:57;1664552997230;3658.0;1;1;0;3654.0;3653.75
2022.09.30 15:49:57;1664552997231;3658.0;1;0;0;3654.0;3653.75
2022.09.30 15:49:57;1664552997233;3658.0;1;0;1;3654.0;3653.75
2022.09.30 15:49:57;1664552997233;3658.0;1;0;1;3654.0;3653.75
2022.09.30 15:49:57;1664552997233;3658.0;1;0;1;3654.0;3653.75
2022.09.30 15:49:57;1664552997233;3658.0;1;0;1;3654.0;3653.75
2022.09.30 15:49:57;1664552997233;3658.0;1;0;1;3654.0;3653.75
2022.09.30 15:49:57;1664552997233;3658.0;1;0;1;3654.0;3653.75
2022.09.30 15:49:57;1664552997233;3658.0;1;0;1;3654.0;3653.75
2022.09.30 15:49:57;1664552997233;3658.0;1;0;1;3654.0;3653.75
2022.09.30 15:49:57;1664552997234;3658.0;4;1;0;3654.0;3653.75
2022.09.30 15:49:57;1664552997234;3658.0;1;1;0;3654.0;3653.75
2022.09.30 15:49:57;1664552997234;3658.0;1;0;0;3654.0;3653.75
2022.09.30 15:49:57;1664552997239;3658.0;1;0;0;3654.0;3653.75
2022.09.30 15:49:57;1664552997240;3658.0;1;0;0;3654.0;3653.75
2022.09.30 15:49:57;1664552997251;3658.0;1;0;0;3654.0;3653.75
2022.09.30 15:49:57;1664552997275;3658.25;1;1;0;3654.0;3653.75
2022.09.30 15:49:57;1664552997289;3658.0;1;0;1;3654.0;3653.75
2022.09.30 15:49:57;1664552997289;3658.0;1;0;1;3654.0;3653.75
2022.09.30 15:49:57;1664552997289;3658.0;1;0;1;3654.0;3653.75
2022.09.30 15:49:57;1664552997289;3658.0;1;0;1;3654.0;3653.75
2022.09.30 15:49:57;1664552997289;3658.0;1;0;1;3654.0;3653.75
2022.09.30 15:49:57;1664552997289;3658.0;1;0;1;3654.0;3653.75
2022.09.30 15:49:57;1664552997289;3658.0;1;0;1;3654.0;3653.75
2022.09.30 15:49:57;1664552997289;3658.0;1;0;1;3654.0;3653.75
2022.09.30 15:49:57;1664552997289;3658.0;1;0;1;3654.0;3653.75
2022.09.30 15:49:57;1664552997290;3658.0;1;0;0;3654.0;3653.75
2022.09.30 15:49:57;1664552997314;3658.0;1;1;0;3654.0;3653.75
2022.09.30 15:49:57;1664552997315;3658.0;1;1;0;3654.0;3653.75
2022.09.30 15:49:57;1664552997315;3658.0;1;0;0;3654.0;3653.75
2022.09.30 15:49:57;1664552997315;3658.0;1;0;0;3654.0;3653.75
2022.09.30 15:49:57;1664552997323;3658.0;2;0;1;3654.0;3653.75
2022.09.30 15:49:57;1664552997323;3658.0;1;0;1;3654.0;3653.75
2022.09.30 15:49:57;1664552997323;3658.0;1;0;1;3654.0;3653.75
2022.09.30 15:49:57;1664552997323;3658.0;1;0;1;3654.0;3653.75
2022.09.30 15:49:57;1664552997323;3658.0;1;0;1;3654.0;3653.75
2022.09.30 15:49:57;1664552997323;3658.0;1;0;1;3654.0;3653.75
2022.09.30 15:49:57;1664552997323;3658.0;1;0;1;3654.0;3653.75
2022.09.30 15:49:57;1664552997323;3658.0;1;0;0;3654.0;3653.75
2022.09.30 15:49:57;1664552997333;3658.0;1;1;0;3654.0;3653.75
2022.09.30 15:49:57;1664552997334;3658.0;1;1;0;3654.0;3653.75
2022.09.30 15:49:57;1664552997334;3658.0;1;1;0;3654.0;3653.75
2022.09.30 15:49:57;1664552997334;3658.0;1;1;0;3654.0;3653.75
2022.09.30 15:49:57;1664552997334;3658.0;1;0;1;3654.0;3653.75
2022.09.30 15:49:57;1664552997379;3658.0;1;1;0;3654.0;3653.75
2022.09.30 15:49:57;1664552997379;3658.0;1;0;0;3654.0;3653.75
2022.09.30 15:49:57;1664552997379;3658.0;1;0;0;3654.0;3653.75
2022.09.30 15:49:57;1664552997382;3658.0;1;0;1;3654.0;3653.75
2022.09.30 15:49:57;1664552997382;3658.0;1;0;1;3654.0;3653.75
2022.09.30 15:49:57;1664552997382;3658.0;1;0;1;3654.0;3653.75
2022.09.30 15:49:57;1664552997382;3658.0;1;0;1;3654.0;3653.75
2022.09.30 15:49:57;1664552997382;3658.0;1;0;1;3654.0;3653.75
2022.09.30 15:49:57;1664552997383;3658.0;1;0;1;3654.0;3653.75
2022.09.30 15:49:57;1664552997383;3658.0;1;0;1;3654.0;3653.75
2022.09.30 15:49:57;1664552997383;3658.0;1;0;1;3654.0;3653.75
2022.09.30 15:49:57;1664552997423;3658.0;1;0;1;3654.0;3653.75
2022.09.30 15:49:57;1664552997432;3658.0;3;0;1;3654.0;3653.75
2022.09.30 15:49:57;1664552997432;3658.0;1;0;1;3654.0;3653.75
2022.09.30 15:49:57;1664552997432;3658.0;1;0;1;3654.0;3653.75
2022.09.30 15:49:57;1664552997432;3658.0;1;0;1;3654.0;3653.75
2022.09.30 15:49:57;1664552997432;3658.0;1;0;1;3654.0;3653.75
2022.09.30 15:49:57;1664552997432;3658.0;1;0;1;3654.0;3653.75
2022.09.30 15:49:57;1664552997432;3658.0;1;0;1;3654.0;3653.75
2022.09.30 15:49:57;1664552997432;3658.0;1;0;1;3654.0;3653.75
2022.09.30 15:49:57;1664552997432;3658.0;1;0;0;3654.0;3653.75
2022.09.30 15:49:57;1664552997456;3658.0;1;1;0;3654.0;3653.75
2022.09.30 15:49:57;1664552997639;3658.0;1;1;0;3654.0;3653.75
2022.09.30 15:49:57;1664552997639;3658.0;3;1;0;3654.0;3653.75
2022.09.30 15:49:57;1664552997639;3658.0;1;1;0;3654.0;3653.75
2022.09.30 15:49:57;1664552997639;3658.0;1;1;0;3654.0;3653.75
2022.09.30 15:49:57;1664552997639;3658.0;1;0;0;3654.0;3653.75
2022.09.30 15:49:57;1664552997649;3658.25;1;1;0;3654.0;3653.75
2022.09.30 15:49:57;1664552997662;3658.0;1;0;1;3654.0;3653.75
2022.09.30 15:49:57;1664552997662;3658.0;2;0;1;3654.0;3653.75
2022.09.30 15:49:57;1664552997672;3658.0;1;0;1;3654.0;3653.75
2022.09.30 15:49:57;1664552997672;3658.0;1;0;1;3654.0;3653.75
2022.09.30 15:49:57;1664552997673;3658.0;1;0;0;3654.0;3653.75
2022.09.30 15:49:57;1664552997700;3658.0;1;1;0;3654.0;3653.75
2022.09.30 15:49:57;1664552997701;3658.0;1;0;0;3654.0;3653.75
2022.09.30 15:49:57;1664552997701;3658.0;1;0;0;3654.0;3653.75
2022.09.30 15:49:57;1664552997701;3658.0;1;1;0;3654.0;3653.75
2022.09.30 15:49:57;1664552997701;3658.0;1;0;0;3654.0;3653.75
2022.09.30 15:49:57;1664552997711;3658.0;1;0;1;3654.0;3653.75
2022.09.30 15:49:57;1664552997711;3658.0;1;0;1;3654.0;3653.75
2022.09.30 15:49:57;1664552997711;3658.0;1;0;1;3654.0;3653.75
2022.09.30 15:49:57;1664552997711;3658.0;1;0;0;3654.0;3653.75
2022.09.30 15:49:58;1664552998098;3657.75;1;0;1;3654.0;3653.75
2022.09.30 15:49:58;1664552998670;3658.0;1;1;0;3654.0;3653.75
2022.09.30 15:49:58;1664552998907;3658.0;2;1;0;3654.0;3653.75
2022.09.30 15:49:58;1664552998907;3658.0;1;1;0;3654.0;3653.75
2022.09.30 15:49:58;1664552998907;3658.0;1;1;0;3654.0;3653.75
2022.09.30 15:49:58;1664552998907;3658.0;1;1;0;3654.0;3653.75
2022.09.30 15:49:58;1664552998907;3658.0;1;1;0;3654.0;3653.75
2022.09.30 15:49:58;1664552998907;3658.0;2;1;0;3654.0;3653.75
2022.09.30 15:49:58;1664552998907;3658.0;1;1;0;3654.0;3653.75
2022.09.30 15:49:58;1664552998908;3658.0;1;0;0;3654.0;3653.75
2022.09.30 15:49:58;1664552998914;3658.0;6;0;1;3654.0;3653.75
2022.09.30 15:49:58;1664552998914;3658.0;3;0;1;3654.0;3653.75
2022.09.30 15:49:58;1664552998914;3658.0;1;0;1;3654.0;3653.75
2022.09.30 15:49:58;1664552998914;3658.0;1;0;1;3654.0;3653.75
2022.09.30 15:49:58;1664552998914;3658.0;2;0;1;3654.0;3653.75
2022.09.30 15:49:58;1664552998914;3658.0;1;0;1;3654.0;3653.75
2022.09.30 15:49:58;1664552998914;3658.0;1;0;1;3654.0;3653.75
2022.09.30 15:49:58;1664552998914;3658.0;1;0;1;3654.0;3653.75
2022.09.30 15:49:58;1664552998914;3658.0;1;0;1;3654.0;3653.75
2022.09.30 15:49:58;1664552998914;3658.0;1;0;1;3654.0;3653.75
2022.09.30 15:49:58;1664552998914;3658.0;1;0;0;3654.0;3653.75
2022.09.30 15:49:58;1664552998923;3658.0;1;1;0;3654.0;3653.75
2022.09.30 15:49:58;1664552998923;3658.0;1;1;0;3654.0;3653.75
2022.09.30 15:49:58;1664552998923;3658.0;1;1;0;3654.0;3653.75
2022.09.30 15:49:58;1664552998923;3658.0;1;1;0;3654.0;3653.75
2022.09.30 15:49:58;1664552998923;3658.0;1;1;0;3654.0;3653.75
2022.09.30 15:49:58;1664552998923;3658.0;1;1;0;3654.0;3653.75
2022.09.30 15:49:58;1664552998923;3658.0;1;1;0;3654.0;3653.75
2022.09.30 15:49:58;1664552998923;3658.0;2;1;0;3654.0;3653.75
2022.09.30 15:49:58;1664552998923;3658.0;1;1;0;3654.0;3653.75
2022.09.30 15:49:58;1664552998924;3658.0;1;0;0;3654.0;3653.75
2022.09.30 15:49:58;1664552998969;3658.25;1;1;0;3654.0;3653.75
2022.09.30 15:49:59;1664552999499;3658.0;2;0;1;3654.0;3653.75
2022.09.30 15:49:59;1664552999499;3658.0;2;0;1;3654.0;3653.75
2022.09.30 15:49:59;1664552999615;3658.0;1;0;1;3654.0;3653.75
2022.09.30 15:49:59;1664552999615;3658.0;1;0;1;3654.0;3653.75
2022.09.30 15:49:59;1664552999615;3658.0;1;0;1;3654.0;3653.75
2022.09.30 15:49:59;1664552999615;3658.0;1;0;1;3654.0;3653.75
2022.09.30 15:49:59;1664552999615;3658.0;2;0;1;3654.0;3653.75
2022.09.30 15:49:59;1664552999615;3658.0;2;0;0;3654.0;3653.75
2022.09.30 15:49:59;1664552999642;3658.0;1;1;0;3654.0;3653.75
2022.09.30 15:49:59;1664552999819;3657.75;1;0;1;3654.0;3653.75
2022.09.30 15:49:59;1664552999825;3657.75;1;0;1;3654.0;3653.75
2022.09.30 15:49:59;1664552999825;3657.75;1;0;1;3654.0;3653.75
2022.09.30 15:49:59;1664552999825;3657.75;1;0;1;3654.0;3653.75
2022.09.30 15:49:59;1664552999825;3657.75;1;0;1;3654.0;3653.75
2022.09.30 15:49:59;1664552999825;3657.75;1;0;1;3654.0;3653.75
2022.09.30 15:49:59;1664552999825;3657.75;1;0;1;3654.0;3653.75
2022.09.30 15:49:59;1664552999826;3657.75;1;0;0;3654.0;3653.75
2022.09.30 15:49:59;1664552999858;3657.75;1;1;0;3654.0;3653.75
2022.09.30 15:49:59;1664552999859;3657.75;1;1;0;3654.0;3653.75
2022.09.30 15:49:59;1664552999859;3657.75;1;1;0;3654.0;3653.75
2022.09.30 15:49:59;1664552999859;3657.75;1;0;0;3654.0;3653.75
2022.09.30 15:49:59;1664552999934;3657.75;1;0;1;3654.0;3653.75
2022.09.30 15:49:59;1664552999935;3657.75;1;0;1;3654.0;3653.75
2022.09.30 15:49:59;1664552999935;3657.75;1;0;1;3654.0;3653.75
2022.09.30 15:49:59;1664552999935;3657.75;1;0;1;3654.0;3653.75
2022.09.30 15:49:59;1664552999935;3657.75;1;0;1;3654.0;3653.75
2022.09.30 15:49:59;1664552999935;3657.75;4;0;1;3654.0;3653.75
2022.09.30 15:49:59;1664552999935;3657.75;1;0;1;3654.0;3653.75
2022.09.30 15:49:59;1664552999935;3657.75;1;0;0;3654.0;3653.75
2022.09.30 15:50:00;1664553000000;3657.75;1;0;0;3654.0;3653.75
2022.09.30 15:50:00;1664553000006;3657.5;1;0;1;3654.0;3653.75
2022.09.30 15:50:00;1664553000006;3657.5;1;0;1;3654.0;3653.75
2022.09.30 15:50:00;1664553000006;3657.5;1;0;1;3654.0;3653.75
2022.09.30 15:50:00;1664553000006;3657.5;2;0;1;3654.0;3653.75
2022.09.30 15:50:00;1664553000006;3657.5;1;0;1;3654.0;3653.75
2022.09.30 15:50:00;1664553000006;3657.5;1;0;1;3654.0;3653.75
2022.09.30 15:50:00;1664553000006;3657.5;1;0;1;3654.0;3653.75
2022.09.30 15:50:00;1664553000007;3657.5;1;0;1;3654.0;3653.75
2022.09.30 15:50:00;1664553000007;3657.5;1;0;1;3654.0;3653.75
2022.09.30 15:50:00;1664553000007;3657.5;1;0;1;3654.0;3653.75
2022.09.30 15:50:00;1664553000007;3657.5;1;0;1;3654.0;3653.75
2022.09.30 15:50:00;1664553000007;3657.5;1;0;1;3654.0;3653.75
2022.09.30 15:50:00;1664553000007;3657.5;1;0;1;3654.0;3653.75
2022.09.30 15:50:00;1664553000007;3657.5;1;0;1;3654.0;3653.75
2022.09.30 15:50:00;1664553000007;3657.5;1;0;1;3654.0;3653.75
2022.09.30 15:50:00;1664553000007;3657.5;1;0;1;3654.0;3653.75
2022.09.30 15:50:00;1664553000009;3657.5;1;0;0;3654.0;3653.75
2022.09.30 15:50:00;1664553000144;3657.25;1;0;1;3654.0;3653.75
2022.09.30 15:50:00;1664553000153;3657.25;1;0;1;3654.0;3653.75
2022.09.30 15:50:00;1664553000219;3657.25;1;0;1;3654.0;3653.75
2022.09.30 15:50:00;1664553000219;3657.25;1;0;1;3654.0;3653.75
2022.09.30 15:50:00;1664553000219;3657.25;1;0;1;3654.0;3653.75
2022.09.30 15:50:00;1664553000219;3657.25;2;0;1;3654.0;3653.75
2022.09.30 15:50:00;1664553000220;3657.25;2;0;1;3654.0;3653.75
2022.09.30 15:50:00;1664553000256;3657.25;1;0;1;3654.0;3653.75
2022.09.30 15:50:00;1664553000283;3657.25;1;0;1;3654.0;3653.75
2022.09.30 15:50:00;1664553000527;3657.5;1;1;0;3654.0;3653.75
2022.09.30 15:50:00;1664553000527;3657.5;1;1;0;3654.0;3653.75
2022.09.30 15:50:00;1664553000527;3657.5;1;1;0;3654.0;3653.75
2022.09.30 15:50:00;1664553000527;3657.5;1;1;0;3654.0;3653.75
2022.09.30 15:50:00;1664553000527;3657.5;1;1;0;3654.0;3653.75
2022.09.30 15:50:00;1664553000527;3657.5;1;1;0;3654.0;3653.75
2022.09.30 15:50:00;1664553000527;3657.5;1;0;0;3654.0;3653.75
2022.09.30 15:50:00;1664553000540;3657.5;1;0;0;3654.0;3653.75
2022.09.30 15:50:00;1664553000627;3657.25;2;0;1;3654.0;3653.75
2022.09.30 15:50:00;1664553000627;3657.25;1;0;1;3654.0;3653.75
2022.09.30 15:50:00;1664553000627;3657.25;1;0;1;3654.0;3653.75
2022.09.30 15:50:00;1664553000628;3657.25;1;0;1;3654.0;3653.75
2022.09.30 15:50:00;1664553000628;3657.25;1;0;1;3654.0;3653.75
2022.09.30 15:50:00;1664553000628;3657.25;3;0;1;3654.0;3653.75
2022.09.30 15:50:00;1664553000718;3657.25;1;0;1;3654.0;3653.75
2022.09.30 15:50:00;1664553000718;3657.25;1;0;1;3654.0;3653.75
2022.09.30 15:50:00;1664553000718;3657.25;5;0;1;3654.0;3653.75
2022.09.30 15:50:00;1664553000718;3657.25;1;0;1;3654.0;3653.75
2022.09.30 15:50:00;1664553000719;3657.25;1;0;1;3654.0;3653.75
2022.09.30 15:50:00;1664553000719;3657.25;1;0;1;3654.0;3653.75
2022.09.30 15:50:00;1664553000719;3657.25;1;0;1;3654.0;3653.75
2022.09.30 15:50:00;1664553000719;3657.25;1;0;1;3654.0;3653.75
2022.09.30 15:50:00;1664553000719;3657.25;2;0;1;3654.0;3653.75
2022.09.30 15:50:00;1664553000719;3657.25;1;0;1;3654.0;3653.75
2022.09.30 15:50:00;1664553000719;3657.25;1;0;1;3654.0;3653.75
2022.09.30 15:50:00;1664553000719;3657.25;1;0;1;3654.0;3653.75
2022.09.30 15:50:00;1664553000719;3657.25;1;0;1;3654.0;3653.75
2022.09.30 15:50:00;1664553000719;3657.25;7;0;1;3654.0;3653.75
2022.09.30 15:50:00;1664553000719;3657.25;1;0;1;3654.0;3653.75
2022.09.30 15:50:00;1664553000719;3657.25;1;0;1;3654.0;3653.75
2022.09.30 15:50:00;1664553000719;3657.25;1;0;1;3654.0;3653.75
2022.09.30 15:50:00;1664553000720;3657.25;1;0;1;3654.0;3653.75
2022.09.30 15:50:00;1664553000720;3657.25;1;0;1;3654.0;3653.75
2022.09.30 15:50:00;1664553000720;3657.25;1;0;1;3654.0;3653.75
2022.09.30 15:50:00;1664553000720;3657.25;1;0;1;3654.0;3653.75
2022.09.30 15:50:00;1664553000721;3657.25;2;0;1;3654.0;3653.75
2022.09.30 15:50:00;1664553000723;3657.25;2;0;1;3654.0;3653.75
2022.09.30 15:50:00;1664553000723;3657.25;2;0;1;3654.0;3653.75
2022.09.30 15:50:00;1664553000723;3657.25;1;0;1;3654.0;3653.75
2022.09.30 15:50:00;1664553000723;3657.25;1;0;1;3654.0;3653.75
2022.09.30 15:50:00;1664553000880;3657.25;1;0;1;3654.0;3653.75
2022.09.30 15:50:00;1664553000880;3657.25;1;0;1;3654.0;3653.75
2022.09.30 15:50:00;1664553000880;3657.25;1;0;1;3654.0;3653.75
2022.09.30 15:50:00;1664553000880;3657.25;1;0;1;3654.0;3653.75
2022.09.30 15:50:00;1664553000881;3657.25;1;0;1;3654.0;3653.75
2022.09.30 15:50:00;1664553000881;3657.25;5;0;1;3654.0;3653.75
2022.09.30 15:50:00;1664553000881;3657.25;1;0;1;3654.0;3653.75
2022.09.30 15:50:00;1664553000881;3657.25;1;0;1;3654.0;3653.75
2022.09.30 15:50:00;1664553000881;3657.25;1;0;1;3654.0;3653.75
2022.09.30 15:50:00;1664553000881;3657.25;1;0;1;3654.0;3653.75
2022.09.30 15:50:00;1664553000881;3657.25;1;0;1;3654.0;3653.75
2022.09.30 15:50:00;1664553000881;3657.25;1;0;1;3654.0;3653.75
2022.09.30 15:50:00;1664553000902;3657.5;1;1;0;3654.0;3653.75
2022.09.30 15:50:00;1664553000986;3657.25;2;0;1;3654.0;3653.75
2022.09.30 15:50:00;1664553000987;3657.25;1;0;1;3654.0;3653.75
2022.09.30 15:50:00;1664553000987;3657.25;1;0;1;3654.0;3653.75
2022.09.30 15:50:00;1664553000987;3657.25;3;0;1;3654.0;3653.75
2022.09.30 15:50:00;1664553000987;3657.25;1;0;1;3654.0;3653.75
2022.09.30 15:50:00;1664553000987;3657.25;1;0;1;3654.0;3653.75
2022.09.30 15:50:00;1664553000989;3657.25;1;0;1;3654.0;3653.75
2022.09.30 15:50:00;1664553000989;3657.25;1;0;1;3654.0;3653.75
2022.09.30 15:50:00;1664553000989;3657.25;1;0;1;3654.0;3653.75
2022.09.30 15:50:00;1664553000989;3657.25;4;0;1;3654.0;3653.75
2022.09.30 15:50:00;1664553000989;3657.25;1;0;1;3654.0;3653.75
2022.09.30 15:50:00;1664553000989;3657.25;1;1;0;3654.0;3653.75
2022.09.30 15:50:00;1664553000989;3657.25;1;1;0;3654.0;3653.75
2022.09.30 15:50:00;1664553000989;3657.25;1;0;0;3654.0;3653.75
2022.09.30 15:50:01;1664553001002;3657.0;1;0;1;3654.0;3653.75
2022.09.30 15:50:01;1664553001002;3657.0;1;0;1;3654.0;3653.75
2022.09.30 15:50:01;1664553001002;3657.0;2;0;1;3654.0;3653.75
2022.09.30 15:50:01;1664553001002;3657.0;5;0;1;3654.0;3653.75
2022.09.30 15:50:01;1664553001002;3657.0;1;0;1;3654.0;3653.75
2022.09.30 15:50:01;1664553001002;3657.0;2;0;1;3654.0;3653.75
2022.09.30 15:50:01;1664553001002;3657.0;2;0;1;3654.0;3653.75
2022.09.30 15:50:01;1664553001002;3657.0;1;0;1;3654.0;3653.75
2022.09.30 15:50:01;1664553001002;3657.0;1;0;1;3654.0;3653.75
2022.09.30 15:50:01;1664553001002;3657.0;1;0;1;3654.0;3653.75
2022.09.30 15:50:01;1664553001002;3657.0;2;0;1;3654.0;3653.75
2022.09.30 15:50:01;1664553001002;3657.0;1;0;1;3654.0;3653.75
2022.09.30 15:50:01;1664553001002;3657.0;1;0;1;3654.0;3653.75
2022.09.30 15:50:01;1664553001002;3657.0;1;0;1;3654.0;3653.75
2022.09.30 15:50:01;1664553001003;3657.0;1;0;1;3654.0;3653.75
2022.09.30 15:50:01;1664553001003;3657.0;1;0;1;3654.0;3653.75
2022.09.30 15:50:01;1664553001003;3657.0;1;0;1;3654.0;3653.75
2022.09.30 15:50:01;1664553001003;3657.0;1;0;1;3654.0;3653.75
2022.09.30 15:50:01;1664553001003;3657.0;1;0;1;3654.0;3653.75
2022.09.30 15:50:01;1664553001003;3657.0;1;0;1;3654.0;3653.75
2022.09.30 15:50:01;1664553001004;3657.0;1;0;1;3654.0;3653.75
2022.09.30 15:50:01;1664553001004;3657.0;2;0;1;3654.0;3653.75
2022.09.30 15:50:01;1664553001004;3657.0;1;0;1;3654.0;3653.75
2022.09.30 15:50:01;1664553001004;3657.0;1;0;1;3654.0;3653.75
2022.09.30 15:50:01;1664553001004;3657.0;1;0;1;3654.0;3653.75
2022.09.30 15:50:01;1664553001004;3657.0;1;0;1;3654.0;3653.75
2022.09.30 15:50:01;1664553001004;3657.0;1;0;1;3654.0;3653.75
2022.09.30 15:50:01;1664553001004;3657.0;1;0;1;3654.0;3653.75
2022.09.30 15:50:01;1664553001005;3657.0;1;0;1;3654.0;3653.75
2022.09.30 15:50:01;1664553001005;3657.0;1;0;1;3654.0;3653.75
2022.09.30 15:50:01;1664553001005;3657.0;1;0;1;3654.0;3653.75
2022.09.30 15:50:01;1664553001005;3657.0;2;0;1;3654.0;3653.75
2022.09.30 15:50:01;1664553001005;3657.0;1;0;1;3654.0;3653.75
2022.09.30 15:50:01;1664553001005;3657.0;2;0;1;3654.0;3653.75
2022.09.30 15:50:01;1664553001005;3657.0;2;0;1;3654.0;3653.75
2022.09.30 15:50:01;1664553001005;3657.0;2;0;1;3654.0;3653.75
2022.09.30 15:50:01;1664553001005;3657.0;1;0;1;3654.0;3653.75
2022.09.30 15:50:01;1664553001005;3657.0;1;0;1;3654.0;3653.75
2022.09.30 15:50:01;1664553001005;3657.0;4;0;1;3654.0;3653.75
2022.09.30 15:50:01;1664553001005;3657.0;4;0;1;3654.0;3653.75
2022.09.30 15:50:01;1664553001005;3657.0;1;0;1;3654.0;3653.75
2022.09.30 15:50:01;1664553001005;3657.0;1;0;1;3654.0;3653.75
2022.09.30 15:50:01;1664553001006;3657.0;1;0;0;3654.0;3653.75
2022.09.30 15:50:01;1664553001007;3657.0;5;1;0;3654.0;3653.75
2022.09.30 15:50:01;1664553001007;3657.0;1;1;0;3654.0;3653.75
2022.09.30 15:50:01;1664553001007;3657.0;1;1;0;3654.0;3653.75
2022.09.30 15:50:01;1664553001007;3657.0;2;1;0;3654.0;3653.75
2022.09.30 15:50:01;1664553001007;3657.0;1;1;0;3654.0;3653.75
2022.09.30 15:50:01;1664553001007;3657.0;1;1;0;3654.0;3653.75
2022.09.30 15:50:01;1664553001007;3657.0;1;1;0;3654.0;3653.75
2022.09.30 15:50:01;1664553001007;3657.0;1;1;0;3654.0;3653.75
2022.09.30 15:50:01;1664553001007;3657.0;4;1;0;3654.0;3653.75
2022.09.30 15:50:01;1664553001007;3657.0;1;1;0;3654.0;3653.75
2022.09.30 15:50:01;1664553001008;3657.0;3;1;0;3654.0;3653.75
2022.09.30 15:50:01;1664553001008;3657.0;1;1;0;3654.0;3653.75
2022.09.30 15:50:01;1664553001008;3657.0;1;1;0;3654.0;3653.75
2022.09.30 15:50:01;1664553001008;3657.0;1;1;0;3654.0;3653.75
2022.09.30 15:50:01;1664553001008;3657.0;1;0;1;3654.0;3653.75
2022.09.30 15:50:01;1664553001008;3657.0;1;0;0;3654.0;3653.75
2022.09.30 15:50:01;1664553001013;3657.0;1;0;1;3654.0;3653.75
2022.09.30 15:50:01;1664553001013;3657.0;1;0;1;3654.0;3653.75
2022.09.30 15:50:01;1664553001013;3657.0;4;1;0;3654.0;3653.75
2022.09.30 15:50:01;1664553001013;3657.0;2;1;0;3654.0;3653.75
2022.09.30 15:50:01;1664553001013;3657.0;1;1;0;3654.0;3653.75
2022.09.30 15:50:01;1664553001013;3657.0;1;1;0;3654.0;3653.75
2022.09.30 15:50:01;1664553001013;3657.0;1;0;0;3654.0;3653.75
2022.09.30 15:50:01;1664553001014;3657.0;1;0;1;3654.0;3653.75
2022.09.30 15:50:01;1664553001014;3657.0;1;0;1;3654.0;3653.75
2022.09.30 15:50:01;1664553001014;3657.0;1;0;0;3654.0;3653.75
2022.09.30 15:50:01;1664553001014;3657.0;1;0;1;3654.0;3653.75
2022.09.30 15:50:01;1664553001016;3657.0;1;0;1;3654.0;3653.75
2022.09.30 15:50:01;1664553001016;3657.0;1;0;1;3654.0;3653.75
2022.09.30 15:50:01;1664553001016;3657.0;1;0;0;3654.0;3653.75
2022.09.30 15:50:01;1664553001113;3657.0;1;1;0;3654.0;3653.75
2022.09.30 15:50:01;1664553001113;3657.0;1;1;0;3654.0;3653.75
2022.09.30 15:50:01;1664553001113;3657.0;1;1;0;3654.0;3653.75
2022.09.30 15:50:01;1664553001113;3657.0;1;1;0;3654.0;3653.75
2022.09.30 15:50:01;1664553001113;3657.0;1;1;0;3654.0;3653.75
2022.09.30 15:50:01;1664553001113;3657.0;1;1;0;3654.0;3653.75
2022.09.30 15:50:01;1664553001113;3657.0;2;1;0;3654.0;3653.75
2022.09.30 15:50:01;1664553001113;3657.0;1;1;0;3654.0;3653.75
2022.09.30 15:50:01;1664553001113;3657.0;2;1;0;3654.0;3653.75
2022.09.30 15:50:01;1664553001113;3657.0;1;1;0;3654.0;3653.75
2022.09.30 15:50:01;1664553001113;3657.0;1;0;0;3654.0;3653.75
2022.09.30 15:50:01;1664553001149;3657.0;1;0;1;3654.0;3653.75
2022.09.30 15:50:01;1664553001149;3657.0;1;0;1;3654.0;3653.75
2022.09.30 15:50:01;1664553001149;3657.0;1;0;1;3654.0;3653.75
2022.09.30 15:50:01;1664553001149;3657.0;1;0;1;3654.0;3653.75
2022.09.30 15:50:01;1664553001149;3657.0;1;0;1;3654.0;3653.75
2022.09.30 15:50:01;1664553001149;3657.0;1;0;1;3654.0;3653.75
2022.09.30 15:50:01;1664553001149;3657.0;1;0;0;3654.0;3653.75
2022.09.30 15:50:01;1664553001308;3656.75;1;0;1;3654.0;3653.75
2022.09.30 15:50:01;1664553001308;3656.75;1;0;1;3654.0;3653.75
2022.09.30 15:50:01;1664553001309;3656.75;1;0;1;3654.0;3653.75
2022.09.30 15:50:01;1664553001309;3656.75;1;0;1;3654.0;3653.75
2022.09.30 15:50:01;1664553001309;3656.75;1;0;1;3654.0;3653.75
2022.09.30 15:50:01;1664553001309;3656.75;1;0;1;3654.0;3653.75
2022.09.30 15:50:01;1664553001309;3656.75;2;0;1;3654.0;3653.75
2022.09.30 15:50:01;1664553001309;3656.75;1;0;1;3654.0;3653.75
2022.09.30 15:50:01;1664553001309;3656.75;1;0;1;3654.0;3653.75
2022.09.30 15:50:01;1664553001330;3656.75;3;0;1;3654.0;3653.75
2022.09.30 15:50:01;1664553001330;3656.75;1;0;1;3654.0;3653.75
2022.09.30 15:50:01;1664553001330;3656.75;1;0;1;3654.0;3653.75
2022.09.30 15:50:01;1664553001330;3656.75;1;0;1;3654.0;3653.75
2022.09.30 15:50:01;1664553001330;3656.75;1;0;1;3654.0;3653.75
2022.09.30 15:50:01;1664553001330;3656.75;4;0;1;3654.0;3653.75
2022.09.30 15:50:01;1664553001330;3656.75;3;0;1;3654.0;3653.75
2022.09.30 15:50:01;1664553001330;3656.75;1;0;1;3654.0;3653.75
2022.09.30 15:50:01;1664553001330;3656.75;1;0;1;3654.0;3653.75
2022.09.30 15:50:01;1664553001330;3656.75;1;0;1;3654.0;3653.75
2022.09.30 15:50:01;1664553001331;3656.75;1;0;1;3654.0;3653.75
2022.09.30 15:50:01;1664553001331;3656.75;1;0;1;3654.0;3653.75
2022.09.30 15:50:01;1664553001331;3656.75;1;0;1;3654.0;3653.75
2022.09.30 15:50:01;1664553001331;3656.75;1;0;0;3654.0;3653.75
2022.09.30 15:50:01;1664553001331;3656.75;1;0;0;3654.0;3653.75
2022.09.30 15:50:01;1664553001332;3656.75;1;1;0;3654.0;3653.75
2022.09.30 15:50:01;1664553001332;3656.75;1;1;0;3654.0;3653.75
2022.09.30 15:50:01;1664553001332;3656.75;2;1;0;3654.0;3653.75
2022.09.30 15:50:01;1664553001332;3656.75;1;1;0;3654.0;3653.75
2022.09.30 15:50:01;1664553001332;3656.75;1;1;0;3654.0;3653.75
2022.09.30 15:50:01;1664553001332;3656.75;1;1;0;3654.0;3653.75
2022.09.30 15:50:01;1664553001332;3656.75;1;1;0;3654.0;3653.75
2022.09.30 15:50:01;1664553001332;3656.75;1;1;0;3654.0;3653.75
2022.09.30 15:50:01;1664553001332;3656.75;1;1;0;3654.0;3653.75
2022.09.30 15:50:01;1664553001332;3656.75;1;0;1;3654.0;3653.75
2022.09.30 15:50:01;1664553001332;3656.75;1;1;0;3654.0;3653.75
2022.09.30 15:50:01;1664553001332;3656.75;2;1;0;3654.0;3653.75
2022.09.30 15:50:01;1664553001332;3656.75;3;1;0;3654.0;3653.75
2022.09.30 15:50:01;1664553001333;3656.75;1;0;1;3654.0;3653.75
2022.09.30 15:50:01;1664553001333;3656.75;1;0;1;3654.0;3653.75
2022.09.30 15:50:01;1664553001333;3656.75;2;0;1;3654.0;3653.75
2022.09.30 15:50:01;1664553001333;3656.75;1;0;1;3654.0;3653.75
2022.09.30 15:50:01;1664553001342;3656.75;1;0;1;3654.0;3653.75
2022.09.30 15:50:01;1664553001381;3656.5;1;0;1;3654.0;3653.75
2022.09.30 15:50:01;1664553001381;3656.5;1;0;1;3654.0;3653.75
2022.09.30 15:50:01;1664553001381;3656.5;1;0;1;3654.0;3653.75
2022.09.30 15:50:01;1664553001398;3656.5;2;0;1;3654.0;3653.75
2022.09.30 15:50:01;1664553001426;3656.75;1;1;0;3654.0;3653.75
2022.09.30 15:50:01;1664553001426;3656.75;1;1;0;3654.0;3653.75
2022.09.30 15:50:01;1664553001426;3656.75;1;1;0;3654.0;3653.75
2022.09.30 15:50:01;1664553001426;3656.75;2;1;0;3654.0;3653.75
2022.09.30 15:50:01;1664553001426;3656.75;1;1;0;3654.0;3653.75
2022.09.30 15:50:01;1664553001426;3656.75;1;1;0;3654.0;3653.75
2022.09.30 15:50:01;1664553001426;3656.75;1;1;0;3654.0;3653.75
2022.09.30 15:50:01;1664553001427;3656.75;1;1;0;3654.0;3653.75
2022.09.30 15:50:01;1664553001427;3656.75;2;1;0;3654.0;3653.75
2022.09.30 15:50:01;1664553001427;3656.75;1;1;0;3654.0;3653.75
2022.09.30 15:50:01;1664553001428;3656.75;1;0;0;3654.0;3653.75
2022.09.30 15:50:01;1664553001497;3656.75;1;0;1;3654.0;3653.75
2022.09.30 15:50:01;1664553001497;3656.75;1;0;1;3654.0;3653.75
2022.09.30 15:50:01;1664553001501;3656.75;1;0;1;3654.0;3653.75
2022.09.30 15:50:01;1664553001501;3656.75;1;0;1;3654.0;3653.75
2022.09.30 15:50:01;1664553001501;3656.75;1;0;1;3654.0;3653.75
2022.09.30 15:50:01;1664553001501;3656.75;1;0;1;3654.0;3653.75
2022.09.30 15:50:01;1664553001501;3656.75;1;0;1;3654.0;3653.75
2022.09.30 15:50:01;1664553001501;3656.75;1;0;1;3654.0;3653.75
2022.09.30 15:50:01;1664553001501;3656.75;1;0;1;3654.0;3653.75
2022.09.30 15:50:01;1664553001501;3656.75;1;0;1;3654.0;3653.75
2022.09.30 15:50:01;1664553001502;3656.75;1;0;1;3654.0;3653.75
2022.09.30 15:50:01;1664553001502;3656.75;1;0;1;3654.0;3653.75
2022.09.30 15:50:01;1664553001502;3656.75;1;0;0;3654.0;3653.75
2022.09.30 15:50:01;1664553001503;3656.5;1;0;1;3654.0;3653.75
2022.09.30 15:50:01;1664553001503;3656.5;1;0;1;3654.0;3653.75
2022.09.30 15:50:01;1664553001503;3656.5;1;0;1;3654.0;3653.75
2022.09.30 15:50:01;1664553001584;3656.75;1;1;0;3654.0;3653.75
2022.09.30 15:50:01;1664553001687;3656.5;1;0;1;3654.0;3653.75
2022.09.30 15:50:01;1664553001728;3656.75;1;1;0;3654.0;3653.75
2022.09.30 15:50:01;1664553001838;3656.5;1;0;1;3654.0;3653.75
2022.09.30 15:50:01;1664553001843;3656.5;1;0;1;3654.0;3653.75
2022.09.30 15:50:01;1664553001847;3656.75;1;1;0;3654.0;3653.75
2022.09.30 15:50:01;1664553001847;3656.75;1;1;0;3654.0;3653.75
2022.09.30 15:50:01;1664553001848;3656.75;1;1;0;3654.0;3653.75
2022.09.30 15:50:01;1664553001848;3656.75;1;1;0;3654.0;3653.75
2022.09.30 15:50:01;1664553001848;3656.75;2;1;0;3654.0;3653.75
2022.09.30 15:50:01;1664553001848;3656.75;1;1;0;3654.0;3653.75
2022.09.30 15:50:01;1664553001848;3656.75;1;1;0;3654.0;3653.75
2022.09.30 15:50:01;1664553001848;3656.75;1;1;0;3654.0;3653.75
2022.09.30 15:50:01;1664553001848;3656.75;1;1;0;3654.0;3653.75
2022.09.30 15:50:01;1664553001848;3656.75;1;0;0;3654.0;3653.75
2022.09.30 15:50:01;1664553001850;3656.75;1;0;1;3654.0;3653.75
2022.09.30 15:50:01;1664553001897;3656.75;3;0;1;3654.0;3653.75
2022.09.30 15:50:01;1664553001897;3656.75;1;0;1;3654.0;3653.75
2022.09.30 15:50:01;1664553001897;3656.75;1;0;1;3654.0;3653.75
2022.09.30 15:50:01;1664553001897;3656.75;1;0;1;3654.0;3653.75
2022.09.30 15:50:01;1664553001897;3656.75;1;0;1;3654.0;3653.75
2022.09.30 15:50:01;1664553001897;3656.75;1;0;0;3654.0;3653.75
2022.09.30 15:50:01;1664553001962;3656.5;2;0;1;3654.0;3653.75
2022.09.30 15:50:02;1664553002073;3656.5;1;0;1;3654.0;3653.75
2022.09.30 15:50:02;1664553002086;3656.75;1;1;0;3654.0;3653.75
2022.09.30 15:50:02;1664553002087;3656.5;1;0;1;3654.0;3653.75
2022.09.30 15:50:02;1664553002092;3656.5;1;0;1;3654.0;3653.75
2022.09.30 15:50:02;1664553002117;3656.5;2;0;1;3654.0;3653.75
2022.09.30 15:50:02;1664553002356;3656.5;2;0;1;3654.0;3653.75
2022.09.30 15:50:02;1664553002372;3656.5;1;0;1;3654.0;3653.75
2022.09.30 15:50:02;1664553002372;3656.5;1;0;1;3654.0;3653.75
2022.09.30 15:50:02;1664553002372;3656.5;1;0;1;3654.0;3653.75
2022.09.30 15:50:02;1664553002372;3656.5;1;0;1;3654.0;3653.75
2022.09.30 15:50:02;1664553002372;3656.5;2;0;1;3654.0;3653.75
2022.09.30 15:50:02;1664553002372;3656.5;1;0;1;3654.0;3653.75
2022.09.30 15:50:02;1664553002372;3656.5;1;0;1;3654.0;3653.75
2022.09.30 15:50:02;1664553002372;3656.5;1;0;1;3654.0;3653.75
2022.09.30 15:50:02;1664553002379;3656.75;1;1;0;3654.0;3653.75
2022.09.30 15:50:02;1664553002379;3656.75;1;1;0;3654.0;3653.75
2022.09.30 15:50:02;1664553002379;3656.75;1;1;0;3654.0;3653.75
2022.09.30 15:50:02;1664553002379;3656.75;1;1;0;3654.0;3653.75
2022.09.30 15:50:02;1664553002379;3656.75;1;1;0;3654.0;3653.75
2022.09.30 15:50:02;1664553002379;3656.75;1;1;0;3654.0;3653.75
2022.09.30 15:50:02;1664553002379;3656.75;1;1;0;3654.0;3653.75
2022.09.30 15:50:02;1664553002379;3656.75;3;1;0;3654.0;3653.75
2022.09.30 15:50:02;1664553002379;3656.75;3;1;0;3654.0;3653.75
2022.09.30 15:50:02;1664553002379;3656.75;4;1;0;3654.0;3653.75
2022.09.30 15:50:02;1664553002379;3656.75;5;1;0;3654.0;3653.75
2022.09.30 15:50:02;1664553002379;3656.75;1;1;0;3654.0;3653.75
2022.09.30 15:50:02;1664553002379;3656.75;2;0;1;3654.0;3653.75
2022.09.30 15:50:02;1664553002379;3656.75;2;0;1;3654.0;3653.75
2022.09.30 15:50:02;1664553002379;3656.75;4;1;0;3654.0;3653.75
2022.09.30 15:50:02;1664553002379;3656.75;1;0;1;3654.0;3653.75
2022.09.30 15:50:02;1664553002379;3656.75;1;0;1;3654.0;3653.75
2022.09.30 15:50:02;1664553002379;3656.75;1;0;1;3654.0;3653.75
2022.09.30 15:50:02;1664553002379;3656.75;1;0;1;3654.0;3653.75
2022.09.30 15:50:02;1664553002379;3656.75;1;0;1;3654.0;3653.75
2022.09.30 15:50:02;1664553002379;3656.75;1;0;1;3654.0;3653.75
2022.09.30 15:50:02;1664553002379;3656.75;1;0;1;3654.0;3653.75
2022.09.30 15:50:02;1664553002379;3656.75;1;1;0;3654.0;3653.75
2022.09.30 15:50:02;1664553002391;3656.5;1;0;1;3654.0;3653.75
2022.09.30 15:50:02;1664553002464;3656.5;1;0;1;3654.0;3653.75
2022.09.30 15:50:02;1664553002503;3656.75;1;1;0;3654.0;3653.75
2022.09.30 15:50:02;1664553002540;3656.75;1;1;0;3654.0;3653.75
2022.09.30 15:50:02;1664553002583;3656.5;1;0;1;3654.0;3653.75
2022.09.30 15:50:02;1664553002614;3656.5;6;0;1;3654.0;3653.75
2022.09.30 15:50:02;1664553002614;3656.5;1;0;1;3654.0;3653.75
2022.09.30 15:50:02;1664553002614;3656.5;1;0;1;3654.0;3653.75
2022.09.30 15:50:02;1664553002616;3656.5;1;0;1;3654.0;3653.75
2022.09.30 15:50:02;1664553002617;3656.5;1;0;1;3654.0;3653.75
2022.09.30 15:50:02;1664553002618;3656.5;1;0;1;3654.0;3653.75
2022.09.30 15:50:02;1664553002618;3656.5;1;0;1;3654.0;3653.75
2022.09.30 15:50:02;1664553002618;3656.5;1;0;1;3654.0;3653.75
2022.09.30 15:50:02;1664553002618;3656.5;1;0;1;3654.0;3653.75
2022.09.30 15:50:02;1664553002618;3656.5;1;0;1;3654.0;3653.75
2022.09.30 15:50:02;1664553002618;3656.5;3;0;1;3654.0;3653.75
2022.09.30 15:50:02;1664553002618;3656.5;3;0;0;3654.0;3653.75
2022.09.30 15:50:02;1664553002619;3656.5;3;0;0;3654.0;3653.75
2022.09.30 15:50:02;1664553002620;3656.5;1;1;0;3654.0;3653.75
2022.09.30 15:50:02;1664553002620;3656.5;1;1;0;3654.0;3653.75
2022.09.30 15:50:02;1664553002620;3656.5;1;1;0;3654.0;3653.75
2022.09.30 15:50:02;1664553002621;3656.5;1;1;0;3654.0;3653.75
2022.09.30 15:50:02;1664553002621;3656.5;1;1;0;3654.0;3653.75
2022.09.30 15:50:02;1664553002621;3656.5;1;1;0;3654.0;3653.75
2022.09.30 15:50:02;1664553002621;3656.5;1;1;0;3654.0;3653.75
2022.09.30 15:50:02;1664553002621;3656.5;2;1;0;3654.0;3653.75
2022.09.30 15:50:02;1664553002621;3656.5;1;1;0;3654.0;3653.75
2022.09.30 15:50:02;1664553002621;3656.5;1;1;0;3654.0;3653.75
2022.09.30 15:50:02;1664553002621;3656.5;3;1;0;3654.0;3653.75
2022.09.30 15:50:02;1664553002622;3656.5;1;1;0;3654.0;3653.75
2022.09.30 15:50:02;1664553002622;3656.5;1;1;0;3654.0;3653.75
2022.09.30 15:50:02;1664553002646;3656.5;1;1;0;3654.0;3653.75
2022.09.30 15:50:02;1664553002646;3656.5;2;1;0;3654.0;3653.75
2022.09.30 15:50:02;1664553002646;3656.5;1;1;0;3654.0;3653.75
2022.09.30 15:50:02;1664553002729;3656.5;1;1;0;3654.0;3653.75
2022.09.30 15:50:02;1664553002731;3656.5;1;1;0;3654.0;3653.75
2022.09.30 15:50:02;1664553002731;3656.5;1;1;0;3654.0;3653.75
2022.09.30 15:50:02;1664553002731;3656.5;1;1;0;3654.0;3653.75
2022.09.30 15:50:02;1664553002731;3656.5;1;0;0;3654.0;3653.75
2022.09.30 15:50:02;1664553002743;3656.5;1;0;1;3654.0;3653.75
2022.09.30 15:50:02;1664553002744;3656.5;1;0;1;3654.0;3653.75
2022.09.30 15:50:02;1664553002744;3656.5;1;1;0;3654.0;3653.75
2022.09.30 15:50:02;1664553002744;3656.5;1;0;0;3654.0;3653.75
2022.09.30 15:50:02;1664553002752;3656.5;1;0;0;3654.0;3653.75
2022.09.30 15:50:02;1664553002806;3656.5;1;0;1;3654.0;3653.75
2022.09.30 15:50:02;1664553002848;3656.75;1;1;0;3654.0;3653.75
2022.09.30 15:50:02;1664553002861;3656.5;2;0;1;3654.0;3653.75
2022.09.30 15:50:02;1664553002883;3656.5;1;0;1;3654.0;3653.75
2022.09.30 15:50:02;1664553002883;3656.5;1;0;1;3654.0;3653.75
2022.09.30 15:50:02;1664553002884;3656.5;1;0;1;3654.0;3653.75
2022.09.30 15:50:02;1664553002884;3656.5;1;0;0;3654.0;3653.75
2022.09.30 15:50:02;1664553002885;3656.5;4;1;0;3654.0;3653.75
2022.09.30 15:50:02;1664553002885;3656.5;1;1;0;3654.0;3653.75
2022.09.30 15:50:02;1664553002885;3656.5;1;1;0;3654.0;3653.75
2022.09.30 15:50:02;1664553002885;3656.5;1;1;0;3654.0;3653.75
2022.09.30 15:50:02;1664553002886;3656.5;1;0;0;3654.0;3653.75
2022.09.30 15:50:02;1664553002911;3656.75;1;1;0;3654.0;3653.75
2022.09.30 15:50:02;1664553002943;3656.5;1;0;1;3654.0;3653.75
2022.09.30 15:50:02;1664553002967;3656.5;1;0;1;3654.0;3653.75
2022.09.30 15:50:02;1664553002981;3656.5;1;0;1;3654.0;3653.75
2022.09.30 15:50:02;1664553002981;3656.5;1;0;1;3654.0;3653.75
2022.09.30 15:50:02;1664553002981;3656.5;1;0;1;3654.0;3653.75
2022.09.30 15:50:02;1664553002981;3656.5;1;0;1;3654.0;3653.75
2022.09.30 15:50:02;1664553002981;3656.5;1;1;0;3654.0;3653.75
2022.09.30 15:50:02;1664553002981;3656.5;1;0;1;3654.0;3653.75
2022.09.30 15:50:02;1664553002981;3656.5;1;0;1;3654.0;3653.75
2022.09.30 15:50:02;1664553002981;3656.5;1;0;1;3654.0;3653.75
2022.09.30 15:50:02;1664553002981;3656.5;1;0;1;3654.0;3653.75
2022.09.30 15:50:02;1664553002981;3656.5;1;0;1;3654.0;3653.75
2022.09.30 15:50:02;1664553002993;3656.5;1;0;1;3654.0;3653.75
2022.09.30 15:50:02;1664553002993;3656.5;1;0;1;3654.0;3653.75
2022.09.30 15:50:02;1664553002993;3656.5;1;0;1;3654.0;3653.75
2022.09.30 15:50:02;1664553002993;3656.5;1;0;1;3654.0;3653.75
2022.09.30 15:50:02;1664553002994;3656.5;1;0;0;3654.0;3653.75
2022.09.30 15:50:03;1664553003070;3656.25;1;0;1;3654.0;3653.75
2022.09.30 15:50:03;1664553003070;3656.25;1;0;1;3654.0;3653.75
2022.09.30 15:50:03;1664553003070;3656.25;1;0;1;3654.0;3653.75
2022.09.30 15:50:03;1664553003070;3656.25;3;0;1;3654.0;3653.75
2022.09.30 15:50:03;1664553003070;3656.25;1;0;1;3654.0;3653.75
2022.09.30 15:50:03;1664553003070;3656.25;1;0;1;3654.0;3653.75
2022.09.30 15:50:03;1664553003070;3656.25;1;0;1;3654.0;3653.75
2022.09.30 15:50:03;1664553003070;3656.25;1;0;0;3654.0;3653.75
2022.09.30 15:50:03;1664553003086;3656.25;1;0;1;3654.0;3653.75
2022.09.30 15:50:03;1664553003086;3656.25;2;0;1;3654.0;3653.75
2022.09.30 15:50:03;1664553003086;3656.25;1;0;1;3654.0;3653.75
2022.09.30 15:50:03;1664553003086;3656.25;1;0;1;3654.0;3653.75
2022.09.30 15:50:03;1664553003101;3656.5;1;1;0;3654.0;3653.75
2022.09.30 15:50:03;1664553003101;3656.5;1;1;0;3654.0;3653.75
2022.09.30 15:50:03;1664553003101;3656.5;1;1;0;3654.0;3653.75
2022.09.30 15:50:03;1664553003101;3656.5;1;1;0;3654.0;3653.75
2022.09.30 15:50:03;1664553003101;3656.5;1;1;0;3654.0;3653.75
2022.09.30 15:50:03;1664553003101;3656.5;1;1;0;3654.0;3653.75
2022.09.30 15:50:03;1664553003101;3656.5;1;1;0;3654.0;3653.75
2022.09.30 15:50:03;1664553003101;3656.5;1;1;0;3654.0;3653.75
2022.09.30 15:50:03;1664553003101;3656.5;1;1;0;3654.0;3653.75
2022.09.30 15:50:03;1664553003101;3656.5;1;1;0;3654.0;3653.75
2022.09.30 15:50:03;1664553003102;3656.5;3;1;0;3654.0;3653.75
2022.09.30 15:50:03;1664553003102;3656.5;1;1;0;3654.0;3653.75
2022.09.30 15:50:03;1664553003102;3656.5;1;0;0;3654.0;3653.75
2022.09.30 15:50:03;1664553003184;3656.75;1;1;0;3654.0;3653.75
2022.09.30 15:50:03;1664553003244;3656.75;1;1;0;3654.0;3653.75
2022.09.30 15:50:03;1664553003279;3656.75;1;1;0;3654.0;3653.75
2022.09.30 15:50:03;1664553003279;3656.75;1;1;0;3654.0;3653.75
2022.09.30 15:50:03;1664553003279;3656.75;1;1;0;3654.0;3653.75
2022.09.30 15:50:03;1664553003279;3656.75;1;1;0;3654.0;3653.75
2022.09.30 15:50:03;1664553003279;3656.75;1;1;0;3654.0;3653.75
2022.09.30 15:50:03;1664553003279;3656.75;1;1;0;3654.0;3653.75
2022.09.30 15:50:03;1664553003279;3656.75;1;1;0;3654.0;3653.75
2022.09.30 15:50:03;1664553003279;3656.75;1;1;0;3654.0;3653.75
2022.09.30 15:50:03;1664553003280;3656.75;1;0;0;3654.0;3653.75
2022.09.30 15:50:03;1664553003283;3656.75;6;0;1;3654.0;3653.75
2022.09.30 15:50:03;1664553003283;3656.75;1;0;1;3654.0;3653.75
2022.09.30 15:50:03;1664553003283;3656.75;2;0;1;3654.0;3653.75
2022.09.30 15:50:03;1664553003283;3656.75;1;0;1;3654.0;3653.75
2022.09.30 15:50:03;1664553003283;3656.75;1;0;1;3654.0;3653.75
2022.09.30 15:50:03;1664553003283;3656.75;1;0;1;3654.0;3653.75
2022.09.30 15:50:03;1664553003283;3656.75;1;0;1;3654.0;3653.75
2022.09.30 15:50:03;1664553003283;3656.75;1;0;0;3654.0;3653.75
2022.09.30 15:50:03;1664553003297;3656.75;1;1;0;3654.0;3653.75
2022.09.30 15:50:03;1664553003297;3656.75;1;1;0;3654.0;3653.75
2022.09.30 15:50:03;1664553003297;3656.75;1;0;0;3654.0;3653.75
2022.09.30 15:50:03;1664553003304;3656.75;1;0;0;3654.0;3653.75
2022.09.30 15:50:03;1664553003427;3656.5;1;0;1;3654.0;3653.75
2022.09.30 15:50:03;1664553003471;3656.75;1;1;0;3654.0;3653.75
2022.09.30 15:50:03;1664553003648;3656.5;1;0;1;3654.0;3653.75
2022.09.30 15:50:03;1664553003686;3656.5;1;0;1;3654.0;3653.75
2022.09.30 15:50:03;1664553003686;3656.5;1;0;1;3654.0;3653.75
2022.09.30 15:50:03;1664553003690;3656.5;1;0;1;3654.0;3653.75
2022.09.30 15:50:03;1664553003690;3656.5;1;0;1;3654.0;3653.75
2022.09.30 15:50:03;1664553003690;3656.5;1;0;1;3654.0;3653.75
2022.09.30 15:50:03;1664553003690;3656.5;1;0;1;3654.0;3653.75
2022.09.30 15:50:03;1664553003690;3656.5;1;0;0;3654.0;3653.75
2022.09.30 15:50:03;1664553003691;3656.5;4;1;0;3654.0;3653.75
2022.09.30 15:50:03;1664553003691;3656.5;2;1;0;3654.0;3653.75
2022.09.30 15:50:03;1664553003691;3656.5;3;1;0;3654.0;3653.75
2022.09.30 15:50:03;1664553003691;3656.5;1;1;0;3654.0;3653.75
2022.09.30 15:50:03;1664553003691;3656.5;1;1;0;3654.0;3653.75
2022.09.30 15:50:03;1664553003691;3656.5;1;1;0;3654.0;3653.75
2022.09.30 15:50:03;1664553003691;3656.5;1;1;0;3654.0;3653.75
2022.09.30 15:50:03;1664553003691;3656.5;1;1;0;3654.0;3653.75
2022.09.30 15:50:03;1664553003691;3656.5;1;1;0;3654.0;3653.75
2022.09.30 15:50:03;1664553003691;3656.5;1;1;0;3654.0;3653.75
2022.09.30 15:50:03;1664553003691;3656.5;1;0;0;3654.0;3653.75
2022.09.30 15:50:03;1664553003769;3656.5;1;0;1;3654.0;3653.75
2022.09.30 15:50:03;1664553003770;3656.5;1;0;1;3654.0;3653.75
2022.09.30 15:50:03;1664553003770;3656.5;1;0;1;3654.0;3653.75
2022.09.30 15:50:03;1664553003770;3656.5;1;0;1;3654.0;3653.75
2022.09.30 15:50:03;1664553003770;3656.5;1;0;0;3654.0;3653.75
2022.09.30 15:50:03;1664553003798;3656.5;1;1;0;3654.0;3653.75
2022.09.30 15:50:03;1664553003798;3656.5;1;1;0;3654.0;3653.75
2022.09.30 15:50:03;1664553003798;3656.5;1;1;0;3654.0;3653.75
2022.09.30 15:50:03;1664553003798;3656.5;1;1;0;3654.0;3653.75
2022.09.30 15:50:03;1664553003798;3656.5;1;1;0;3654.0;3653.75
2022.09.30 15:50:03;1664553003798;3656.5;1;1;0;3654.0;3653.75
2022.09.30 15:50:03;1664553003798;3656.25;1;0;1;3654.0;3653.75
2022.09.30 15:50:03;1664553003828;3656.5;1;1;0;3654.0;3653.75
2022.09.30 15:50:03;1664553003828;3656.5;1;1;0;3654.0;3653.75
2022.09.30 15:50:03;1664553003828;3656.5;1;0;0;3654.0;3653.75
2022.09.30 15:50:03;1664553003829;3656.5;1;0;0;3654.0;3653.75
2022.09.30 15:50:03;1664553003840;3656.5;1;0;1;3654.0;3653.75
2022.09.30 15:50:03;1664553003840;3656.5;1;0;1;3654.0;3653.75
2022.09.30 15:50:03;1664553003840;3656.5;1;0;1;3654.0;3653.75
2022.09.30 15:50:03;1664553003841;3656.5;1;0;0;3654.0;3653.75
2022.09.30 15:50:03;1664553003841;3656.5;4;1;0;3654.0;3653.75
2022.09.30 15:50:03;1664553003842;3656.5;1;1;0;3654.0;3653.75
2022.09.30 15:50:03;1664553003842;3656.5;1;0;0;3654.0;3653.75
2022.09.30 15:50:03;1664553003847;3656.5;1;0;1;3654.0;3653.75
2022.09.30 15:50:03;1664553003847;3656.5;1;0;0;3654.0;3653.75
2022.09.30 15:50:03;1664553003929;3656.25;1;0;1;3654.0;3653.75
2022.09.30 15:50:03;1664553003949;3656.25;1;0;1;3654.0;3653.75
2022.09.30 15:50:03;1664553003949;3656.25;2;0;1;3654.0;3653.75
2022.09.30 15:50:03;1664553003971;3656.25;1;0;1;3654.0;3653.75
2022.09.30 15:50:03;1664553003971;3656.25;2;0;1;3654.0;3653.75
2022.09.30 15:50:03;1664553003971;3656.25;2;0;1;3654.0;3653.75
2022.09.30 15:50:03;1664553003971;3656.25;1;0;1;3654.0;3653.75
2022.09.30 15:50:03;1664553003971;3656.25;1;0;1;3654.0;3653.75
2022.09.30 15:50:03;1664553003971;3656.25;1;0;1;3654.0;3653.75
2022.09.30 15:50:03;1664553003971;3656.25;1;0;1;3654.0;3653.75
2022.09.30 15:50:03;1664553003971;3656.25;1;0;1;3654.0;3653.75
2022.09.30 15:50:03;1664553003971;3656.25;1;0;1;3654.0;3653.75
2022.09.30 15:50:03;1664553003971;3656.25;1;0;1;3654.0;3653.75
2022.09.30 15:50:03;1664553003971;3656.25;1;0;1;3654.0;3653.75
2022.09.30 15:50:03;1664553003971;3656.25;1;0;1;3654.0;3653.75
2022.09.30 15:50:03;1664553003971;3656.25;7;0;1;3654.0;3653.75
2022.09.30 15:50:03;1664553003971;3656.25;1;0;1;3654.0;3653.75
2022.09.30 15:50:03;1664553003971;3656.25;1;0;1;3654.0;3653.75
2022.09.30 15:50:03;1664553003971;3656.25;1;0;1;3654.0;3653.75
2022.09.30 15:50:03;1664553003972;3656.25;1;0;1;3654.0;3653.75
2022.09.30 15:50:03;1664553003972;3656.25;2;0;1;3654.0;3653.75
2022.09.30 15:50:03;1664553003972;3656.25;2;0;1;3654.0;3653.75
2022.09.30 15:50:03;1664553003972;3656.25;4;0;1;3654.0;3653.75
2022.09.30 15:50:03;1664553003972;3656.25;4;0;0;3654.0;3653.75
2022.09.30 15:50:03;1664553003973;3656.25;4;0;0;3654.0;3653.75
2022.09.30 15:50:03;1664553003973;3656.25;2;1;0;3654.0;3653.75
2022.09.30 15:50:03;1664553003973;3656.25;1;1;0;3654.0;3653.75
2022.09.30 15:50:03;1664553003973;3656.25;1;1;0;3654.0;3653.75
2022.09.30 15:50:03;1664553003973;3656.25;1;1;0;3654.0;3653.75
2022.09.30 15:50:03;1664553003973;3656.25;1;1;0;3654.0;3653.75
2022.09.30 15:50:03;1664553003973;3656.25;1;1;0;3654.0;3653.75
2022.09.30 15:50:03;1664553003973;3656.25;1;1;0;3654.0;3653.75
2022.09.30 15:50:03;1664553003973;3656.25;1;1;0;3654.0;3653.75
2022.09.30 15:50:03;1664553003973;3656.25;1;0;1;3654.0;3653.75
2022.09.30 15:50:03;1664553003973;3656.25;1;0;1;3654.0;3653.75
2022.09.30 15:50:03;1664553003973;3656.25;1;1;0;3654.0;3653.75
2022.09.30 15:50:03;1664553003973;3656.25;1;0;0;3654.0;3653.75
2022.09.30 15:50:03;1664553003974;3656.25;1;0;1;3654.0;3653.75
2022.09.30 15:50:03;1664553003974;3656.25;1;0;1;3654.0;3653.75
2022.09.30 15:50:03;1664553003974;3656.25;1;0;1;3654.0;3653.75
2022.09.30 15:50:03;1664553003974;3656.25;1;0;0;3654.0;3653.75
2022.09.30 15:50:04;1664553004012;3656.25;1;1;0;3654.0;3653.75
2022.09.30 15:50:04;1664553004012;3656.25;1;1;0;3654.0;3653.75
2022.09.30 15:50:04;1664553004013;3656.25;1;1;0;3654.0;3653.75
2022.09.30 15:50:04;1664553004013;3656.25;1;1;0;3654.0;3653.75
2022.09.30 15:50:04;1664553004013;3656.25;1;1;0;3654.0;3653.75
2022.09.30 15:50:04;1664553004014;3656.25;1;1;0;3654.0;3653.75
2022.09.30 15:50:04;1664553004014;3656.25;1;0;0;3654.0;3653.75
2022.09.30 15:50:04;1664553004015;3656.25;1;0;0;3654.0;3653.75
2022.09.30 15:50:04;1664553004033;3656.25;4;0;1;3654.0;3653.75
2022.09.30 15:50:04;1664553004033;3656.25;1;0;1;3654.0;3653.75
2022.09.30 15:50:04;1664553004033;3656.25;1;0;1;3654.0;3653.75
2022.09.30 15:50:04;1664553004033;3656.25;1;0;1;3654.0;3653.75
2022.09.30 15:50:04;1664553004033;3656.25;2;1;0;3654.0;3653.75
2022.09.30 15:50:04;1664553004033;3656.25;1;1;0;3654.0;3653.75
2022.09.30 15:50:04;1664553004033;3656.25;1;1;0;3654.0;3653.75
2022.09.30 15:50:04;1664553004033;3656.25;1;0;1;3654.0;3653.75
2022.09.30 15:50:04;1664553004033;3656.25;2;0;1;3654.0;3653.75
2022.09.30 15:50:04;1664553004034;3656.25;2;0;0;3654.0;3653.75
2022.09.30 15:50:04;1664553004074;3656.0;1;0;1;3654.0;3653.75
2022.09.30 15:50:04;1664553004074;3656.0;2;0;1;3654.0;3653.75
2022.09.30 15:50:04;1664553004074;3656.0;1;0;1;3654.0;3653.75
2022.09.30 15:50:04;1664553004074;3656.0;3;0;1;3654.0;3653.75
2022.09.30 15:50:04;1664553004074;3656.0;1;0;1;3654.0;3653.75
2022.09.30 15:50:04;1664553004075;3656.0;1;0;1;3654.0;3653.75
2022.09.30 15:50:04;1664553004075;3656.0;1;0;1;3654.0;3653.75
2022.09.30 15:50:04;1664553004075;3656.0;2;0;1;3654.0;3653.75
2022.09.30 15:50:04;1664553004075;3656.0;3;0;1;3654.0;3653.75
2022.09.30 15:50:04;1664553004075;3656.0;2;0;1;3654.0;3653.75
2022.09.30 15:50:04;1664553004075;3656.0;1;0;1;3654.0;3653.75
2022.09.30 15:50:04;1664553004075;3656.0;1;0;1;3654.0;3653.75
2022.09.30 15:50:04;1664553004075;3656.0;1;0;1;3654.0;3653.75
2022.09.30 15:50:04;1664553004075;3656.0;1;0;1;3654.0;3653.75
2022.09.30 15:50:04;1664553004075;3656.0;1;0;1;3654.0;3653.75
2022.09.30 15:50:04;1664553004075;3656.0;1;0;1;3654.0;3653.75
2022.09.30 15:50:04;1664553004075;3656.0;1;0;1;3654.0;3653.75
2022.09.30 15:50:04;1664553004076;3656.0;1;0;1;3654.0;3653.75
2022.09.30 15:50:04;1664553004116;3656.0;1;0;1;3654.0;3653.75
2022.09.30 15:50:04;1664553004116;3656.0;1;0;1;3654.0;3653.75
2022.09.30 15:50:04;1664553004132;3656.0;1;0;1;3654.0;3653.75
2022.09.30 15:50:04;1664553004134;3656.0;1;0;1;3654.0;3653.75
2022.09.30 15:50:04;1664553004134;3656.0;1;0;1;3654.0;3653.75
2022.09.30 15:50:04;1664553004134;3656.0;1;0;1;3654.0;3653.75
2022.09.30 15:50:04;1664553004134;3656.0;5;0;1;3654.0;3653.75
2022.09.30 15:50:04;1664553004135;3656.0;1;0;1;3654.0;3653.75
2022.09.30 15:50:04;1664553004135;3656.0;1;0;1;3654.0;3653.75
2022.09.30 15:50:04;1664553004135;3656.0;2;0;1;3654.0;3653.75
2022.09.30 15:50:04;1664553004135;3656.0;1;0;1;3654.0;3653.75
2022.09.30 15:50:04;1664553004135;3656.0;1;0;1;3654.0;3653.75
2022.09.30 15:50:04;1664553004135;3656.0;1;0;1;3654.0;3653.75
2022.09.30 15:50:04;1664553004135;3656.0;4;0;1;3654.0;3653.75
2022.09.30 15:50:04;1664553004135;3656.0;1;0;1;3654.0;3653.75
2022.09.30 15:50:04;1664553004135;3656.0;5;0;1;3654.0;3653.75
2022.09.30 15:50:04;1664553004136;3656.0;5;0;0;3654.0;3653.75
2022.09.30 15:50:04;1664553004136;3656.0;5;0;0;3654.0;3653.75
2022.09.30 15:50:04;1664553004168;3656.0;3;1;0;3654.0;3653.75
2022.09.30 15:50:04;1664553004168;3656.0;1;1;0;3654.0;3653.75
2022.09.30 15:50:04;1664553004168;3656.0;1;1;0;3654.0;3653.75
2022.09.30 15:50:04;1664553004168;3656.0;1;1;0;3654.0;3653.75
2022.09.30 15:50:04;1664553004168;3656.0;2;1;0;3654.0;3653.75
2022.09.30 15:50:04;1664553004168;3656.0;2;0;0;3654.0;3653.75
2022.09.30 15:50:04;1664553004169;3656.0;1;0;1;3654.0;3653.75
2022.09.30 15:50:04;1664553004169;3656.0;1;0;1;3654.0;3653.75
2022.09.30 15:50:04;1664553004169;3655.75;1;0;1;3654.0;3653.75
2022.09.30 15:50:04;1664553004169;3655.75;6;0;1;3654.0;3653.75
2022.09.30 15:50:04;1664553004169;3655.75;1;0;1;3654.0;3653.75
2022.09.30 15:50:04;1664553004169;3655.75;1;0;1;3654.0;3653.75
2022.09.30 15:50:04;1664553004169;3655.75;1;0;1;3654.0;3653.75
2022.09.30 15:50:04;1664553004169;3655.75;1;0;1;3654.0;3653.75
2022.09.30 15:50:04;1664553004169;3655.75;1;0;1;3654.0;3653.75
2022.09.30 15:50:04;1664553004169;3655.75;1;0;1;3654.0;3653.75
2022.09.30 15:50:04;1664553004169;3655.75;1;0;1;3654.0;3653.75
2022.09.30 15:50:04;1664553004169;3655.75;1;0;1;3654.0;3653.75
2022.09.30 15:50:04;1664553004178;3655.75;1;0;0;3654.0;3653.75
2022.09.30 15:50:04;1664553004190;3655.75;1;0;1;3654.0;3653.75
2022.09.30 15:50:04;1664553004190;3655.75;2;0;1;3654.0;3653.75
2022.09.30 15:50:04;1664553004190;3655.75;1;0;1;3654.0;3653.75
2022.09.30 15:50:04;1664553004231;3655.75;2;0;1;3654.0;3653.75
2022.09.30 15:50:04;1664553004231;3655.75;1;0;1;3654.0;3653.75
2022.09.30 15:50:04;1664553004231;3655.75;1;0;1;3654.0;3653.75
2022.09.30 15:50:04;1664553004296;3655.75;1;0;1;3654.0;3653.75
2022.09.30 15:50:04;1664553004297;3655.75;1;0;1;3654.0;3653.75
2022.09.30 15:50:04;1664553004297;3655.75;1;0;1;3654.0;3653.75
2022.09.30 15:50:04;1664553004297;3655.75;2;0;1;3654.0;3653.75
2022.09.30 15:50:04;1664553004297;3655.75;1;0;1;3654.0;3653.75
2022.09.30 15:50:04;1664553004297;3655.75;1;0;1;3654.0;3653.75
2022.09.30 15:50:04;1664553004297;3655.75;1;0;1;3654.0;3653.75
2022.09.30 15:50:04;1664553004297;3655.75;1;0;1;3654.0;3653.75
2022.09.30 15:50:04;1664553004297;3655.75;5;0;1;3654.0;3653.75
2022.09.30 15:50:04;1664553004297;3655.75;1;0;1;3654.0;3653.75
2022.09.30 15:50:04;1664553004297;3655.75;2;0;1;3654.0;3653.75
2022.09.30 15:50:04;1664553004297;3655.75;1;0;1;3654.0;3653.75
2022.09.30 15:50:04;1664553004297;3655.75;1;0;1;3654.0;3653.75
2022.09.30 15:50:04;1664553004297;3655.75;2;0;1;3654.0;3653.75
2022.09.30 15:50:04;1664553004297;3655.75;1;0;1;3654.0;3653.75
2022.09.30 15:50:04;1664553004297;3655.75;1;0;1;3654.0;3653.75
2022.09.30 15:50:04;1664553004297;3655.75;1;0;1;3654.0;3653.75
2022.09.30 15:50:04;1664553004297;3655.75;1;0;1;3654.0;3653.75
2022.09.30 15:50:04;1664553004297;3655.75;1;0;1;3654.0;3653.75
2022.09.30 15:50:04;1664553004297;3655.75;1;0;1;3654.0;3653.75
2022.09.30 15:50:04;1664553004297;3655.75;1;0;1;3654.0;3653.75
2022.09.30 15:50:04;1664553004298;3655.75;8;0;1;3654.0;3653.75
2022.09.30 15:50:04;1664553004298;3655.75;1;0;1;3654.0;3653.75
2022.09.30 15:50:04;1664553004298;3655.75;1;0;1;3654.0;3653.75
2022.09.30 15:50:04;1664553004298;3655.75;3;0;1;3654.0;3653.75
2022.09.30 15:50:04;1664553004298;3655.75;2;0;1;3654.0;3653.75
2022.09.30 15:50:04;1664553004298;3655.75;1;0;1;3654.0;3653.75
2022.09.30 15:50:04;1664553004298;3655.75;1;0;1;3654.0;3653.75
2022.09.30 15:50:04;1664553004298;3655.75;1;0;1;3654.0;3653.75
2022.09.30 15:50:04;1664553004298;3655.75;2;0;1;3654.0;3653.75
2022.09.30 15:50:04;1664553004298;3655.75;1;0;1;3654.0;3653.75
2022.09.30 15:50:04;1664553004298;3655.75;1;0;1;3654.0;3653.75
2022.09.30 15:50:04;1664553004298;3655.75;1;0;1;3654.0;3653.75
2022.09.30 15:50:04;1664553004298;3655.75;2;0;1;3654.0;3653.75
2022.09.30 15:50:04;1664553004298;3655.75;1;0;1;3654.0;3653.75
2022.09.30 15:50:04;1664553004298;3655.75;1;0;1;3654.0;3653.75
2022.09.30 15:50:04;1664553004298;3655.75;1;0;1;3654.0;3653.75
2022.09.30 15:50:04;1664553004298;3655.75;1;1;0;3654.0;3653.75
2022.09.30 15:50:04;1664553004298;3655.75;1;1;0;3654.0;3653.75
2022.09.30 15:50:04;1664553004298;3655.75;1;0;1;3654.0;3653.75
2022.09.30 15:50:04;1664553004298;3655.75;1;0;1;3654.0;3653.75
2022.09.30 15:50:04;1664553004298;3655.75;1;0;0;3654.0;3653.75
2022.09.30 15:50:04;1664553004309;3655.75;1;1;0;3654.0;3653.75
2022.09.30 15:50:04;1664553004431;3655.75;1;1;0;3654.0;3653.75
2022.09.30 15:50:04;1664553004455;3655.75;1;1;0;3654.0;3653.75
2022.09.30 15:50:04;1664553004455;3655.75;1;1;0;3654.0;3653.75
2022.09.30 15:50:04;1664553004455;3655.75;1;1;0;3654.0;3653.75
2022.09.30 15:50:04;1664553004456;3655.75;1;1;0;3654.0;3653.75
2022.09.30 15:50:04;1664553004456;3655.75;1;0;1;3654.0;3653.75
2022.09.30 15:50:04;1664553004456;3655.75;1;0;1;3654.0;3653.75
2022.09.30 15:50:04;1664553004457;3655.75;1;0;0;3654.0;3653.75
2022.09.30 15:50:04;1664553004457;3655.75;1;0;0;3654.0;3653.75
2022.09.30 15:50:04;1664553004471;3655.75;1;1;0;3654.0;3653.75
2022.09.30 15:50:04;1664553004471;3655.75;1;1;0;3654.0;3653.75
2022.09.30 15:50:04;1664553004471;3655.75;1;1;0;3654.0;3653.75
2022.09.30 15:50:04;1664553004471;3655.75;1;1;0;3654.0;3653.75
2022.09.30 15:50:04;1664553004471;3655.75;1;1;0;3654.0;3653.75
2022.09.30 15:50:04;1664553004472;3655.75;2;1;0;3654.0;3653.75
2022.09.30 15:50:04;1664553004472;3655.75;2;0;0;3654.0;3653.75
2022.09.30 15:50:04;1664553004564;3655.75;1;0;1;3654.0;3653.75
2022.09.30 15:50:04;1664553004564;3655.75;4;0;1;3654.0;3653.75
2022.09.30 15:50:04;1664553004565;3655.75;4;0;0;3654.0;3653.75
2022.09.30 15:50:04;1664553004566;3655.75;4;0;0;3654.0;3653.75
2022.09.30 15:50:04;1664553004568;3655.75;2;1;0;3654.0;3653.75
2022.09.30 15:50:04;1664553004568;3655.75;1;1;0;3654.0;3653.75
2022.09.30 15:50:04;1664553004568;3655.75;2;0;1;3654.0;3653.75
2022.09.30 15:50:04;1664553004568;3655.75;2;0;0;3654.0;3653.75
2022.09.30 15:50:04;1664553004571;3655.75;2;0;0;3654.0;3653.75
2022.09.30 15:50:04;1664553004572;3655.75;2;0;0;3654.0;3653.75
2022.09.30 15:50:04;1664553004604;3655.5;1;0;1;3654.0;3653.75
2022.09.30 15:50:04;1664553004604;3655.5;1;0;1;3654.0;3653.75
2022.09.30 15:50:04;1664553004604;3655.5;1;0;1;3654.0;3653.75
2022.09.30 15:50:04;1664553004608;3655.5;1;0;1;3654.0;3653.75
2022.09.30 15:50:04;1664553004608;3655.5;2;0;1;3654.0;3653.75
2022.09.30 15:50:04;1664553004609;3655.5;1;0;1;3654.0;3653.75
2022.09.30 15:50:04;1664553004609;3655.5;1;0;1;3654.0;3653.75
2022.09.30 15:50:04;1664553004612;3655.5;1;0;1;3654.0;3653.75
2022.09.30 15:50:04;1664553004620;3655.5;1;0;1;3654.0;3653.75
2022.09.30 15:50:04;1664553004620;3655.5;2;0;1;3654.0;3653.75
2022.09.30 15:50:04;1664553004620;3655.5;5;0;1;3654.0;3653.75
2022.09.30 15:50:04;1664553004620;3655.5;1;0;1;3654.0;3653.75
2022.09.30 15:50:04;1664553004620;3655.5;1;0;1;3654.0;3653.75
2022.09.30 15:50:04;1664553004622;3655.5;1;0;1;3654.0;3653.75
2022.09.30 15:50:04;1664553004622;3655.5;1;0;1;3654.0;3653.75
2022.09.30 15:50:04;1664553004622;3655.5;1;0;1;3654.0;3653.75
2022.09.30 15:50:04;1664553004622;3655.5;1;0;1;3654.0;3653.75
2022.09.30 15:50:04;1664553004622;3655.5;1;0;1;3654.0;3653.75
2022.09.30 15:50:04;1664553004622;3655.5;1;0;1;3654.0;3653.75
2022.09.30 15:50:04;1664553004622;3655.5;1;0;1;3654.0;3653.75
2022.09.30 15:50:04;1664553004622;3655.5;1;0;1;3654.0;3653.75
2022.09.30 15:50:04;1664553004622;3655.5;1;0;1;3654.0;3653.75
2022.09.30 15:50:04;1664553004622;3655.5;1;0;1;3654.0;3653.75
2022.09.30 15:50:04;1664553004622;3655.5;1;0;1;3654.0;3653.75
2022.09.30 15:50:04;1664553004622;3655.5;1;0;1;3654.0;3653.75
2022.09.30 15:50:04;1664553004622;3655.5;1;0;1;3654.0;3653.75
2022.09.30 15:50:04;1664553004622;3655.5;1;0;1;3654.0;3653.75
2022.09.30 15:50:04;1664553004622;3655.5;1;0;1;3654.0;3653.75
2022.09.30 15:50:04;1664553004622;3655.5;1;0;1;3654.0;3653.75
2022.09.30 15:50:04;1664553004622;3655.5;1;0;1;3654.0;3653.75
2022.09.30 15:50:04;1664553004622;3655.5;3;0;1;3654.0;3653.75
2022.09.30 15:50:04;1664553004626;3655.5;1;0;1;3654.0;3653.75
2022.09.30 15:50:04;1664553004632;3655.5;1;0;1;3654.0;3653.75
2022.09.30 15:50:04;1664553004634;3655.5;1;0;1;3654.0;3653.75
2022.09.30 15:50:04;1664553004718;3655.75;1;1;0;3654.0;3653.75
2022.09.30 15:50:04;1664553004771;3655.75;1;1;0;3654.0;3653.75
2022.09.30 15:50:04;1664553004771;3655.75;1;1;0;3654.0;3653.75
2022.09.30 15:50:04;1664553004771;3655.75;1;1;0;3654.0;3653.75
2022.09.30 15:50:04;1664553004771;3655.75;1;1;0;3654.0;3653.75
2022.09.30 15:50:04;1664553004771;3655.75;3;1;0;3654.0;3653.75
2022.09.30 15:50:04;1664553004771;3655.75;2;1;0;3654.0;3653.75
2022.09.30 15:50:04;1664553004771;3655.75;1;1;0;3654.0;3653.75
2022.09.30 15:50:04;1664553004771;3655.75;4;1;0;3654.0;3653.75
2022.09.30 15:50:04;1664553004771;3655.75;4;0;0;3654.0;3653.75
2022.09.30 15:50:04;1664553004775;3655.75;4;0;1;3654.0;3653.75
2022.09.30 15:50:04;1664553004776;3655.75;4;0;0;3654.0;3653.75
2022.09.30 15:50:04;1664553004776;3655.75;2;0;1;3654.0;3653.75
2022.09.30 15:50:04;1664553004776;3655.75;1;0;1;3654.0;3653.75
2022.09.30 15:50:04;1664553004777;3655.75;3;0;1;3654.0;3653.75
2022.09.30 15:50:04;1664553004777;3655.75;1;0;1;3654.0;3653.75
2022.09.30 15:50:04;1664553004777;3655.75;1;0;1;3654.0;3653.75
2022.09.30 15:50:04;1664553004777;3655.75;1;1;0;3654.0;3653.75
2022.09.30 15:50:04;1664553004777;3655.75;1;0;1;3654.0;3653.75
2022.09.30 15:50:04;1664553004777;3655.75;1;1;0;3654.0;3653.75
2022.09.30 15:50:04;1664553004777;3655.75;1;1;0;3654.0;3653.75
2022.09.30 15:50:04;1664553004777;3655.75;2;1;0;3654.0;3653.75
2022.09.30 15:50:04;1664553004777;3655.75;1;1;0;3654.0;3653.75
2022.09.30 15:50:04;1664553004777;3655.75;2;1;0;3654.0;3653.75
2022.09.30 15:50:04;1664553004777;3655.75;1;1;0;3654.0;3653.75
2022.09.30 15:50:04;1664553004777;3655.75;1;0;1;3654.0;3653.75
2022.09.30 15:50:04;1664553004777;3655.75;1;0;1;3654.0;3653.75
2022.09.30 15:50:04;1664553004777;3655.75;1;1;0;3654.0;3653.75
2022.09.30 15:50:04;1664553004777;3655.75;1;1;0;3654.0;3653.75
2022.09.30 15:50:04;1664553004777;3655.75;1;1;0;3654.0;3653.75
2022.09.30 15:50:04;1664553004777;3655.75;1;1;0;3654.0;3653.75
2022.09.30 15:50:04;1664553004777;3655.75;1;1;0;3654.0;3653.75
2022.09.30 15:50:04;1664553004777;3655.75;1;1;0;3654.0;3653.75
2022.09.30 15:50:04;1664553004778;3655.75;1;0;0;3654.0;3653.75
2022.09.30 15:50:04;1664553004778;3655.75;1;1;0;3654.0;3653.75
2022.09.30 15:50:04;1664553004778;3655.75;1;1;0;3654.0;3653.75
2022.09.30 15:50:04;1664553004778;3655.75;1;0;0;3654.0;3653.75
2022.09.30 15:50:04;1664553004880;3655.75;1;0;1;3654.0;3653.75
2022.09.30 15:50:04;1664553004890;3655.75;1;0;1;3654.0;3653.75
2022.09.30 15:50:04;1664553004890;3655.75;1;0;1;3654.0;3653.75
2022.09.30 15:50:04;1664553004890;3655.75;4;0;1;3654.0;3653.75
2022.09.30 15:50:04;1664553004890;3655.75;1;0;1;3654.0;3653.75
2022.09.30 15:50:04;1664553004890;3655.75;1;0;1;3654.0;3653.75
2022.09.30 15:50:04;1664553004890;3655.75;1;0;1;3654.0;3653.75
2022.09.30 15:50:04;1664553004891;3655.75;1;0;1;3654.0;3653.75
2022.09.30 15:50:04;1664553004891;3655.5;2;0;1;3654.0;3653.75
2022.09.30 15:50:04;1664553004891;3655.5;4;0;1;3654.0;3653.75
2022.09.30 15:50:04;1664553004891;3655.5;1;0;1;3654.0;3653.75
2022.09.30 15:50:04;1664553004891;3655.5;1;0;1;3654.0;3653.75
2022.09.30 15:50:04;1664553004891;3655.5;2;0;1;3654.0;3653.75
2022.09.30 15:50:04;1664553004891;3655.5;3;0;1;3654.0;3653.75
2022.09.30 15:50:04;1664553004891;3655.5;1;0;1;3654.0;3653.75
2022.09.30 15:50:04;1664553004891;3655.5;1;0;1;3654.0;3653.75
2022.09.30 15:50:04;1664553004891;3655.5;1;0;1;3654.0;3653.75
2022.09.30 15:50:04;1664553004891;3655.5;1;0;1;3654.0;3653.75
2022.09.30 15:50:04;1664553004891;3655.5;3;0;1;3654.0;3653.75
2022.09.30 15:50:04;1664553004891;3655.5;1;0;1;3654.0;3653.75
2022.09.30 15:50:04;1664553004891;3655.5;1;0;1;3654.0;3653.75
2022.09.30 15:50:04;1664553004891;3655.5;1;0;1;3654.0;3653.75
2022.09.30 15:50:04;1664553004891;3655.5;3;0;1;3654.0;3653.75
2022.09.30 15:50:04;1664553004891;3655.5;2;0;1;3654.0;3653.75
2022.09.30 15:50:04;1664553004891;3655.5;1;0;1;3654.0;3653.75
2022.09.30 15:50:04;1664553004891;3655.5;1;0;1;3654.0;3653.75
2022.09.30 15:50:04;1664553004891;3655.5;1;0;1;3654.0;3653.75
2022.09.30 15:50:04;1664553004891;3655.5;1;0;1;3654.0;3653.75
2022.09.30 15:50:04;1664553004891;3655.5;3;0;1;3654.0;3653.75
2022.09.30 15:50:04;1664553004891;3655.5;1;0;1;3654.0;3653.75
2022.09.30 15:50:04;1664553004891;3655.5;1;0;1;3654.0;3653.75
2022.09.30 15:50:04;1664553004891;3655.5;1;0;1;3654.0;3653.75
2022.09.30 15:50:04;1664553004892;3655.5;1;0;1;3654.0;3653.75
2022.09.30 15:50:04;1664553004892;3655.5;1;0;0;3654.0;3653.75
2022.09.30 15:50:04;1664553004962;3655.75;1;1;0;3654.0;3653.75
2022.09.30 15:50:05;1664553005010;3655.75;1;1;0;3654.0;3653.75
2022.09.30 15:50:05;1664553005070;3655.5;1;0;1;3654.0;3653.75
2022.09.30 15:50:05;1664553005121;3655.75;1;1;0;3654.0;3653.75
2022.09.30 15:50:05;1664553005162;3655.5;1;0;1;3654.0;3653.75
2022.09.30 15:50:05;1664553005162;3655.5;1;0;1;3654.0;3653.75
2022.09.30 15:50:05;1664553005380;3655.5;1;0;1;3654.0;3653.75
2022.09.30 15:50:05;1664553005380;3655.5;1;0;1;3654.0;3653.75
2022.09.30 15:50:05;1664553005380;3655.5;1;0;1;3654.0;3653.75
2022.09.30 15:50:05;1664553005380;3655.5;1;0;1;3654.0;3653.75
2022.09.30 15:50:05;1664553005380;3655.5;1;0;1;3654.0;3653.75
2022.09.30 15:50:05;1664553005381;3655.5;1;0;1;3654.0;3653.75
2022.09.30 15:50:05;1664553005381;3655.5;3;0;1;3654.0;3653.75
2022.09.30 15:50:05;1664553005423;3655.75;1;1;0;3654.0;3653.75
2022.09.30 15:50:05;1664553005423;3655.75;1;1;0;3654.0;3653.75
2022.09.30 15:50:05;1664553005423;3655.75;1;1;0;3654.0;3653.75
2022.09.30 15:50:05;1664553005424;3655.75;1;1;0;3654.0;3653.75
2022.09.30 15:50:05;1664553005424;3655.75;1;1;0;3654.0;3653.75
2022.09.30 15:50:05;1664553005424;3655.75;1;1;0;3654.0;3653.75
2022.09.30 15:50:05;1664553005424;3655.75;1;1;0;3654.0;3653.75
2022.09.30 15:50:05;1664553005424;3655.75;1;1;0;3654.0;3653.75
2022.09.30 15:50:05;1664553005424;3655.75;2;1;0;3654.0;3653.75
2022.09.30 15:50:05;1664553005424;3655.75;1;1;0;3654.0;3653.75
2022.09.30 15:50:05;1664553005424;3655.75;1;1;0;3654.0;3653.75
2022.09.30 15:50:05;1664553005424;3655.75;1;1;0;3654.0;3653.75
2022.09.30 15:50:05;1664553005424;3655.75;2;1;0;3654.0;3653.75
2022.09.30 15:50:05;1664553005424;3655.75;1;1;0;3654.0;3653.75
2022.09.30 15:50:05;1664553005424;3655.75;1;1;0;3654.0;3653.75
2022.09.30 15:50:05;1664553005424;3655.75;1;1;0;3654.0;3653.75
2022.09.30 15:50:05;1664553005424;3655.75;2;1;0;3654.0;3653.75
2022.09.30 15:50:05;1664553005424;3655.75;1;1;0;3654.0;3653.75
2022.09.30 15:50:05;1664553005424;3655.75;1;1;0;3654.0;3653.75
2022.09.30 15:50:05;1664553005425;3655.75;1;1;0;3654.0;3653.75
2022.09.30 15:50:05;1664553005425;3655.75;4;1;0;3654.0;3653.75
2022.09.30 15:50:05;1664553005425;3655.75;1;1;0;3654.0;3653.75
2022.09.30 15:50:05;1664553005425;3655.75;1;1;0;3654.0;3653.75
2022.09.30 15:50:05;1664553005425;3655.75;2;1;0;3654.0;3653.75
2022.09.30 15:50:05;1664553005426;3655.75;2;1;0;3654.0;3653.75
2022.09.30 15:50:05;1664553005426;3655.75;1;0;1;3654.0;3653.75
2022.09.30 15:50:05;1664553005426;3655.75;1;0;1;3654.0;3653.75
2022.09.30 15:50:05;1664553005426;3655.75;1;0;1;3654.0;3653.75
2022.09.30 15:50:05;1664553005426;3655.75;1;0;1;3654.0;3653.75
2022.09.30 15:50:05;1664553005426;3655.75;1;0;0;3654.0;3653.75
2022.09.30 15:50:05;1664553005427;3655.75;2;1;1;3654.0;3653.75
2022.09.30 15:50:05;1664553005427;3655.75;2;0;0;3654.0;3653.75
2022.09.30 15:50:05;1664553005427;3655.75;2;0;0;3654.0;3653.75
2022.09.30 15:50:05;1664553005438;3655.75;1;1;0;3654.0;3653.75
2022.09.30 15:50:05;1664553005456;3655.5;1;0;1;3654.0;3653.75
2022.09.30 15:50:05;1664553005456;3655.5;1;0;1;3654.0;3653.75
2022.09.30 15:50:05;1664553005456;3655.75;1;1;0;3654.0;3653.75
2022.09.30 15:50:05;1664553005482;3655.75;1;1;0;3654.0;3653.75
2022.09.30 15:50:05;1664553005482;3655.75;1;1;0;3654.0;3653.75
2022.09.30 15:50:05;1664553005508;3655.5;1;0;1;3654.0;3653.75
2022.09.30 15:50:05;1664553005508;3655.75;3;1;0;3654.0;3653.75
2022.09.30 15:50:05;1664553005529;3655.75;1;1;0;3654.0;3653.75
2022.09.30 15:50:05;1664553005646;3655.75;1;1;0;3654.0;3653.75
2022.09.30 15:50:05;1664553005646;3655.75;1;1;0;3654.0;3653.75
2022.09.30 15:50:05;1664553005646;3655.75;1;1;0;3654.0;3653.75
2022.09.30 15:50:05;1664553005646;3655.75;1;1;0;3654.0;3653.75
2022.09.30 15:50:05;1664553005646;3655.75;1;1;0;3654.0;3653.75
2022.09.30 15:50:05;1664553005646;3655.75;1;1;0;3654.0;3653.75
2022.09.30 15:50:05;1664553005646;3655.75;2;1;0;3654.0;3653.75
2022.09.30 15:50:05;1664553005646;3655.75;1;1;0;3654.0;3653.75
2022.09.30 15:50:05;1664553005646;3655.75;1;1;0;3654.0;3653.75
2022.09.30 15:50:05;1664553005646;3655.75;1;1;0;3654.0;3653.75
2022.09.30 15:50:05;1664553005646;3655.75;1;1;0;3654.0;3653.75
2022.09.30 15:50:05;1664553005646;3655.75;2;0;1;3654.0;3653.75
2022.09.30 15:50:05;1664553005646;3655.75;3;0;1;3654.0;3653.75
2022.09.30 15:50:05;1664553005646;3655.75;1;0;1;3654.0;3653.75
2022.09.30 15:50:05;1664553005646;3655.75;1;0;1;3654.0;3653.75
2022.09.30 15:50:05;1664553005648;3655.75;4;1;0;3654.0;3653.75
2022.09.30 15:50:05;1664553005648;3655.75;1;1;0;3654.0;3653.75
2022.09.30 15:50:05;1664553005649;3655.75;2;1;0;3654.0;3653.75
2022.09.30 15:50:05;1664553005661;3655.75;1;1;0;3654.0;3653.75
2022.09.30 15:50:05;1664553005703;3655.75;1;1;0;3654.0;3653.75
2022.09.30 15:50:05;1664553005704;3655.75;1;1;0;3654.0;3653.75
2022.09.30 15:50:05;1664553005704;3655.75;1;1;0;3654.0;3653.75
2022.09.30 15:50:05;1664553005704;3655.75;1;1;0;3654.0;3653.75
2022.09.30 15:50:05;1664553005704;3655.75;1;1;0;3654.0;3653.75
2022.09.30 15:50:05;1664553005704;3655.75;1;1;0;3654.0;3653.75
2022.09.30 15:50:05;1664553005704;3655.75;4;1;0;3654.0;3653.75
2022.09.30 15:50:05;1664553005704;3655.75;1;1;0;3654.0;3653.75
2022.09.30 15:50:05;1664553005704;3655.75;1;1;0;3654.0;3653.75
2022.09.30 15:50:05;1664553005704;3655.75;1;1;0;3654.0;3653.75
2022.09.30 15:50:05;1664553005704;3655.75;3;1;0;3654.0;3653.75
2022.09.30 15:50:05;1664553005704;3655.75;3;0;0;3654.0;3653.75
2022.09.30 15:50:05;1664553005714;3655.75;1;0;1;3654.0;3653.75
2022.09.30 15:50:05;1664553005714;3655.75;1;0;1;3654.0;3653.75
2022.09.30 15:50:05;1664553005755;3656.0;1;1;0;3654.0;3653.75
2022.09.30 15:50:05;1664553005784;3655.75;1;0;1;3654.0;3653.75
2022.09.30 15:50:05;1664553005792;3655.75;1;0;1;3654.0;3653.75
2022.09.30 15:50:05;1664553005815;3655.75;2;0;1;3654.0;3653.75
2022.09.30 15:50:05;1664553005832;3655.75;1;0;1;3654.0;3653.75
2022.09.30 15:50:05;1664553005868;3655.75;2;0;1;3654.0;3653.75
2022.09.30 15:50:05;1664553005901;3655.75;1;0;1;3654.0;3653.75
2022.09.30 15:50:05;1664553005909;3655.75;1;0;1;3654.0;3653.75
2022.09.30 15:50:05;1664553005995;3656.0;1;1;0;3654.0;3653.75
2022.09.30 15:50:05;1664553005995;3656.0;1;1;0;3654.0;3653.75
2022.09.30 15:50:05;1664553005995;3656.0;1;1;0;3654.0;3653.75
2022.09.30 15:50:05;1664553005995;3656.0;2;1;0;3654.0;3653.75
2022.09.30 15:50:05;1664553005995;3656.0;1;1;0;3654.0;3653.75
2022.09.30 15:50:05;1664553005996;3656.0;1;1;0;3654.0;3653.75
2022.09.30 15:50:05;1664553005996;3656.0;1;1;0;3654.0;3653.75
2022.09.30 15:50:05;1664553005996;3656.0;3;1;0;3654.0;3653.75
2022.09.30 15:50:05;1664553005996;3656.0;1;1;0;3654.0;3653.75
2022.09.30 15:50:05;1664553005996;3656.0;1;1;0;3654.0;3653.75
2022.09.30 15:50:05;1664553005996;3656.0;2;1;0;3654.0;3653.75
2022.09.30 15:50:05;1664553005996;3656.0;1;1;0;3654.0;3653.75
2022.09.30 15:50:05;1664553005996;3656.0;2;1;0;3654.0;3653.75
2022.09.30 15:50:05;1664553005996;3656.0;1;1;0;3654.0;3653.75
2022.09.30 15:50:05;1664553005996;3656.0;2;1;0;3654.0;3653.75
2022.09.30 15:50:05;1664553005996;3656.0;2;1;0;3654.0;3653.75
2022.09.30 15:50:05;1664553005996;3656.0;3;1;0;3654.0;3653.75
2022.09.30 15:50:05;1664553005996;3656.0;8;1;0;3654.0;3653.75
2022.09.30 15:50:05;1664553005996;3656.0;2;1;0;3654.0;3653.75
2022.09.30 15:50:05;1664553005996;3656.0;2;1;0;3654.0;3653.75
2022.09.30 15:50:05;1664553005996;3656.0;8;1;0;3654.0;3653.75
2022.09.30 15:50:05;1664553005996;3656.0;1;1;0;3654.0;3653.75
2022.09.30 15:50:05;1664553005996;3656.0;2;1;0;3654.0;3653.75
2022.09.30 15:50:05;1664553005996;3656.0;4;1;0;3654.0;3653.75
2022.09.30 15:50:05;1664553005997;3656.0;4;0;0;3654.0;3653.75
2022.09.30 15:50:06;1664553006001;3656.0;4;0;1;3654.0;3653.75
2022.09.30 15:50:06;1664553006001;3656.0;1;0;1;3654.0;3653.75
2022.09.30 15:50:06;1664553006001;3656.0;1;0;1;3654.0;3653.75
2022.09.30 15:50:06;1664553006001;3656.0;1;0;1;3654.0;3653.75
2022.09.30 15:50:06;1664553006001;3656.0;2;0;1;3654.0;3653.75
2022.09.30 15:50:06;1664553006001;3656.0;1;0;1;3654.0;3653.75
2022.09.30 15:50:06;1664553006001;3656.0;1;0;1;3654.0;3653.75
2022.09.30 15:50:06;1664553006001;3656.0;1;0;1;3654.0;3653.75
2022.09.30 15:50:06;1664553006001;3656.0;3;0;1;3654.0;3653.75
2022.09.30 15:50:06;1664553006001;3656.0;3;0;1;3654.0;3653.75
2022.09.30 15:50:06;1664553006002;3656.0;1;0;1;3654.0;3653.75
2022.09.30 15:50:06;1664553006002;3656.0;1;0;1;3654.0;3653.75
2022.09.30 15:50:06;1664553006002;3656.0;1;1;0;3654.0;3653.75
2022.09.30 15:50:06;1664553006002;3656.0;1;1;0;3654.0;3653.75
2022.09.30 15:50:06;1664553006002;3656.0;6;1;0;3654.0;3653.75
2022.09.30 15:50:06;1664553006002;3656.0;1;1;0;3654.0;3653.75
2022.09.30 15:50:06;1664553006002;3656.0;1;1;0;3654.0;3653.75
2022.09.30 15:50:06;1664553006002;3656.0;1;1;0;3654.0;3653.75
2022.09.30 15:50:06;1664553006003;3656.0;2;1;0;3654.0;3653.75
2022.09.30 15:50:06;1664553006003;3656.0;1;1;0;3654.0;3653.75
2022.09.30 15:50:06;1664553006005;3656.0;1;1;0;3654.0;3653.75
2022.09.30 15:50:06;1664553006005;3656.0;1;1;0;3654.0;3653.75
2022.09.30 15:50:06;1664553006005;3656.0;1;0;1;3654.0;3653.75
2022.09.30 15:50:06;1664553006014;3656.0;4;0;1;3654.0;3653.75
2022.09.30 15:50:06;1664553006015;3656.0;1;0;1;3654.0;3653.75
2022.09.30 15:50:06;1664553006015;3656.0;1;0;1;3654.0;3653.75
2022.09.30 15:50:06;1664553006024;3656.0;2;1;0;3654.0;3653.75
2022.09.30 15:50:06;1664553006024;3656.0;2;0;0;3654.0;3653.75
2022.09.30 15:50:06;1664553006024;3656.0;3;1;0;3654.0;3653.75
2022.09.30 15:50:06;1664553006024;3656.0;1;1;0;3654.0;3653.75
2022.09.30 15:50:06;1664553006024;3656.0;1;1;0;3654.0;3653.75
2022.09.30 15:50:06;1664553006024;3656.0;1;1;0;3654.0;3653.75
2022.09.30 15:50:06;1664553006024;3656.0;1;1;0;3654.0;3653.75
2022.09.30 15:50:06;1664553006024;3656.0;1;0;0;3654.0;3653.75
2022.09.30 15:50:06;1664553006024;3656.0;1;0;0;3654.0;3653.75
2022.09.30 15:50:06;1664553006090;3656.25;1;1;0;3654.0;3653.75
2022.09.30 15:50:06;1664553006090;3656.25;1;1;0;3654.0;3653.75
2022.09.30 15:50:06;1664553006090;3656.25;1;1;0;3654.0;3653.75
2022.09.30 15:50:06;1664553006090;3656.25;1;1;0;3654.0;3653.75
2022.09.30 15:50:06;1664553006090;3656.25;4;1;0;3654.0;3653.75
2022.09.30 15:50:06;1664553006090;3656.25;1;1;0;3654.0;3653.75
2022.09.30 15:50:06;1664553006090;3656.25;1;1;0;3654.0;3653.75
2022.09.30 15:50:06;1664553006090;3656.25;1;1;0;3654.0;3653.75
2022.09.30 15:50:06;1664553006090;3656.25;1;1;0;3654.0;3653.75
2022.09.30 15:50:06;1664553006090;3656.25;1;1;0;3654.0;3653.75
2022.09.30 15:50:06;1664553006223;3656.0;5;0;1;3654.0;3653.75
2022.09.30 15:50:06;1664553006223;3656.0;1;0;1;3654.0;3653.75
2022.09.30 15:50:06;1664553006223;3656.0;1;0;1;3654.0;3653.75
2022.09.30 15:50:06;1664553006223;3656.0;1;0;1;3654.0;3653.75
2022.09.30 15:50:06;1664553006223;3656.0;1;0;1;3654.0;3653.75
2022.09.30 15:50:06;1664553006223;3656.0;1;0;1;3654.0;3653.75
2022.09.30 15:50:06;1664553006223;3656.0;1;0;1;3654.0;3653.75
2022.09.30 15:50:06;1664553006223;3656.0;4;0;1;3654.0;3653.75
2022.09.30 15:50:06;1664553006275;3656.25;1;1;0;3654.0;3653.75
2022.09.30 15:50:06;1664553006361;3656.25;1;1;0;3654.0;3653.75
2022.09.30 15:50:06;1664553006393;3656.0;1;0;1;3654.0;3653.75
2022.09.30 15:50:06;1664553006424;3656.25;1;1;0;3654.0;3653.75
2022.09.30 15:50:06;1664553006424;3656.25;1;1;0;3654.0;3653.75
2022.09.30 15:50:06;1664553006455;3656.0;1;0;1;3654.0;3653.75
2022.09.30 15:50:06;1664553006455;3656.0;1;0;1;3654.0;3653.75
2022.09.30 15:50:06;1664553006456;3656.0;1;0;1;3654.0;3653.75
2022.09.30 15:50:06;1664553006456;3656.0;1;0;1;3654.0;3653.75
2022.09.30 15:50:06;1664553006456;3656.0;1;0;1;3654.0;3653.75
2022.09.30 15:50:06;1664553006458;3656.0;1;0;0;3654.0;3653.75
2022.09.30 15:50:06;1664553006468;3656.0;1;1;0;3654.0;3653.75
2022.09.30 15:50:06;1664553006486;3656.0;1;1;0;3654.0;3653.75
2022.09.30 15:50:06;1664553006486;3656.0;1;1;0;3654.0;3653.75
2022.09.30 15:50:06;1664553006486;3656.0;1;0;1;3654.0;3653.75
2022.09.30 15:50:06;1664553006486;3656.0;1;0;1;3654.0;3653.75
2022.09.30 15:50:06;1664553006486;3656.0;1;0;0;3654.0;3653.75
2022.09.30 15:50:06;1664553006486;3656.0;1;0;0;3654.0;3653.75
2022.09.30 15:50:06;1664553006487;3656.0;1;1;0;3654.0;3653.75
2022.09.30 15:50:06;1664553006489;3656.0;1;1;0;3654.0;3653.75
2022.09.30 15:50:06;1664553006499;3656.0;1;0;0;3654.0;3653.75
2022.09.30 15:50:06;1664553006499;3656.0;1;0;0;3654.0;3653.75
2022.09.30 15:50:06;1664553006524;3656.0;1;1;0;3654.0;3653.75
2022.09.30 15:50:06;1664553006524;3656.0;1;1;0;3654.0;3653.75
2022.09.30 15:50:06;1664553006677;3656.0;1;1;0;3654.0;3653.75
2022.09.30 15:50:06;1664553006701;3656.0;1;1;0;3654.0;3653.75
2022.09.30 15:50:06;1664553006701;3656.0;1;1;0;3654.0;3653.75
2022.09.30 15:50:06;1664553006779;3655.75;4;0;1;3654.0;3653.75
2022.09.30 15:50:06;1664553006779;3655.75;2;0;1;3654.0;3653.75
2022.09.30 15:50:06;1664553006880;3656.0;1;1;0;3654.0;3653.75
2022.09.30 15:50:06;1664553006964;3656.0;1;1;0;3654.0;3653.75
2022.09.30 15:50:06;1664553006964;3656.0;1;1;0;3654.0;3653.75
2022.09.30 15:50:06;1664553006964;3656.0;2;1;0;3654.0;3653.75
2022.09.30 15:50:06;1664553006964;3656.0;1;1;0;3654.0;3653.75
2022.09.30 15:50:06;1664553006964;3656.0;3;1;0;3654.0;3653.75
2022.09.30 15:50:06;1664553006964;3656.0;1;1;0;3654.0;3653.75
2022.09.30 15:50:06;1664553006965;3656.0;1;1;0;3654.0;3653.75
2022.09.30 15:50:06;1664553006965;3656.0;2;1;0;3654.0;3653.75
2022.09.30 15:50:06;1664553006965;3656.0;1;1;0;3654.0;3653.75
2022.09.30 15:50:06;1664553006965;3656.0;1;1;0;3654.0;3653.75
2022.09.30 15:50:06;1664553006965;3656.0;1;0;0;3654.0;3653.75
2022.09.30 15:50:06;1664553006992;3656.0;1;0;1;3654.0;3653.75
2022.09.30 15:50:06;1664553006993;3656.0;1;0;1;3654.0;3653.75
2022.09.30 15:50:06;1664553006993;3656.0;1;0;1;3654.0;3653.75
2022.09.30 15:50:06;1664553006993;3656.0;1;0;1;3654.0;3653.75
2022.09.30 15:50:06;1664553006993;3656.0;1;0;1;3654.0;3653.75
2022.09.30 15:50:06;1664553006993;3656.0;1;0;1;3654.0;3653.75
2022.09.30 15:50:06;1664553006993;3656.0;1;0;0;3654.0;3653.75
2022.09.30 15:50:07;1664553007001;3656.0;1;1;0;3654.0;3653.75
2022.09.30 15:50:07;1664553007071;3656.0;1;1;0;3654.0;3653.75
2022.09.30 15:50:07;1664553007110;3656.0;1;1;0;3654.0;3653.75
2022.09.30 15:50:07;1664553007110;3656.0;1;1;0;3654.0;3653.75
2022.09.30 15:50:07;1664553007430;3655.75;1;0;1;3654.0;3653.75
2022.09.30 15:50:07;1664553007430;3655.75;1;0;1;3654.0;3653.75
2022.09.30 15:50:07;1664553007430;3655.75;1;0;1;3654.0;3653.75
2022.09.30 15:50:07;1664553007430;3655.75;1;0;1;3654.0;3653.75
2022.09.30 15:50:07;1664553007431;3655.75;1;0;1;3654.0;3653.75
2022.09.30 15:50:07;1664553007431;3655.75;1;0;1;3654.0;3653.75
2022.09.30 15:50:07;1664553007431;3655.75;1;0;1;3654.0;3653.75
2022.09.30 15:50:07;1664553007431;3655.75;1;0;1;3654.0;3653.75
2022.09.30 15:50:07;1664553007431;3655.75;1;0;1;3654.0;3653.75
2022.09.30 15:50:07;1664553007431;3655.75;1;0;1;3654.0;3653.75
2022.09.30 15:50:07;1664553007431;3655.75;1;0;1;3654.0;3653.75
2022.09.30 15:50:07;1664553007431;3655.75;1;0;0;3654.0;3653.75
2022.09.30 15:50:07;1664553007432;3655.75;3;0;1;3654.0;3653.75
2022.09.30 15:50:07;1664553007432;3655.75;3;0;0;3654.0;3653.75
2022.09.30 15:50:07;1664553007432;3655.75;3;0;0;3654.0;3653.75
2022.09.30 15:50:07;1664553007448;3655.75;1;1;0;3654.0;3653.75
2022.09.30 15:50:07;1664553007448;3655.75;1;1;0;3654.0;3653.75
2022.09.30 15:50:07;1664553007449;3655.75;1;0;0;3654.0;3653.75
2022.09.30 15:50:07;1664553007500;3655.75;1;0;1;3654.0;3653.75
2022.09.30 15:50:07;1664553007668;3655.75;1;0;1;3654.0;3653.75
2022.09.30 15:50:07;1664553007727;3655.75;1;0;1;3654.0;3653.75
2022.09.30 15:50:07;1664553007747;3655.75;1;0;1;3654.0;3653.75
2022.09.30 15:50:07;1664553007747;3655.75;1;0;1;3654.0;3653.75
2022.09.30 15:50:07;1664553007776;3655.75;1;0;1;3654.0;3653.75
2022.09.30 15:50:07;1664553007884;3655.75;1;0;1;3654.0;3653.75
2022.09.30 15:50:08;1664553008082;3656.0;3;1;0;3654.0;3653.75
2022.09.30 15:50:08;1664553008082;3656.0;12;1;0;3654.0;3653.75
2022.09.30 15:50:08;1664553008082;3656.0;5;1;0;3654.0;3653.75
2022.09.30 15:50:08;1664553008082;3656.0;1;1;0;3654.0;3653.75
2022.09.30 15:50:08;1664553008082;3656.0;3;1;0;3654.0;3653.75
2022.09.30 15:50:08;1664553008082;3656.0;1;1;0;3654.0;3653.75
2022.09.30 15:50:08;1664553008082;3656.0;1;1;0;3654.0;3653.75
2022.09.30 15:50:08;1664553008082;3656.0;1;0;0;3654.0;3653.75
2022.09.30 15:50:08;1664553008111;3656.0;1;0;1;3654.0;3653.75
2022.09.30 15:50:08;1664553008111;3656.0;1;0;1;3654.0;3653.75
2022.09.30 15:50:08;1664553008111;3656.0;1;0;1;3654.0;3653.75
2022.09.30 15:50:08;1664553008111;3656.0;1;0;1;3654.0;3653.75
2022.09.30 15:50:08;1664553008111;3656.0;1;0;1;3654.0;3653.75
2022.09.30 15:50:08;1664553008111;3656.0;1;0;1;3654.0;3653.75
2022.09.30 15:50:08;1664553008111;3656.0;1;0;1;3654.0;3653.75
2022.09.30 15:50:08;1664553008111;3656.0;1;0;1;3654.0;3653.75
2022.09.30 15:50:08;1664553008111;3656.0;1;0;1;3654.0;3653.75
2022.09.30 15:50:08;1664553008111;3656.0;1;0;0;3654.0;3653.75
2022.09.30 15:50:08;1664553008553;3656.0;1;1;0;3654.0;3653.75
2022.09.30 15:50:08;1664553008566;3655.75;2;0;1;3654.0;3653.75
2022.09.30 15:50:08;1664553008566;3655.75;1;0;1;3654.0;3653.75
2022.09.30 15:50:08;1664553008566;3655.75;1;0;1;3654.0;3653.75
2022.09.30 15:50:08;1664553008911;3655.75;1;0;1;3654.0;3653.75
2022.09.30 15:50:08;1664553008944;3656.0;1;1;0;3654.0;3653.75
2022.09.30 15:50:09;1664553009065;3655.75;1;0;1;3654.0;3653.75
2022.09.30 15:50:09;1664553009065;3656.0;1;1;0;3654.0;3653.75
2022.09.30 15:50:09;1664553009065;3656.0;1;1;0;3654.0;3653.75
2022.09.30 15:50:09;1664553009065;3656.0;1;1;0;3654.0;3653.75
2022.09.30 15:50:09;1664553009065;3656.0;1;1;0;3654.0;3653.75
2022.09.30 15:50:09;1664553009065;3656.0;1;1;0;3654.0;3653.75
2022.09.30 15:50:09;1664553009065;3656.0;1;1;0;3654.0;3653.75
2022.09.30 15:50:09;1664553009065;3656.0;2;1;0;3654.0;3653.75
2022.09.30 15:50:09;1664553009065;3656.0;2;0;0;3654.0;3653.75
2022.09.30 15:50:09;1664553009074;3656.0;1;0;1;3654.0;3653.75
2022.09.30 15:50:09;1664553009074;3656.0;1;0;1;3654.0;3653.75
2022.09.30 15:50:09;1664553009074;3656.0;1;0;1;3654.0;3653.75
2022.09.30 15:50:09;1664553009074;3656.0;1;0;1;3654.0;3653.75
2022.09.30 15:50:09;1664553009074;3656.0;1;0;1;3654.0;3653.75
2022.09.30 15:50:09;1664553009074;3656.0;2;0;1;3654.0;3653.75
2022.09.30 15:50:09;1664553009074;3656.0;1;0;1;3654.0;3653.75
2022.09.30 15:50:09;1664553009074;3656.0;1;0;1;3654.0;3653.75
2022.09.30 15:50:09;1664553009074;3656.0;1;0;0;3654.0;3653.75
2022.09.30 15:50:09;1664553009119;3655.75;1;0;1;3654.0;3653.75
2022.09.30 15:50:09;1664553009119;3655.75;1;0;1;3654.0;3653.75
2022.09.30 15:50:09;1664553009130;3656.0;1;1;0;3654.0;3653.75
2022.09.30 15:50:09;1664553009130;3656.0;1;1;0;3654.0;3653.75
2022.09.30 15:50:09;1664553009130;3656.0;3;1;0;3654.0;3653.75
2022.09.30 15:50:09;1664553009130;3656.0;1;1;0;3654.0;3653.75
2022.09.30 15:50:09;1664553009130;3656.0;1;0;1;3654.0;3653.75
2022.09.30 15:50:09;1664553009131;3656.0;1;0;0;3654.0;3653.75
2022.09.30 15:50:09;1664553009131;3656.0;1;0;1;3654.0;3653.75
2022.09.30 15:50:09;1664553009132;3656.0;1;0;0;3654.0;3653.75
2022.09.30 15:50:09;1664553009252;3656.0;1;1;0;3654.0;3653.75
2022.09.30 15:50:09;1664553009252;3656.0;1;1;0;3654.0;3653.75
2022.09.30 15:50:09;1664553009252;3656.0;1;1;0;3654.0;3653.75
2022.09.30 15:50:09;1664553009252;3656.0;1;1;0;3654.0;3653.75
2022.09.30 15:50:09;1664553009252;3656.0;1;0;0;3654.0;3653.75
2022.09.30 15:50:09;1664553009255;3656.0;3;0;1;3654.0;3653.75
2022.09.30 15:50:09;1664553009255;3656.0;2;0;1;3654.0;3653.75
2022.09.30 15:50:09;1664553009255;3656.0;1;0;1;3654.0;3653.75
2022.09.30 15:50:09;1664553009255;3656.0;1;1;0;3654.0;3653.75
2022.09.30 15:50:09;1664553009257;3656.0;1;0;0;3654.0;3653.75
2022.09.30 15:50:09;1664553009565;3656.0;1;1;0;3654.0;3653.75
2022.09.30 15:50:09;1664553009565;3655.75;1;0;1;3654.0;3653.75
2022.09.30 15:50:09;1664553009565;3655.75;1;0;1;3654.0;3653.75
2022.09.30 15:50:09;1664553009565;3655.75;1;0;1;3654.0;3653.75
2022.09.30 15:50:09;1664553009565;3655.75;1;0;1;3654.0;3653.75
2022.09.30 15:50:09;1664553009565;3655.75;1;0;1;3654.0;3653.75
2022.09.30 15:50:09;1664553009565;3655.75;1;0;1;3654.0;3653.75
2022.09.30 15:50:09;1664553009565;3655.75;1;0;1;3654.0;3653.75
2022.09.30 15:50:09;1664553009565;3655.75;1;0;1;3654.0;3653.75
2022.09.30 15:50:09;1664553009565;3655.75;2;0;1;3654.0;3653.75
2022.09.30 15:50:09;1664553009565;3655.75;1;0;1;3654.0;3653.75
2022.09.30 15:50:09;1664553009566;3655.75;1;0;1;3654.0;3653.75
2022.09.30 15:50:09;1664553009566;3655.75;1;0;1;3654.0;3653.75
2022.09.30 15:50:09;1664553009712;3655.75;1;0;1;3654.0;3653.75
2022.09.30 15:50:09;1664553009722;3655.75;2;0;1;3654.0;3653.75
2022.09.30 15:50:09;1664553009722;3655.75;1;0;1;3654.0;3653.75
2022.09.30 15:50:09;1664553009722;3655.75;2;0;1;3654.0;3653.75
2022.09.30 15:50:09;1664553009722;3655.75;1;0;1;3654.0;3653.75
2022.09.30 15:50:09;1664553009723;3655.75;1;0;1;3654.0;3653.75
2022.09.30 15:50:09;1664553009723;3655.75;1;0;0;3654.0;3653.75
2022.09.30 15:50:09;1664553009732;3655.5;1;0;1;3654.0;3653.75
2022.09.30 15:50:09;1664553009732;3655.5;1;0;1;3654.0;3653.75
2022.09.30 15:50:09;1664553009733;3655.5;2;0;1;3654.0;3653.75
2022.09.30 15:50:09;1664553009733;3655.5;1;0;1;3654.0;3653.75
2022.09.30 15:50:09;1664553009735;3655.75;5;1;0;3654.0;3653.75
2022.09.30 15:50:09;1664553009735;3655.75;1;1;0;3654.0;3653.75
2022.09.30 15:50:09;1664553009735;3655.75;1;1;0;3654.0;3653.75
2022.09.30 15:50:09;1664553009735;3655.75;1;1;0;3654.0;3653.75
2022.09.30 15:50:09;1664553009735;3655.75;1;1;0;3654.0;3653.75
2022.09.30 15:50:09;1664553009736;3655.75;3;1;0;3654.0;3653.75
2022.09.30 15:50:09;1664553009736;3655.75;1;1;0;3654.0;3653.75
2022.09.30 15:50:09;1664553009736;3655.75;2;1;0;3654.0;3653.75
2022.09.30 15:50:09;1664553009736;3655.75;1;1;0;3654.0;3653.75
2022.09.30 15:50:09;1664553009736;3655.75;1;1;0;3654.0;3653.75
2022.09.30 15:50:09;1664553009737;3655.75;1;0;0;3654.0;3653.75
2022.09.30 15:50:09;1664553009738;3655.75;5;1;0;3654.0;3653.75
2022.09.30 15:50:09;1664553009738;3655.75;1;1;0;3654.0;3653.75
2022.09.30 15:50:09;1664553009738;3655.75;1;1;0;3654.0;3653.75
2022.09.30 15:50:09;1664553009738;3655.75;3;1;0;3654.0;3653.75
2022.09.30 15:50:09;1664553009738;3655.75;1;1;0;3654.0;3653.75
2022.09.30 15:50:09;1664553009738;3655.75;1;1;0;3654.0;3653.75
2022.09.30 15:50:09;1664553009738;3655.75;1;1;0;3654.0;3653.75
2022.09.30 15:50:09;1664553009738;3655.75;1;0;0;3654.0;3653.75
2022.09.30 15:50:09;1664553009738;3655.75;1;1;0;3654.0;3653.75
2022.09.30 15:50:09;1664553009738;3655.75;2;1;0;3654.0;3653.75
2022.09.30 15:50:09;1664553009738;3655.75;1;1;0;3654.0;3653.75
2022.09.30 15:50:09;1664553009738;3655.75;1;0;0;3654.0;3653.75
2022.09.30 15:50:09;1664553009739;3655.75;1;0;0;3654.0;3653.75
2022.09.30 15:50:09;1664553009747;3655.75;1;0;1;3654.0;3653.75
2022.09.30 15:50:09;1664553009747;3655.75;1;0;1;3654.0;3653.75
2022.09.30 15:50:09;1664553009747;3655.75;2;0;1;3654.0;3653.75
2022.09.30 15:50:09;1664553009747;3655.75;1;0;1;3654.0;3653.75
2022.09.30 15:50:09;1664553009747;3655.75;1;0;1;3654.0;3653.75
2022.09.30 15:50:09;1664553009747;3655.75;1;0;1;3654.0;3653.75
2022.09.30 15:50:09;1664553009747;3655.75;9;0;1;3654.0;3653.75
2022.09.30 15:50:09;1664553009747;3655.75;9;0;0;3654.0;3653.75
2022.09.30 15:50:09;1664553009749;3655.75;1;1;0;3654.0;3653.75
2022.09.30 15:50:09;1664553009749;3655.75;1;1;0;3654.0;3653.75
2022.09.30 15:50:09;1664553009749;3655.75;1;1;0;3654.0;3653.75
2022.09.30 15:50:09;1664553009749;3655.75;1;1;0;3654.0;3653.75
2022.09.30 15:50:09;1664553009749;3655.75;1;1;0;3654.0;3653.75
2022.09.30 15:50:09;1664553009749;3655.75;1;1;0;3654.0;3653.75
2022.09.30 15:50:09;1664553009749;3655.75;1;1;0;3654.0;3653.75
2022.09.30 15:50:09;1664553009749;3655.75;1;1;0;3654.0;3653.75
2022.09.30 15:50:09;1664553009749;3655.75;1;1;0;3654.0;3653.75
2022.09.30 15:50:09;1664553009749;3655.75;3;1;0;3654.0;3653.75
2022.09.30 15:50:09;1664553009749;3655.75;3;0;0;3654.0;3653.75
2022.09.30 15:50:09;1664553009749;3655.75;1;0;1;3654.0;3653.75
2022.09.30 15:50:09;1664553009749;3655.75;1;0;0;3654.0;3653.75
2022.09.30 15:50:09;1664553009749;3655.75;1;0;1;3654.0;3653.75
2022.09.30 15:50:09;1664553009750;3655.75;1;0;1;3654.0;3653.75
2022.09.30 15:50:09;1664553009750;3655.75;1;0;1;3654.0;3653.75
2022.09.30 15:50:09;1664553009750;3655.75;2;0;1;3654.0;3653.75
2022.09.30 15:50:09;1664553009750;3655.75;1;0;1;3654.0;3653.75
2022.09.30 15:50:09;1664553009750;3655.75;1;0;1;3654.0;3653.75
2022.09.30 15:50:09;1664553009765;3655.5;1;0;1;3654.0;3653.75
2022.09.30 15:50:09;1664553009765;3655.5;1;0;1;3654.0;3653.75
2022.09.30 15:50:09;1664553009765;3655.5;1;0;1;3654.0;3653.75
2022.09.30 15:50:09;1664553009765;3655.5;1;0;1;3654.0;3653.75
2022.09.30 15:50:09;1664553009765;3655.5;1;0;1;3654.0;3653.75
2022.09.30 15:50:09;1664553009765;3655.5;5;0;1;3654.0;3653.75
2022.09.30 15:50:09;1664553009765;3655.5;4;0;1;3654.0;3653.75
2022.09.30 15:50:09;1664553009765;3655.5;1;0;1;3654.0;3653.75
2022.09.30 15:50:09;1664553009765;3655.5;1;0;1;3654.0;3653.75
2022.09.30 15:50:09;1664553009765;3655.5;2;0;1;3654.0;3653.75
2022.09.30 15:50:09;1664553009765;3655.5;5;0;1;3654.0;3653.75
2022.09.30 15:50:09;1664553009765;3655.5;3;0;1;3654.0;3653.75
2022.09.30 15:50:09;1664553009765;3655.5;1;0;1;3654.0;3653.75
2022.09.30 15:50:09;1664553009765;3655.5;1;0;1;3654.0;3653.75
2022.09.30 15:50:09;1664553009765;3655.5;1;0;1;3654.0;3653.75
2022.09.30 15:50:09;1664553009766;3655.5;2;0;1;3654.0;3653.75
2022.09.30 15:50:09;1664553009766;3655.5;1;0;1;3654.0;3653.75
2022.09.30 15:50:09;1664553009766;3655.5;1;0;1;3654.0;3653.75
2022.09.30 15:50:09;1664553009766;3655.5;1;0;1;3654.0;3653.75
2022.09.30 15:50:09;1664553009766;3655.5;1;0;1;3654.0;3653.75
2022.09.30 15:50:09;1664553009766;3655.5;1;0;1;3654.0;3653.75
2022.09.30 15:50:09;1664553009766;3655.5;4;0;1;3654.0;3653.75
2022.09.30 15:50:09;1664553009766;3655.5;1;0;1;3654.0;3653.75
2022.09.30 15:50:09;1664553009766;3655.5;1;0;1;3654.0;3653.75
2022.09.30 15:50:09;1664553009907;3655.5;1;0;1;3654.0;3653.75
2022.09.30 15:50:09;1664553009911;3655.75;1;1;0;3654.0;3653.75
2022.09.30 15:50:09;1664553009941;3655.75;2;1;0;3654.0;3653.75
2022.09.30 15:50:09;1664553009955;3655.5;1;0;1;3654.0;3653.75
2022.09.30 15:50:09;1664553009955;3655.5;2;0;1;3654.0;3653.75
2022.09.30 15:50:10;1664553010079;3655.75;2;1;0;3654.0;3653.75
2022.09.30 15:50:10;1664553010079;3655.75;2;1;0;3654.0;3653.75
2022.09.30 15:50:10;1664553010079;3655.75;2;1;0;3654.0;3653.75
2022.09.30 15:50:10;1664553010079;3655.75;1;1;0;3654.0;3653.75
2022.09.30 15:50:10;1664553010079;3655.75;1;1;0;3654.0;3653.75
2022.09.30 15:50:10;1664553010080;3655.75;1;1;0;3654.0;3653.75
2022.09.30 15:50:10;1664553010080;3655.75;1;1;0;3654.0;3653.75
2022.09.30 15:50:10;1664553010082;3655.75;1;1;0;3654.0;3653.75
2022.09.30 15:50:10;1664553010082;3655.75;1;1;0;3654.0;3653.75
2022.09.30 15:50:10;1664553010082;3655.75;3;1;0;3654.0;3653.75
2022.09.30 15:50:10;1664553010082;3655.75;1;1;0;3654.0;3653.75
2022.09.30 15:50:10;1664553010082;3655.75;2;1;0;3654.0;3653.75
2022.09.30 15:50:10;1664553010082;3655.75;2;1;0;3654.0;3653.75
2022.09.30 15:50:10;1664553010082;3655.75;1;1;0;3654.0;3653.75
2022.09.30 15:50:10;1664553010082;3655.75;1;1;0;3654.0;3653.75
2022.09.30 15:50:10;1664553010082;3655.75;1;1;0;3654.0;3653.75
2022.09.30 15:50:10;1664553010082;3655.75;1;1;0;3654.0;3653.75
2022.09.30 15:50:10;1664553010082;3655.75;1;1;0;3654.0;3653.75
2022.09.30 15:50:10;1664553010082;3655.75;1;1;0;3654.0;3653.75
2022.09.30 15:50:10;1664553010082;3655.75;1;1;0;3654.0;3653.75
2022.09.30 15:50:10;1664553010082;3655.75;1;1;0;3654.0;3653.75
2022.09.30 15:50:10;1664553010082;3655.75;1;1;0;3654.0;3653.75
2022.09.30 15:50:10;1664553010082;3655.75;1;1;0;3654.0;3653.75
2022.09.30 15:50:10;1664553010082;3655.75;4;1;0;3654.0;3653.75
2022.09.30 15:50:10;1664553010082;3655.75;5;1;0;3654.0;3653.75
2022.09.30 15:50:10;1664553010090;3655.75;1;1;0;3654.0;3653.75
2022.09.30 15:50:10;1664553010122;3655.75;1;1;0;3654.0;3653.75
2022.09.30 15:50:10;1664553010122;3655.75;1;1;0;3654.0;3653.75
2022.09.30 15:50:10;1664553010122;3655.75;3;0;1;3654.0;3653.75
2022.09.30 15:50:10;1664553010122;3655.75;3;0;0;3654.0;3653.75
2022.09.30 15:50:10;1664553010129;3655.75;3;0;0;3654.0;3653.75
2022.09.30 15:50:10;1664553010283;3655.75;6;1;0;3654.0;3653.75
2022.09.30 15:50:10;1664553010283;3655.75;1;1;0;3654.0;3653.75
2022.09.30 15:50:10;1664553010283;3655.75;1;0;1;3654.0;3653.75
2022.09.30 15:50:10;1664553010283;3655.75;1;0;1;3654.0;3653.75
2022.09.30 15:50:10;1664553010283;3655.75;1;0;1;3654.0;3653.75
2022.09.30 15:50:10;1664553010283;3655.75;1;0;0;3654.0;3653.75
2022.09.30 15:50:10;1664553010288;3655.75;1;0;1;3654.0;3653.75
2022.09.30 15:50:10;1664553010288;3655.75;1;0;1;3654.0;3653.75
2022.09.30 15:50:10;1664553010288;3655.75;1;0;1;3654.0;3653.75
2022.09.30 15:50:10;1664553010288;3655.75;1;0;1;3654.0;3653.75
2022.09.30 15:50:10;1664553010288;3655.75;1;0;0;3654.0;3653.75
2022.09.30 15:50:10;1664553010303;3655.75;1;1;0;3654.0;3653.75
2022.09.30 15:50:10;1664553010303;3655.75;1;1;0;3654.0;3653.75
2022.09.30 15:50:10;1664553010303;3655.75;1;1;0;3654.0;3653.75
2022.09.30 15:50:10;1664553010303;3655.75;1;1;0;3654.0;3653.75
2022.09.30 15:50:10;1664553010304;3655.75;1;0;1;3654.0;3653.75
2022.09.30 15:50:10;1664553010304;3655.75;2;0;1;3654.0;3653.75
2022.09.30 15:50:10;1664553010341;3655.75;3;1;0;3654.0;3653.75
2022.09.30 15:50:10;1664553010341;3655.75;3;0;0;3654.0;3653.75
2022.09.30 15:50:10;1664553010451;3656.0;1;1;0;3654.0;3653.75
2022.09.30 15:50:10;1664553010452;3656.0;1;1;0;3654.0;3653.75
2022.09.30 15:50:10;1664553010452;3656.0;1;1;0;3654.0;3653.75
2022.09.30 15:50:10;1664553010452;3656.0;1;1;0;3654.0;3653.75
2022.09.30 15:50:10;1664553010452;3656.0;3;1;0;3654.0;3653.75
2022.09.30 15:50:10;1664553010453;3656.0;3;0;0;3654.0;3653.75
2022.09.30 15:50:10;1664553010482;3656.25;1;1;0;3654.0;3653.75
2022.09.30 15:50:10;1664553010482;3656.25;1;1;0;3654.0;3653.75
2022.09.30 15:50:10;1664553010482;3656.25;1;1;0;3654.0;3653.75
2022.09.30 15:50:10;1664553010482;3656.25;1;1;0;3654.0;3653.75
2022.09.30 15:50:10;1664553010482;3656.25;1;1;0;3654.0;3653.75
2022.09.30 15:50:10;1664553010482;3656.25;2;1;0;3654.0;3653.75
2022.09.30 15:50:10;1664553010482;3656.25;1;1;0;3654.0;3653.75
2022.09.30 15:50:10;1664553010482;3656.25;1;1;0;3654.0;3653.75
2022.09.30 15:50:10;1664553010483;3656.25;1;0;0;3654.0;3653.75
2022.09.30 15:50:10;1664553010484;3656.25;1;0;1;3654.0;3653.75
2022.09.30 15:50:10;1664553010484;3656.25;1;0;1;3654.0;3653.75
2022.09.30 15:50:10;1664553010484;3656.25;1;0;1;3654.0;3653.75
2022.09.30 15:50:10;1664553010484;3656.25;1;0;1;3654.0;3653.75
2022.09.30 15:50:10;1664553010484;3656.25;1;0;1;3654.0;3653.75
2022.09.30 15:50:10;1664553010484;3656.25;1;0;0;3654.0;3653.75
2022.09.30 15:50:10;1664553010487;3656.25;1;1;0;3654.0;3653.75
2022.09.30 15:50:10;1664553010487;3656.25;1;1;0;3654.0;3653.75
2022.09.30 15:50:10;1664553010487;3656.25;1;1;0;3654.0;3653.75
2022.09.30 15:50:10;1664553010487;3656.25;1;1;0;3654.0;3653.75
2022.09.30 15:50:10;1664553010487;3656.25;1;1;0;3654.0;3653.75
2022.09.30 15:50:10;1664553010487;3656.25;1;1;0;3654.0;3653.75
2022.09.30 15:50:10;1664553010487;3656.25;1;0;0;3654.0;3653.75
2022.09.30 15:50:10;1664553010539;3656.5;1;1;0;3654.0;3653.75
2022.09.30 15:50:10;1664553010539;3656.5;1;1;0;3654.0;3653.75
2022.09.30 15:50:10;1664553010539;3656.5;1;1;0;3654.0;3653.75
2022.09.30 15:50:10;1664553010539;3656.5;1;1;0;3654.0;3653.75
2022.09.30 15:50:10;1664553010539;3656.5;1;1;0;3654.0;3653.75
2022.09.30 15:50:10;1664553010539;3656.5;1;1;0;3654.0;3653.75
2022.09.30 15:50:10;1664553010539;3656.5;1;1;0;3654.0;3653.75
2022.09.30 15:50:10;1664553010539;3656.5;1;1;0;3654.0;3653.75
2022.09.30 15:50:10;1664553010539;3656.5;10;1;0;3654.0;3653.75
2022.09.30 15:50:10;1664553010539;3656.5;1;1;0;3654.0;3653.75
2022.09.30 15:50:10;1664553010540;3656.5;1;1;0;3654.0;3653.75
2022.09.30 15:50:10;1664553010540;3656.5;6;1;0;3654.0;3653.75
2022.09.30 15:50:10;1664553010540;3656.5;1;1;0;3654.0;3653.75
2022.09.30 15:50:10;1664553010540;3656.5;3;1;0;3654.0;3653.75
2022.09.30 15:50:10;1664553010540;3656.5;1;1;0;3654.0;3653.75
2022.09.30 15:50:10;1664553010540;3656.5;1;0;0;3654.0;3653.75
2022.09.30 15:50:10;1664553010567;3656.5;4;0;1;3654.0;3653.75
2022.09.30 15:50:10;1664553010567;3656.5;1;0;1;3654.0;3653.75
2022.09.30 15:50:10;1664553010567;3656.5;2;0;1;3654.0;3653.75
2022.09.30 15:50:10;1664553010567;3656.5;3;0;1;3654.0;3653.75
2022.09.30 15:50:10;1664553010567;3656.5;1;0;1;3654.0;3653.75
2022.09.30 15:50:10;1664553010576;3656.5;1;0;0;3654.0;3653.75
2022.09.30 15:50:10;1664553010615;3656.5;1;1;0;3654.0;3653.75
2022.09.30 15:50:10;1664553010615;3656.5;1;1;0;3654.0;3653.75
2022.09.30 15:50:10;1664553010615;3656.5;1;1;0;3654.0;3653.75
2022.09.30 15:50:10;1664553010615;3656.5;1;0;0;3654.0;3653.75
2022.09.30 15:50:10;1664553010635;3656.5;1;0;1;3654.0;3653.75
2022.09.30 15:50:10;1664553010635;3656.5;2;0;1;3654.0;3653.75
2022.09.30 15:50:10;1664553010635;3656.5;1;0;1;3654.0;3653.75
2022.09.30 15:50:10;1664553010635;3656.5;1;0;1;3654.0;3653.75
2022.09.30 15:50:10;1664553010635;3656.5;1;0;1;3654.0;3653.75
2022.09.30 15:50:10;1664553010635;3656.5;2;0;1;3654.0;3653.75
2022.09.30 15:50:10;1664553010636;3656.5;2;0;0;3654.0;3653.75
2022.09.30 15:50:10;1664553010720;3656.5;1;1;0;3654.0;3653.75
2022.09.30 15:50:10;1664553010721;3656.5;1;0;0;3654.0;3653.75
2022.09.30 15:50:10;1664553010741;3656.5;3;0;1;3654.0;3653.75
2022.09.30 15:50:10;1664553010741;3656.5;1;0;1;3654.0;3653.75
2022.09.30 15:50:10;1664553010741;3656.5;1;0;1;3654.0;3653.75
2022.09.30 15:50:10;1664553010741;3656.5;1;0;1;3654.0;3653.75
2022.09.30 15:50:10;1664553010742;3656.5;1;0;0;3654.0;3653.75
2022.09.30 15:50:10;1664553010743;3656.5;1;1;0;3654.0;3653.75
2022.09.30 15:50:10;1664553010743;3656.5;1;1;0;3654.0;3653.75
2022.09.30 15:50:10;1664553010743;3656.5;1;1;0;3654.0;3653.75
2022.09.30 15:50:10;1664553010743;3656.5;1;1;0;3654.0;3653.75
2022.09.30 15:50:10;1664553010743;3656.5;1;1;0;3654.0;3653.75
2022.09.30 15:50:10;1664553010744;3656.5;1;0;0;3654.0;3653.75
2022.09.30 15:50:10;1664553010838;3656.5;1;0;1;3654.0;3653.75
2022.09.30 15:50:10;1664553010838;3656.5;1;0;1;3654.0;3653.75
2022.09.30 15:50:10;1664553010838;3656.5;1;0;1;3654.0;3653.75
2022.09.30 15:50:10;1664553010838;3656.5;1;0;1;3654.0;3653.75
2022.09.30 15:50:10;1664553010838;3656.5;1;0;1;3654.0;3653.75
2022.09.30 15:50:10;1664553010838;3656.5;1;0;0;3654.0;3653.75
2022.09.30 15:50:10;1664553010839;3656.5;1;0;1;3654.0;3653.75
2022.09.30 15:50:10;1664553010839;3656.5;1;0;1;3654.0;3653.75
2022.09.30 15:50:10;1664553010839;3656.5;1;0;1;3654.0;3653.75
2022.09.30 15:50:10;1664553010839;3656.5;1;0;1;3654.0;3653.75
2022.09.30 15:50:10;1664553010839;3656.5;1;0;0;3654.0;3653.75
2022.09.30 15:50:10;1664553010843;3656.5;1;0;0;3654.0;3653.75
2022.09.30 15:50:10;1664553010857;3656.5;1;1;0;3654.0;3653.75
2022.09.30 15:50:10;1664553010860;3656.5;1;0;0;3654.0;3653.75
2022.09.30 15:50:10;1664553010873;3656.5;1;0;0;3654.0;3653.75
2022.09.30 15:50:10;1664553010879;3656.25;1;0;1;3654.0;3653.75
2022.09.30 15:50:10;1664553010879;3656.25;1;0;1;3654.0;3653.75
2022.09.30 15:50:10;1664553010943;3656.5;1;1;0;3654.0;3653.75
2022.09.30 15:50:10;1664553010944;3656.25;1;0;1;3654.0;3653.75
2022.09.30 15:50:10;1664553010945;3656.5;1;1;0;3654.0;3653.75
2022.09.30 15:50:10;1664553010948;3656.5;1;1;0;3654.0;3653.75
2022.09.30 15:50:10;1664553010948;3656.5;1;1;0;3654.0;3653.75
2022.09.30 15:50:10;1664553010949;3656.5;1;1;0;3654.0;3653.75
2022.09.30 15:50:10;1664553010950;3656.5;1;0;0;3654.0;3653.75
2022.09.30 15:50:10;1664553010953;3656.5;1;0;1;3654.0;3653.75
2022.09.30 15:50:10;1664553010953;3656.5;1;0;0;3654.0;3653.75
2022.09.30 15:50:10;1664553010954;3656.5;1;0;1;3654.0;3653.75
2022.09.30 15:50:10;1664553010954;3656.5;1;0;1;3654.0;3653.75
2022.09.30 15:50:10;1664553010954;3656.5;1;0;0;3654.0;3653.75
2022.09.30 15:50:11;1664553011008;3656.25;1;0;1;3654.0;3653.75
2022.09.30 15:50:11;1664553011008;3656.25;1;0;1;3654.0;3653.75
2022.09.30 15:50:11;1664553011105;3656.5;1;1;0;3654.0;3653.75
2022.09.30 15:50:11;1664553011105;3656.5;1;1;0;3654.0;3653.75
2022.09.30 15:50:11;1664553011105;3656.5;1;0;0;3654.0;3653.75
2022.09.30 15:50:11;1664553011106;3656.5;1;0;1;3654.0;3653.75
2022.09.30 15:50:11;1664553011106;3656.5;1;0;1;3654.0;3653.75
2022.09.30 15:50:11;1664553011106;3656.5;1;0;1;3654.0;3653.75
2022.09.30 15:50:11;1664553011106;3656.5;1;0;0;3654.0;3653.75
2022.09.30 15:50:11;1664553011107;3656.5;1;1;0;3654.0;3653.75
2022.09.30 15:50:11;1664553011119;3656.5;1;1;0;3654.0;3653.75
2022.09.30 15:50:11;1664553011119;3656.5;1;1;0;3654.0;3653.75
2022.09.30 15:50:11;1664553011119;3656.5;1;1;0;3654.0;3653.75
2022.09.30 15:50:11;1664553011119;3656.5;1;1;0;3654.0;3653.75
2022.09.30 15:50:11;1664553011119;3656.5;1;0;0;3654.0;3653.75
2022.09.30 15:50:11;1664553011127;3656.5;1;0;1;3654.0;3653.75
2022.09.30 15:50:11;1664553011127;3656.5;2;0;1;3654.0;3653.75
2022.09.30 15:50:11;1664553011127;3656.5;1;0;1;3654.0;3653.75
2022.09.30 15:50:11;1664553011127;3656.5;1;0;1;3654.0;3653.75
2022.09.30 15:50:11;1664553011127;3656.5;1;0;0;3654.0;3653.75
2022.09.30 15:50:11;1664553011177;3656.25;1;0;1;3654.0;3653.75
2022.09.30 15:50:11;1664553011185;3656.5;5;1;0;3654.0;3653.75
2022.09.30 15:50:11;1664553011185;3656.5;1;1;0;3654.0;3653.75
2022.09.30 15:50:11;1664553011185;3656.5;1;1;0;3654.0;3653.75
2022.09.30 15:50:11;1664553011185;3656.5;4;1;0;3654.0;3653.75
2022.09.30 15:50:11;1664553011185;3656.5;4;1;0;3654.0;3653.75
2022.09.30 15:50:11;1664553011185;3656.5;1;1;0;3654.0;3653.75
2022.09.30 15:50:11;1664553011185;3656.5;1;1;0;3654.0;3653.75
2022.09.30 15:50:11;1664553011185;3656.5;1;1;0;3654.0;3653.75
2022.09.30 15:50:11;1664553011186;3656.5;1;0;0;3654.0;3653.75
2022.09.30 15:50:11;1664553011187;3656.5;1;0;1;3654.0;3653.75
2022.09.30 15:50:11;1664553011187;3656.5;1;0;1;3654.0;3653.75
2022.09.30 15:50:11;1664553011187;3656.5;1;0;1;3654.0;3653.75
2022.09.30 15:50:11;1664553011187;3656.5;1;0;1;3654.0;3653.75
2022.09.30 15:50:11;1664553011187;3656.5;1;0;1;3654.0;3653.75
2022.09.30 15:50:11;1664553011187;3656.5;1;0;0;3654.0;3653.75
2022.09.30 15:50:11;1664553011285;3656.5;1;1;0;3654.0;3653.75
2022.09.30 15:50:11;1664553011359;3656.25;1;0;1;3654.0;3653.75
2022.09.30 15:50:11;1664553011370;3656.5;1;1;0;3654.0;3653.75
2022.09.30 15:50:11;1664553011544;3656.25;1;0;1;3654.0;3653.75
2022.09.30 15:50:11;1664553011620;3656.5;1;1;0;3654.0;3653.75
2022.09.30 15:50:11;1664553011664;3656.25;1;0;1;3654.0;3653.75
2022.09.30 15:50:11;1664553011752;3656.5;1;1;0;3654.0;3653.75
2022.09.30 15:50:11;1664553011752;3656.5;1;1;0;3654.0;3653.75
2022.09.30 15:50:11;1664553011752;3656.5;2;1;0;3654.0;3653.75
2022.09.30 15:50:11;1664553011752;3656.5;1;1;0;3654.0;3653.75
2022.09.30 15:50:11;1664553011752;3656.5;1;1;0;3654.0;3653.75
2022.09.30 15:50:11;1664553011752;3656.5;1;1;0;3654.0;3653.75
2022.09.30 15:50:11;1664553011752;3656.5;1;1;0;3654.0;3653.75
2022.09.30 15:50:11;1664553011752;3656.5;1;1;0;3654.0;3653.75
2022.09.30 15:50:11;1664553011752;3656.5;3;1;0;3654.0;3653.75
2022.09.30 15:50:11;1664553011752;3656.5;1;1;0;3654.0;3653.75
2022.09.30 15:50:11;1664553011752;3656.5;1;0;0;3654.0;3653.75
2022.09.30 15:50:11;1664553011756;3656.5;1;0;0;3654.0;3653.75
2022.09.30 15:50:11;1664553011766;3656.5;1;0;1;3654.0;3653.75
2022.09.30 15:50:11;1664553011766;3656.5;1;0;1;3654.0;3653.75
2022.09.30 15:50:11;1664553011766;3656.5;1;0;1;3654.0;3653.75
2022.09.30 15:50:11;1664553011766;3656.5;1;0;1;3654.0;3653.75
2022.09.30 15:50:11;1664553011766;3656.5;1;0;1;3654.0;3653.75
2022.09.30 15:50:11;1664553011766;3656.5;1;0;1;3654.0;3653.75
2022.09.30 15:50:11;1664553011766;3656.5;1;0;1;3654.0;3653.75
2022.09.30 15:50:11;1664553011767;3656.5;1;0;1;3654.0;3653.75
2022.09.30 15:50:11;1664553011767;3656.5;1;0;0;3654.0;3653.75
2022.09.30 15:50:11;1664553011767;3656.5;1;0;0;3654.0;3653.75
2022.09.30 15:50:11;1664553011777;3656.5;1;1;0;3654.0;3653.75
2022.09.30 15:50:11;1664553011777;3656.5;1;1;0;3654.0;3653.75
2022.09.30 15:50:11;1664553011777;3656.5;1;1;0;3654.0;3653.75
2022.09.30 15:50:11;1664553011777;3656.5;1;1;0;3654.0;3653.75
2022.09.30 15:50:11;1664553011777;3656.5;4;1;0;3654.0;3653.75
2022.09.30 15:50:11;1664553011777;3656.5;4;0;0;3654.0;3653.75
2022.09.30 15:50:11;1664553011787;3656.5;1;0;1;3654.0;3653.75
2022.09.30 15:50:11;1664553011787;3656.5;1;0;0;3654.0;3653.75
2022.09.30 15:50:11;1664553011787;3656.5;1;0;0;3654.0;3653.75
2022.09.30 15:50:11;1664553011971;3656.25;1;0;1;3654.0;3653.75
2022.09.30 15:50:12;1664553012064;3656.25;1;0;1;3654.0;3653.75
2022.09.30 15:50:12;1664553012070;3656.25;1;0;1;3654.0;3653.75
2022.09.30 15:50:12;1664553012070;3656.25;1;0;1;3654.0;3653.75
2022.09.30 15:50:12;1664553012070;3656.25;2;0;1;3654.0;3653.75
2022.09.30 15:50:12;1664553012070;3656.25;1;0;1;3654.0;3653.75
2022.09.30 15:50:12;1664553012070;3656.25;3;0;1;3654.0;3653.75
2022.09.30 15:50:12;1664553012070;3656.25;1;0;1;3654.0;3653.75
2022.09.30 15:50:12;1664553012070;3656.25;1;0;1;3654.0;3653.75
2022.09.30 15:50:12;1664553012070;3656.25;1;0;1;3654.0;3653.75
2022.09.30 15:50:12;1664553012071;3656.25;1;0;0;3654.0;3653.75
2022.09.30 15:50:12;1664553012163;3656.25;3;1;0;3654.0;3653.75
2022.09.30 15:50:12;1664553012384;3656.0;1;0;1;3654.0;3653.75
2022.09.30 15:50:12;1664553012432;3656.0;1;0;1;3654.0;3653.75
2022.09.30 15:50:12;1664553012601;3656.25;1;1;0;3654.0;3653.75
2022.09.30 15:50:12;1664553012705;3656.0;1;0;1;3654.0;3653.75
2022.09.30 15:50:12;1664553012705;3656.0;1;0;1;3654.0;3653.75
2022.09.30 15:50:12;1664553012705;3656.0;1;0;1;3654.0;3653.75
2022.09.30 15:50:12;1664553012705;3656.0;1;0;1;3654.0;3653.75
2022.09.30 15:50:12;1664553012705;3656.0;1;0;1;3654.0;3653.75
2022.09.30 15:50:12;1664553012705;3656.0;1;0;1;3654.0;3653.75
2022.09.30 15:50:12;1664553012705;3656.0;1;0;1;3654.0;3653.75
2022.09.30 15:50:12;1664553012705;3656.0;1;0;1;3654.0;3653.75
2022.09.30 15:50:12;1664553012705;3656.0;1;0;1;3654.0;3653.75
2022.09.30 15:50:12;1664553012706;3656.0;1;0;1;3654.0;3653.75
2022.09.30 15:50:12;1664553012706;3656.0;1;0;1;3654.0;3653.75
2022.09.30 15:50:12;1664553012706;3656.0;1;0;1;3654.0;3653.75
2022.09.30 15:50:12;1664553012706;3656.0;1;0;1;3654.0;3653.75
2022.09.30 15:50:12;1664553012706;3656.0;1;0;1;3654.0;3653.75
2022.09.30 15:50:12;1664553012706;3656.0;1;0;1;3654.0;3653.75
2022.09.30 15:50:12;1664553012706;3656.0;1;0;0;3654.0;3653.75
2022.09.30 15:50:12;1664553012706;3656.0;1;1;0;3654.0;3653.75
2022.09.30 15:50:12;1664553012707;3656.0;6;1;0;3654.0;3653.75
2022.09.30 15:50:12;1664553012707;3656.0;1;1;0;3654.0;3653.75
2022.09.30 15:50:12;1664553012707;3656.0;1;1;0;3654.0;3653.75
2022.09.30 15:50:12;1664553012707;3656.0;2;0;1;3654.0;3653.75
2022.09.30 15:50:12;1664553012707;3656.0;1;0;1;3654.0;3653.75
2022.09.30 15:50:12;1664553012707;3656.0;1;0;1;3654.0;3653.75
2022.09.30 15:50:12;1664553012707;3656.0;1;0;1;3654.0;3653.75
2022.09.30 15:50:12;1664553012707;3656.0;1;0;0;3654.0;3653.75
2022.09.30 15:50:12;1664553012728;3656.0;3;0;1;3654.0;3653.75
2022.09.30 15:50:12;1664553012728;3656.0;1;0;1;3654.0;3653.75
2022.09.30 15:50:12;1664553012728;3656.0;1;0;1;3654.0;3653.75
2022.09.30 15:50:12;1664553012728;3656.0;1;0;1;3654.0;3653.75
2022.09.30 15:50:12;1664553012728;3656.0;1;0;1;3654.0;3653.75
2022.09.30 15:50:12;1664553012728;3656.0;2;0;1;3654.0;3653.75
2022.09.30 15:50:12;1664553012728;3656.0;1;0;1;3654.0;3653.75
2022.09.30 15:50:12;1664553012728;3656.0;1;0;1;3654.0;3653.75
2022.09.30 15:50:12;1664553012728;3656.0;1;0;1;3654.0;3653.75
2022.09.30 15:50:12;1664553012728;3656.0;1;0;1;3654.0;3653.75
2022.09.30 15:50:12;1664553012729;3656.0;1;0;0;3654.0;3653.75
2022.09.30 15:50:12;1664553012742;3656.0;1;0;0;3654.0;3653.75
2022.09.30 15:50:12;1664553012859;3655.75;1;0;1;3654.0;3653.75
2022.09.30 15:50:12;1664553012859;3655.75;1;0;1;3654.0;3653.75
2022.09.30 15:50:12;1664553012874;3655.75;1;0;1;3654.0;3653.75
2022.09.30 15:50:12;1664553012890;3655.75;1;0;1;3654.0;3653.75
2022.09.30 15:50:12;1664553012892;3655.75;2;0;1;3654.0;3653.75
2022.09.30 15:50:12;1664553012893;3655.75;10;0;1;3654.0;3653.75
2022.09.30 15:50:12;1664553012893;3655.75;2;0;1;3654.0;3653.75
2022.09.30 15:50:12;1664553012893;3655.75;1;0;1;3654.0;3653.75
2022.09.30 15:50:12;1664553012893;3655.75;1;0;1;3654.0;3653.75
2022.09.30 15:50:12;1664553012893;3655.75;1;1;0;3654.0;3653.75
2022.09.30 15:50:12;1664553012893;3655.75;2;1;0;3654.0;3653.75
2022.09.30 15:50:12;1664553012893;3655.75;2;1;0;3654.0;3653.75
2022.09.30 15:50:12;1664553012893;3655.75;1;1;0;3654.0;3653.75
2022.09.30 15:50:12;1664553012893;3655.75;1;1;0;3654.0;3653.75
2022.09.30 15:50:12;1664553012893;3655.75;3;0;1;3654.0;3653.75
2022.09.30 15:50:12;1664553012893;3655.75;1;0;1;3654.0;3653.75
2022.09.30 15:50:12;1664553012914;3655.75;1;0;1;3654.0;3653.75
2022.09.30 15:50:12;1664553012915;3655.75;1;0;0;3654.0;3653.75
2022.09.30 15:50:12;1664553012916;3655.75;1;0;0;3654.0;3653.75
2022.09.30 15:50:12;1664553012916;3655.75;4;1;0;3654.0;3653.75
2022.09.30 15:50:12;1664553012916;3655.75;3;1;0;3654.0;3653.75
2022.09.30 15:50:12;1664553012916;3655.75;3;1;0;3654.0;3653.75
2022.09.30 15:50:12;1664553012916;3655.75;1;1;0;3654.0;3653.75
2022.09.30 15:50:12;1664553012916;3655.75;1;1;0;3654.0;3653.75
2022.09.30 15:50:12;1664553012916;3655.75;1;1;0;3654.0;3653.75
2022.09.30 15:50:12;1664553012916;3655.75;1;0;0;3654.0;3653.75
2022.09.30 15:50:12;1664553012928;3655.75;4;0;1;3654.0;3653.75
2022.09.30 15:50:12;1664553012929;3655.75;5;0;1;3654.0;3653.75
2022.09.30 15:50:12;1664553012929;3655.75;1;0;1;3654.0;3653.75
2022.09.30 15:50:12;1664553012929;3655.75;1;0;1;3654.0;3653.75
2022.09.30 15:50:12;1664553012929;3655.75;1;0;1;3654.0;3653.75
2022.09.30 15:50:12;1664553012929;3655.75;1;0;0;3654.0;3653.75
2022.09.30 15:50:13;1664553013116;3655.75;1;1;0;3654.0;3653.75
2022.09.30 15:50:13;1664553013116;3655.75;1;1;0;3654.0;3653.75
2022.09.30 15:50:13;1664553013116;3655.75;1;1;0;3654.0;3653.75
2022.09.30 15:50:13;1664553013152;3655.5;1;0;1;3654.0;3653.75
2022.09.30 15:50:13;1664553013152;3655.5;1;0;1;3654.0;3653.75
2022.09.30 15:50:13;1664553013152;3655.5;1;0;1;3654.0;3653.75
2022.09.30 15:50:13;1664553013152;3655.5;1;0;1;3654.0;3653.75
2022.09.30 15:50:13;1664553013152;3655.5;1;0;1;3654.0;3653.75
2022.09.30 15:50:13;1664553013152;3655.5;1;0;1;3654.0;3653.75
2022.09.30 15:50:13;1664553013152;3655.5;1;0;1;3654.0;3653.75
2022.09.30 15:50:13;1664553013153;3655.5;1;0;1;3654.0;3653.75
2022.09.30 15:50:13;1664553013153;3655.5;1;0;1;3654.0;3653.75
2022.09.30 15:50:13;1664553013153;3655.5;5;0;1;3654.0;3653.75
2022.09.30 15:50:13;1664553013153;3655.5;1;0;1;3654.0;3653.75
2022.09.30 15:50:13;1664553013153;3655.5;3;0;1;3654.0;3653.75
2022.09.30 15:50:13;1664553013153;3655.5;4;0;1;3654.0;3653.75
2022.09.30 15:50:13;1664553013153;3655.5;1;0;1;3654.0;3653.75
2022.09.30 15:50:13;1664553013153;3655.5;1;0;1;3654.0;3653.75
2022.09.30 15:50:13;1664553013153;3655.5;1;0;1;3654.0;3653.75
2022.09.30 15:50:13;1664553013154;3655.5;1;0;1;3654.0;3653.75
2022.09.30 15:50:13;1664553013154;3655.5;6;0;1;3654.0;3653.75
2022.09.30 15:50:13;1664553013154;3655.5;1;0;1;3654.0;3653.75
2022.09.30 15:50:13;1664553013154;3655.5;1;0;1;3654.0;3653.75
2022.09.30 15:50:13;1664553013154;3655.5;1;0;1;3654.0;3653.75
2022.09.30 15:50:13;1664553013154;3655.5;31;0;1;3654.0;3653.75
2022.09.30 15:50:13;1664553013154;3655.5;9;0;1;3654.0;3653.75
2022.09.30 15:50:13;1664553013154;3655.25;1;0;1;3654.0;3653.75
2022.09.30 15:50:13;1664553013154;3655.25;1;0;1;3654.0;3653.75
2022.09.30 15:50:13;1664553013155;3655.25;5;0;1;3654.0;3653.75
2022.09.30 15:50:13;1664553013155;3655.25;1;0;1;3654.0;3653.75
2022.09.30 15:50:13;1664553013155;3655.25;1;0;1;3654.0;3653.75
2022.09.30 15:50:13;1664553013155;3655.25;1;0;1;3654.0;3653.75
2022.09.30 15:50:13;1664553013155;3655.25;1;0;1;3654.0;3653.75
2022.09.30 15:50:13;1664553013155;3655.25;1;0;1;3654.0;3653.75
2022.09.30 15:50:13;1664553013155;3655.25;3;0;1;3654.0;3653.75
2022.09.30 15:50:13;1664553013155;3655.25;1;0;1;3654.0;3653.75
2022.09.30 15:50:13;1664553013155;3655.25;2;0;1;3654.0;3653.75
2022.09.30 15:50:13;1664553013155;3655.25;1;0;1;3654.0;3653.75
2022.09.30 15:50:13;1664553013156;3655.25;1;0;1;3654.0;3653.75
2022.09.30 15:50:13;1664553013156;3655.25;3;0;1;3654.0;3653.75
2022.09.30 15:50:13;1664553013156;3655.25;1;0;1;3654.0;3653.75
2022.09.30 15:50:13;1664553013156;3655.25;1;0;1;3654.0;3653.75
2022.09.30 15:50:13;1664553013156;3655.25;1;0;1;3654.0;3653.75
2022.09.30 15:50:13;1664553013156;3655.25;1;0;1;3654.0;3653.75
2022.09.30 15:50:13;1664553013156;3655.25;1;0;1;3654.0;3653.75
2022.09.30 15:50:13;1664553013156;3655.25;1;0;1;3654.0;3653.75
2022.09.30 15:50:13;1664553013156;3655.5;3;1;0;3654.0;3653.75
2022.09.30 15:50:13;1664553013156;3655.5;1;1;0;3654.0;3653.75
2022.09.30 15:50:13;1664553013156;3655.5;1;1;0;3654.0;3653.75
2022.09.30 15:50:13;1664553013156;3655.5;1;1;0;3654.0;3653.75
2022.09.30 15:50:13;1664553013156;3655.5;1;0;0;3654.0;3653.75
2022.09.30 15:50:13;1664553013156;3655.5;2;1;0;3654.0;3653.75
2022.09.30 15:50:13;1664553013156;3655.5;2;1;0;3654.0;3653.75
2022.09.30 15:50:13;1664553013156;3655.5;1;1;0;3654.0;3653.75
2022.09.30 15:50:13;1664553013156;3655.5;1;1;0;3654.0;3653.75
2022.09.30 15:50:13;1664553013156;3655.5;2;1;0;3654.0;3653.75
2022.09.30 15:50:13;1664553013190;3655.5;2;1;0;3654.0;3653.75
2022.09.30 15:50:13;1664553013190;3655.5;2;1;0;3654.0;3653.75
2022.09.30 15:50:13;1664553013190;3655.5;1;1;0;3654.0;3653.75
2022.09.30 15:50:13;1664553013266;3655.25;1;0;1;3654.0;3653.75
2022.09.30 15:50:13;1664553013281;3655.25;1;0;1;3654.0;3653.75
2022.09.30 15:50:13;1664553013281;3655.25;1;0;1;3654.0;3653.75
2022.09.30 15:50:13;1664553013422;3655.25;1;0;1;3654.0;3653.75
2022.09.30 15:50:13;1664553013422;3655.25;1;0;1;3654.0;3653.75
2022.09.30 15:50:13;1664553013422;3655.25;1;0;1;3654.0;3653.75
2022.09.30 15:50:13;1664553013423;3655.25;1;0;1;3654.0;3653.75
2022.09.30 15:50:13;1664553013423;3655.25;1;0;1;3654.0;3653.75
2022.09.30 15:50:13;1664553013423;3655.25;4;0;1;3654.0;3653.75
2022.09.30 15:50:13;1664553013564;3655.25;1;0;1;3654.0;3653.75
2022.09.30 15:50:13;1664553013592;3655.5;1;1;0;3654.0;3653.75
2022.09.30 15:50:13;1664553013604;3655.5;2;1;0;3654.0;3653.75
2022.09.30 15:50:13;1664553013604;3655.5;1;1;0;3654.0;3653.75
2022.09.30 15:50:13;1664553013604;3655.5;1;1;0;3654.0;3653.75
2022.09.30 15:50:13;1664553013604;3655.5;1;1;0;3654.0;3653.75
2022.09.30 15:50:13;1664553013604;3655.5;1;1;0;3654.0;3653.75
2022.09.30 15:50:13;1664553013604;3655.5;1;1;0;3654.0;3653.75
2022.09.30 15:50:13;1664553013604;3655.5;1;0;1;3654.0;3653.75
2022.09.30 15:50:13;1664553013604;3655.5;3;0;1;3654.0;3653.75
2022.09.30 15:50:13;1664553013605;3655.5;1;1;0;3654.0;3653.75
2022.09.30 15:50:13;1664553013605;3655.5;1;0;1;3654.0;3653.75
2022.09.30 15:50:13;1664553013606;3655.5;1;0;1;3654.0;3653.75
2022.09.30 15:50:13;1664553013606;3655.5;1;0;1;3654.0;3653.75
2022.09.30 15:50:13;1664553013606;3655.5;1;0;1;3654.0;3653.75
2022.09.30 15:50:13;1664553013606;3655.5;1;0;0;3654.0;3653.75
2022.09.30 15:50:13;1664553013606;3655.5;1;0;1;3654.0;3653.75
2022.09.30 15:50:13;1664553013606;3655.5;1;0;1;3654.0;3653.75
2022.09.30 15:50:13;1664553013607;3655.5;1;0;0;3654.0;3653.75
2022.09.30 15:50:13;1664553013607;3655.5;1;1;0;3654.0;3653.75
2022.09.30 15:50:13;1664553013607;3655.5;1;1;0;3654.0;3653.75
2022.09.30 15:50:13;1664553013607;3655.5;1;1;0;3654.0;3653.75
2022.09.30 15:50:13;1664553013608;3655.5;1;1;0;3654.0;3653.75
2022.09.30 15:50:13;1664553013608;3655.5;2;0;1;3654.0;3653.75
2022.09.30 15:50:13;1664553013608;3655.5;1;0;1;3654.0;3653.75
2022.09.30 15:50:13;1664553013608;3655.5;2;0;1;3654.0;3653.75
2022.09.30 15:50:13;1664553013608;3655.5;1;0;1;3654.0;3653.75
2022.09.30 15:50:13;1664553013608;3655.5;1;0;1;3654.0;3653.75
2022.09.30 15:50:13;1664553013608;3655.5;1;1;0;3654.0;3653.75
2022.09.30 15:50:13;1664553013608;3655.5;1;1;0;3654.0;3653.75
2022.09.30 15:50:13;1664553013608;3655.5;1;1;0;3654.0;3653.75
2022.09.30 15:50:13;1664553013608;3655.5;1;1;0;3654.0;3653.75
2022.09.30 15:50:13;1664553013608;3655.5;1;1;0;3654.0;3653.75
2022.09.30 15:50:13;1664553013608;3655.5;1;1;0;3654.0;3653.75
2022.09.30 15:50:13;1664553013608;3655.5;1;1;0;3654.0;3653.75
2022.09.30 15:50:13;1664553013609;3655.5;1;1;0;3654.0;3653.75
2022.09.30 15:50:13;1664553013609;3655.5;1;0;0;3654.0;3653.75
2022.09.30 15:50:13;1664553013610;3655.5;1;0;1;3654.0;3653.75
2022.09.30 15:50:13;1664553013610;3655.5;1;0;1;3654.0;3653.75
2022.09.30 15:50:13;1664553013610;3655.5;1;0;1;3654.0;3653.75
2022.09.30 15:50:13;1664553013610;3655.5;1;0;0;3654.0;3653.75
2022.09.30 15:50:13;1664553013637;3655.5;1;0;1;3654.0;3653.75
2022.09.30 15:50:13;1664553013637;3655.5;1;0;0;3654.0;3653.75
2022.09.30 15:50:13;1664553013678;3655.5;1;1;0;3654.0;3653.75
2022.09.30 15:50:13;1664553013678;3655.5;1;1;0;3654.0;3653.75
2022.09.30 15:50:13;1664553013678;3655.5;1;1;0;3654.0;3653.75
2022.09.30 15:50:13;1664553013678;3655.5;2;0;1;3654.0;3653.75
2022.09.30 15:50:13;1664553013678;3655.5;1;0;1;3654.0;3653.75
2022.09.30 15:50:13;1664553013678;3655.5;1;0;1;3654.0;3653.75
2022.09.30 15:50:13;1664553013679;3655.5;1;0;0;3654.0;3653.75
2022.09.30 15:50:13;1664553013848;3655.75;1;1;0;3654.0;3653.75
2022.09.30 15:50:13;1664553013848;3655.75;1;1;0;3654.0;3653.75
2022.09.30 15:50:13;1664553013848;3655.75;1;1;0;3654.0;3653.75
2022.09.30 15:50:13;1664553013848;3655.75;3;1;0;3654.0;3653.75
2022.09.30 15:50:13;1664553013849;3655.75;3;0;0;3654.0;3653.75
2022.09.30 15:50:13;1664553013849;3655.75;1;0;1;3654.0;3653.75
2022.09.30 15:50:14;1664553014164;3656.0;1;1;0;3654.0;3653.75
2022.09.30 15:50:14;1664553014165;3656.0;1;1;0;3654.0;3653.75
2022.09.30 15:50:14;1664553014324;3655.75;1;0;1;3654.0;3653.75
2022.09.30 15:50:14;1664553014496;3656.0;1;1;0;3654.0;3653.75
2022.09.30 15:50:14;1664553014496;3656.0;1;1;0;3654.0;3653.75
2022.09.30 15:50:14;1664553014496;3656.0;9;1;0;3654.0;3653.75
2022.09.30 15:50:14;1664553014569;3655.75;1;0;1;3654.0;3653.75
2022.09.30 15:50:14;1664553014569;3655.75;1;0;1;3654.0;3653.75
2022.09.30 15:50:14;1664553014583;3656.0;10;1;0;3654.0;3653.75
2022.09.30 15:50:14;1664553014664;3656.0;1;1;0;3654.0;3653.75
2022.09.30 15:50:14;1664553014702;3656.0;2;1;0;3654.0;3653.75
2022.09.30 15:50:14;1664553014702;3656.0;1;1;0;3654.0;3653.75
2022.09.30 15:50:14;1664553014702;3656.0;3;1;0;3654.0;3653.75
2022.09.30 15:50:14;1664553014713;3656.0;7;1;0;3654.0;3653.75
2022.09.30 15:50:14;1664553014713;3656.0;1;1;0;3654.0;3653.75
2022.09.30 15:50:14;1664553014713;3656.0;1;1;0;3654.0;3653.75
2022.09.30 15:50:14;1664553014713;3656.0;1;1;0;3654.0;3653.75
2022.09.30 15:50:14;1664553014713;3656.0;1;0;0;3654.0;3653.75
2022.09.30 15:50:14;1664553014713;3656.0;1;0;0;3654.0;3653.75
2022.09.30 15:50:14;1664553014714;3656.0;1;0;1;3654.0;3653.75
2022.09.30 15:50:14;1664553014714;3656.0;1;0;1;3654.0;3653.75
2022.09.30 15:50:14;1664553014714;3656.0;1;0;1;3654.0;3653.75
2022.09.30 15:50:14;1664553014714;3656.0;1;0;1;3654.0;3653.75
2022.09.30 15:50:14;1664553014714;3656.0;1;0;1;3654.0;3653.75
2022.09.30 15:50:14;1664553014714;3656.0;1;0;1;3654.0;3653.75
2022.09.30 15:50:14;1664553014714;3656.0;6;0;1;3654.0;3653.75
2022.09.30 15:50:14;1664553014714;3656.0;2;0;1;3654.0;3653.75
2022.09.30 15:50:14;1664553014714;3656.0;1;0;1;3654.0;3653.75
2022.09.30 15:50:14;1664553014714;3656.0;1;0;1;3654.0;3653.75
2022.09.30 15:50:14;1664553014714;3656.0;1;0;0;3654.0;3653.75
2022.09.30 15:50:14;1664553014797;3656.0;1;1;0;3654.0;3653.75
2022.09.30 15:50:14;1664553014797;3656.0;1;1;0;3654.0;3653.75
2022.09.30 15:50:14;1664553014801;3656.0;1;1;0;3654.0;3653.75
2022.09.30 15:50:14;1664553014856;3656.0;1;1;0;3654.0;3653.75
2022.09.30 15:50:14;1664553014856;3656.0;1;1;0;3654.0;3653.75
2022.09.30 15:50:14;1664553014856;3656.0;1;1;0;3654.0;3653.75
2022.09.30 15:50:14;1664553014856;3656.0;1;1;0;3654.0;3653.75
2022.09.30 15:50:14;1664553014856;3656.0;1;0;0;3654.0;3653.75
2022.09.30 15:50:14;1664553014928;3656.0;1;0;1;3654.0;3653.75
2022.09.30 15:50:14;1664553014928;3656.0;1;0;0;3654.0;3653.75
2022.09.30 15:50:14;1664553014928;3656.0;1;0;0;3654.0;3653.75
2022.09.30 15:50:14;1664553014939;3656.0;1;0;0;3654.0;3653.75
2022.09.30 15:50:14;1664553014980;3656.0;1;0;0;3654.0;3653.75
2022.09.30 15:50:14;1664553014999;3656.0;1;0;0;3654.0;3653.75
2022.09.30 15:50:15;1664553015000;3656.0;1;0;1;3654.0;3653.75
2022.09.30 15:50:15;1664553015000;3656.0;1;0;1;3654.0;3653.75
2022.09.30 15:50:15;1664553015000;3656.0;1;0;1;3654.0;3653.75
2022.09.30 15:50:15;1664553015000;3656.0;1;0;0;3654.0;3653.75
2022.09.30 15:50:15;1664553015089;3656.0;1;1;0;3654.0;3653.75
2022.09.30 15:50:15;1664553015089;3656.0;1;1;0;3654.0;3653.75
2022.09.30 15:50:15;1664553015089;3656.0;2;1;0;3654.0;3653.75
2022.09.30 15:50:15;1664553015089;3656.0;2;1;0;3654.0;3653.75
2022.09.30 15:50:15;1664553015089;3656.0;2;0;0;3654.0;3653.75
2022.09.30 15:50:15;1664553015091;3656.0;1;0;1;3654.0;3653.75
2022.09.30 15:50:15;1664553015091;3656.0;1;0;0;3654.0;3653.75
2022.09.30 15:50:15;1664553015091;3656.0;1;0;0;3654.0;3653.75
2022.09.30 15:50:15;1664553015204;3656.0;2;1;0;3654.0;3653.75
2022.09.30 15:50:15;1664553015204;3656.0;1;1;0;3654.0;3653.75
2022.09.30 15:50:15;1664553015204;3656.0;1;1;0;3654.0;3653.75
2022.09.30 15:50:15;1664553015204;3656.0;1;1;0;3654.0;3653.75
2022.09.30 15:50:15;1664553015205;3656.0;1;1;0;3654.0;3653.75
2022.09.30 15:50:15;1664553015205;3656.0;1;1;0;3654.0;3653.75
2022.09.30 15:50:15;1664553015205;3656.0;1;1;0;3654.0;3653.75
2022.09.30 15:50:15;1664553015205;3656.0;1;1;0;3654.0;3653.75
2022.09.30 15:50:15;1664553015205;3656.0;1;1;0;3654.0;3653.75
2022.09.30 15:50:15;1664553015205;3656.0;1;1;0;3654.0;3653.75
2022.09.30 15:50:15;1664553015205;3656.0;1;1;0;3654.0;3653.75
2022.09.30 15:50:15;1664553015205;3656.0;1;1;0;3654.0;3653.75
2022.09.30 15:50:15;1664553015205;3656.0;1;1;0;3654.0;3653.75
2022.09.30 15:50:15;1664553015205;3656.0;1;1;0;3654.0;3653.75
2022.09.30 15:50:15;1664553015205;3656.0;1;1;0;3654.0;3653.75
2022.09.30 15:50:15;1664553015205;3656.0;1;1;0;3654.0;3653.75
2022.09.30 15:50:15;1664553015207;3656.0;1;1;0;3654.0;3653.75
2022.09.30 15:50:15;1664553015207;3656.0;1;1;0;3654.0;3653.75
2022.09.30 15:50:15;1664553015207;3656.0;1;1;0;3654.0;3653.75
2022.09.30 15:50:15;1664553015207;3656.0;1;1;0;3654.0;3653.75
2022.09.30 15:50:15;1664553015207;3656.0;1;1;0;3654.0;3653.75
2022.09.30 15:50:15;1664553015207;3656.0;1;0;1;3654.0;3653.75
2022.09.30 15:50:15;1664553015207;3656.0;1;1;0;3654.0;3653.75
2022.09.30 15:50:15;1664553015207;3656.0;1;1;0;3654.0;3653.75
2022.09.30 15:50:15;1664553015207;3656.0;1;1;0;3654.0;3653.75
2022.09.30 15:50:15;1664553015207;3656.0;1;1;0;3654.0;3653.75
2022.09.30 15:50:15;1664553015207;3656.0;1;1;0;3654.0;3653.75
2022.09.30 15:50:15;1664553015207;3656.0;1;0;1;3654.0;3653.75
2022.09.30 15:50:15;1664553015207;3656.0;1;0;1;3654.0;3653.75
2022.09.30 15:50:15;1664553015207;3656.0;1;0;1;3654.0;3653.75
2022.09.30 15:50:15;1664553015207;3656.0;2;0;1;3654.0;3653.75
2022.09.30 15:50:15;1664553015207;3656.0;1;0;1;3654.0;3653.75
2022.09.30 15:50:15;1664553015207;3656.0;1;0;1;3654.0;3653.75
2022.09.30 15:50:15;1664553015208;3656.0;1;0;1;3654.0;3653.75
2022.09.30 15:50:15;1664553015208;3656.0;1;0;1;3654.0;3653.75
2022.09.30 15:50:15;1664553015208;3656.0;1;0;0;3654.0;3653.75
2022.09.30 15:50:15;1664553015209;3656.0;1;0;1;3654.0;3653.75
2022.09.30 15:50:15;1664553015209;3656.0;1;0;1;3654.0;3653.75
2022.09.30 15:50:15;1664553015209;3656.0;1;0;0;3654.0;3653.75
2022.09.30 15:50:15;1664553015210;3656.0;1;0;1;3654.0;3653.75
2022.09.30 15:50:15;1664553015210;3656.0;1;1;0;3654.0;3653.75
2022.09.30 15:50:15;1664553015220;3656.0;1;1;0;3654.0;3653.75
2022.09.30 15:50:15;1664553015238;3656.0;1;1;0;3654.0;3653.75
2022.09.30 15:50:15;1664553015238;3656.0;1;1;0;3654.0;3653.75
2022.09.30 15:50:15;1664553015245;3656.0;1;1;0;3654.0;3653.75
2022.09.30 15:50:15;1664553015330;3655.75;1;0;1;3654.0;3653.75
2022.09.30 15:50:15;1664553015330;3655.75;1;0;1;3654.0;3653.75
2022.09.30 15:50:15;1664553015330;3655.75;1;0;1;3654.0;3653.75
2022.09.30 15:50:15;1664553015330;3655.75;1;0;1;3654.0;3653.75
2022.09.30 15:50:15;1664553015392;3656.0;1;1;0;3654.0;3653.75
2022.09.30 15:50:15;1664553015530;3655.75;2;0;1;3654.0;3653.75
2022.09.30 15:50:15;1664553015558;3656.0;1;1;0;3654.0;3653.75
2022.09.30 15:50:15;1664553015569;3656.0;1;1;0;3654.0;3653.75
2022.09.30 15:50:15;1664553015570;3656.0;1;1;0;3654.0;3653.75
2022.09.30 15:50:15;1664553015570;3656.0;1;1;0;3654.0;3653.75
2022.09.30 15:50:15;1664553015570;3656.0;2;1;0;3654.0;3653.75
2022.09.30 15:50:15;1664553015570;3656.0;1;1;0;3654.0;3653.75
2022.09.30 15:50:15;1664553015570;3656.0;1;0;1;3654.0;3653.75
2022.09.30 15:50:15;1664553015570;3656.0;1;0;1;3654.0;3653.75
2022.09.30 15:50:15;1664553015570;3656.0;3;1;0;3654.0;3653.75
2022.09.30 15:50:15;1664553015571;3656.0;3;0;0;3654.0;3653.75
2022.09.30 15:50:15;1664553015576;3656.0;3;0;0;3654.0;3653.75
2022.09.30 15:50:15;1664553015719;3655.75;1;0;1;3654.0;3653.75
2022.09.30 15:50:15;1664553015760;3656.0;1;1;0;3654.0;3653.75
2022.09.30 15:50:15;1664553015850;3656.0;1;1;0;3654.0;3653.75
2022.09.30 15:50:15;1664553015886;3655.75;1;0;1;3654.0;3653.75
2022.09.30 15:50:15;1664553015896;3656.0;1;1;0;3654.0;3653.75
2022.09.30 15:50:15;1664553015903;3656.0;2;1;0;3654.0;3653.75
2022.09.30 15:50:15;1664553015938;3656.0;1;1;0;3654.0;3653.75
2022.09.30 15:50:15;1664553015938;3656.0;1;1;0;3654.0;3653.75
2022.09.30 15:50:16;1664553016362;3656.0;1;1;0;3654.0;3653.75
2022.09.30 15:50:16;1664553016362;3656.0;1;1;0;3654.0;3653.75
2022.09.30 15:50:16;1664553016362;3656.0;1;1;0;3654.0;3653.75
2022.09.30 15:50:16;1664553016362;3656.0;1;1;0;3654.0;3653.75
2022.09.30 15:50:16;1664553016362;3656.0;1;1;0;3654.0;3653.75
2022.09.30 15:50:16;1664553016362;3656.0;1;1;0;3654.0;3653.75
2022.09.30 15:50:16;1664553016362;3656.0;1;1;0;3654.0;3653.75
2022.09.30 15:50:16;1664553016362;3656.0;1;1;0;3654.0;3653.75
2022.09.30 15:50:16;1664553016362;3656.0;2;1;0;3654.0;3653.75
2022.09.30 15:50:16;1664553016362;3656.0;1;1;0;3654.0;3653.75
2022.09.30 15:50:16;1664553016362;3656.0;1;0;0;3654.0;3653.75
2022.09.30 15:50:16;1664553016363;3656.0;1;0;0;3654.0;3653.75
2022.09.30 15:50:16;1664553016371;3656.0;1;0;1;3654.0;3653.75
2022.09.30 15:50:16;1664553016416;3656.0;1;0;1;3654.0;3653.75
2022.09.30 15:50:16;1664553016416;3656.0;4;0;1;3654.0;3653.75
2022.09.30 15:50:16;1664553016416;3656.0;4;0;1;3654.0;3653.75
2022.09.30 15:50:16;1664553016416;3656.0;1;0;1;3654.0;3653.75
2022.09.30 15:50:16;1664553016541;3656.0;1;0;1;3654.0;3653.75
2022.09.30 15:50:16;1664553016541;3656.0;1;0;1;3654.0;3653.75
2022.09.30 15:50:16;1664553016541;3656.0;1;0;1;3654.0;3653.75
2022.09.30 15:50:16;1664553016541;3656.0;1;0;1;3654.0;3653.75
2022.09.30 15:50:16;1664553016647;3656.0;1;0;1;3654.0;3653.75
2022.09.30 15:50:16;1664553016647;3656.0;1;0;1;3654.0;3653.75
2022.09.30 15:50:16;1664553016647;3656.0;3;0;1;3654.0;3653.75
2022.09.30 15:50:16;1664553016807;3656.0;1;0;1;3654.0;3653.75
2022.09.30 15:50:16;1664553016808;3656.0;1;0;1;3654.0;3653.75
2022.09.30 15:50:16;1664553016808;3656.0;2;0;1;3654.0;3653.75
2022.09.30 15:50:16;1664553016808;3656.0;1;0;1;3654.0;3653.75
2022.09.30 15:50:16;1664553016808;3656.0;1;0;1;3654.0;3653.75
2022.09.30 15:50:16;1664553016808;3656.0;1;0;1;3654.0;3653.75
2022.09.30 15:50:16;1664553016808;3656.0;1;0;1;3654.0;3653.75
2022.09.30 15:50:16;1664553016808;3656.0;1;0;1;3654.0;3653.75
2022.09.30 15:50:16;1664553016808;3656.0;1;0;1;3654.0;3653.75
2022.09.30 15:50:16;1664553016808;3656.0;1;0;0;3654.0;3653.75
2022.09.30 15:50:16;1664553016925;3656.0;1;1;0;3654.0;3653.75
2022.09.30 15:50:16;1664553016925;3656.0;1;1;0;3654.0;3653.75
2022.09.30 15:50:16;1664553016925;3656.0;1;1;0;3654.0;3653.75
2022.09.30 15:50:16;1664553016925;3656.0;1;1;0;3654.0;3653.75
2022.09.30 15:50:16;1664553016926;3656.0;1;1;0;3654.0;3653.75
2022.09.30 15:50:16;1664553016926;3656.0;1;1;0;3654.0;3653.75
2022.09.30 15:50:16;1664553016926;3656.0;3;0;1;3654.0;3653.75
2022.09.30 15:50:16;1664553016926;3656.0;1;1;0;3654.0;3653.75
2022.09.30 15:50:16;1664553016926;3656.0;2;1;0;3654.0;3653.75
2022.09.30 15:50:16;1664553016926;3656.0;2;0;0;3654.0;3653.75
2022.09.30 15:50:16;1664553016974;3656.25;1;1;0;3654.0;3653.75
2022.09.30 15:50:16;1664553016974;3656.25;1;1;0;3654.0;3653.75
2022.09.30 15:50:17;1664553017147;3656.25;6;1;0;3654.0;3653.75
2022.09.30 15:50:17;1664553017147;3656.25;1;1;0;3654.0;3653.75
2022.09.30 15:50:17;1664553017147;3656.25;1;1;0;3654.0;3653.75
2022.09.30 15:50:17;1664553017147;3656.25;1;1;0;3654.0;3653.75
2022.09.30 15:50:17;1664553017147;3656.25;1;1;0;3654.0;3653.75
2022.09.30 15:50:17;1664553017147;3656.25;1;1;0;3654.0;3653.75
2022.09.30 15:50:17;1664553017147;3656.25;1;1;0;3654.0;3653.75
2022.09.30 15:50:17;1664553017147;3656.25;1;1;0;3654.0;3653.75
2022.09.30 15:50:17;1664553017147;3656.25;1;1;0;3654.0;3653.75
2022.09.30 15:50:17;1664553017147;3656.25;1;1;0;3654.0;3653.75
2022.09.30 15:50:17;1664553017147;3656.25;1;1;0;3654.0;3653.75
2022.09.30 15:50:17;1664553017147;3656.25;1;1;0;3654.0;3653.75
2022.09.30 15:50:17;1664553017147;3656.25;1;1;0;3654.0;3653.75
2022.09.30 15:50:17;1664553017147;3656.25;1;1;0;3654.0;3653.75
2022.09.30 15:50:17;1664553017147;3656.25;1;1;0;3654.0;3653.75
2022.09.30 15:50:17;1664553017147;3656.25;1;1;0;3654.0;3653.75
2022.09.30 15:50:17;1664553017147;3656.25;2;1;0;3654.0;3653.75
2022.09.30 15:50:17;1664553017147;3656.25;2;0;0;3654.0;3653.75
2022.09.30 15:50:17;1664553017147;3656.25;2;0;1;3654.0;3653.75
2022.09.30 15:50:17;1664553017147;3656.25;1;0;1;3654.0;3653.75
2022.09.30 15:50:17;1664553017147;3656.25;2;0;1;3654.0;3653.75
2022.09.30 15:50:17;1664553017157;3656.25;1;0;1;3654.0;3653.75
2022.09.30 15:50:17;1664553017157;3656.25;1;0;1;3654.0;3653.75
2022.09.30 15:50:17;1664553017157;3656.25;1;0;1;3654.0;3653.75
2022.09.30 15:50:17;1664553017158;3656.25;2;0;1;3654.0;3653.75
2022.09.30 15:50:17;1664553017158;3656.25;1;0;1;3654.0;3653.75
2022.09.30 15:50:17;1664553017158;3656.25;1;1;0;3654.0;3653.75
2022.09.30 15:50:17;1664553017159;3656.25;1;1;0;3654.0;3653.75
2022.09.30 15:50:17;1664553017159;3656.25;1;1;0;3654.0;3653.75
2022.09.30 15:50:17;1664553017159;3656.25;1;1;0;3654.0;3653.75
2022.09.30 15:50:17;1664553017159;3656.25;1;1;0;3654.0;3653.75
2022.09.30 15:50:17;1664553017159;3656.25;1;1;0;3654.0;3653.75
2022.09.30 15:50:17;1664553017159;3656.25;1;1;0;3654.0;3653.75
2022.09.30 15:50:17;1664553017159;3656.25;1;1;0;3654.0;3653.75
2022.09.30 15:50:17;1664553017159;3656.25;1;1;0;3654.0;3653.75
2022.09.30 15:50:17;1664553017160;3656.25;2;1;0;3654.0;3653.75
2022.09.30 15:50:17;1664553017160;3656.25;1;0;1;3654.0;3653.75
2022.09.30 15:50:17;1664553017160;3656.25;1;0;1;3654.0;3653.75
2022.09.30 15:50:17;1664553017160;3656.25;1;0;0;3654.0;3653.75
2022.09.30 15:50:17;1664553017194;3656.25;1;1;0;3654.0;3653.75
2022.09.30 15:50:17;1664553017194;3656.25;1;1;0;3654.0;3653.75
2022.09.30 15:50:17;1664553017194;3656.25;1;1;0;3654.0;3653.75
2022.09.30 15:50:17;1664553017194;3656.25;1;1;0;3654.0;3653.75
2022.09.30 15:50:17;1664553017195;3656.25;1;0;0;3654.0;3653.75
2022.09.30 15:50:17;1664553017201;3656.25;1;0;1;3654.0;3653.75
2022.09.30 15:50:17;1664553017201;3656.25;1;0;1;3654.0;3653.75
2022.09.30 15:50:17;1664553017202;3656.0;1;0;1;3654.0;3653.75
2022.09.30 15:50:17;1664553017202;3656.25;1;1;0;3654.0;3653.75
2022.09.30 15:50:17;1664553017202;3656.25;1;1;0;3654.0;3653.75
2022.09.30 15:50:17;1664553017202;3656.25;1;1;0;3654.0;3653.75
2022.09.30 15:50:17;1664553017203;3656.25;2;1;0;3654.0;3653.75
2022.09.30 15:50:17;1664553017203;3656.25;1;1;0;3654.0;3653.75
2022.09.30 15:50:17;1664553017203;3656.25;1;1;0;3654.0;3653.75
2022.09.30 15:50:17;1664553017203;3656.25;1;1;0;3654.0;3653.75
2022.09.30 15:50:17;1664553017203;3656.25;1;1;0;3654.0;3653.75
2022.09.30 15:50:17;1664553017203;3656.25;1;0;1;3654.0;3653.75
2022.09.30 15:50:17;1664553017203;3656.25;1;0;1;3654.0;3653.75
2022.09.30 15:50:17;1664553017205;3656.25;1;0;0;3654.0;3653.75
2022.09.30 15:50:17;1664553017363;3656.0;1;0;1;3654.0;3653.75
2022.09.30 15:50:17;1664553017363;3656.25;5;1;0;3654.0;3653.75
2022.09.30 15:50:17;1664553017364;3656.25;1;1;0;3654.0;3653.75
2022.09.30 15:50:17;1664553017364;3656.25;1;1;0;3654.0;3653.75
2022.09.30 15:50:17;1664553017364;3656.25;1;1;0;3654.0;3653.75
2022.09.30 15:50:17;1664553017364;3656.25;1;1;0;3654.0;3653.75
2022.09.30 15:50:17;1664553017854;3656.25;1;1;0;3654.0;3653.75
2022.09.30 15:50:17;1664553017854;3656.25;1;1;0;3654.0;3653.75
2022.09.30 15:50:17;1664553017854;3656.25;1;1;0;3654.0;3653.75
2022.09.30 15:50:17;1664553017855;3656.25;1;1;0;3654.0;3653.75
2022.09.30 15:50:17;1664553017855;3656.25;1;1;0;3654.0;3653.75
2022.09.30 15:50:17;1664553017855;3656.25;1;1;0;3654.0;3653.75
2022.09.30 15:50:17;1664553017855;3656.25;1;1;0;3654.0;3653.75
2022.09.30 15:50:17;1664553017855;3656.25;3;1;0;3654.0;3653.75
2022.09.30 15:50:17;1664553017855;3656.25;1;1;0;3654.0;3653.75
2022.09.30 15:50:17;1664553017855;3656.25;1;0;0;3654.0;3653.75
2022.09.30 15:50:17;1664553017855;3656.25;1;0;1;3654.0;3653.75
2022.09.30 15:50:17;1664553017855;3656.25;1;0;1;3654.0;3653.75
2022.09.30 15:50:17;1664553017855;3656.25;2;0;1;3654.0;3653.75
2022.09.30 15:50:17;1664553017855;3656.25;1;0;1;3654.0;3653.75
2022.09.30 15:50:17;1664553017855;3656.25;1;0;1;3654.0;3653.75
2022.09.30 15:50:17;1664553017855;3656.25;1;0;1;3654.0;3653.75
2022.09.30 15:50:17;1664553017855;3656.25;1;0;1;3654.0;3653.75
2022.09.30 15:50:17;1664553017855;3656.25;1;0;0;3654.0;3653.75
2022.09.30 15:50:17;1664553017855;3656.25;1;0;1;3654.0;3653.75
2022.09.30 15:50:17;1664553017855;3656.25;1;1;0;3654.0;3653.75
2022.09.30 15:50:17;1664553017855;3656.25;1;1;0;3654.0;3653.75
2022.09.30 15:50:17;1664553017856;3656.25;2;1;1;3654.0;3653.75
2022.09.30 15:50:17;1664553017856;3656.25;2;0;0;3654.0;3653.75
2022.09.30 15:50:17;1664553017884;3656.25;1;1;0;3654.0;3653.75
2022.09.30 15:50:17;1664553017884;3656.25;1;1;0;3654.0;3653.75
2022.09.30 15:50:17;1664553017884;3656.25;1;1;0;3654.0;3653.75
2022.09.30 15:50:17;1664553017884;3656.25;1;1;0;3654.0;3653.75
2022.09.30 15:50:17;1664553017884;3656.25;1;0;0;3654.0;3653.75
2022.09.30 15:50:18;1664553018032;3656.5;1;1;0;3654.0;3653.75
2022.09.30 15:50:18;1664553018505;3656.5;1;1;0;3654.0;3653.75
2022.09.30 15:50:18;1664553018505;3656.5;1;1;0;3654.0;3653.75
2022.09.30 15:50:18;1664553018572;3656.5;1;1;0;3654.0;3653.75
2022.09.30 15:50:18;1664553018572;3656.5;1;1;0;3654.0;3653.75
2022.09.30 15:50:18;1664553018819;3656.25;1;0;1;3654.0;3653.75
2022.09.30 15:50:18;1664553018917;3656.25;1;0;1;3654.0;3653.75
2022.09.30 15:50:18;1664553018929;3656.5;1;1;0;3654.0;3653.75
2022.09.30 15:50:18;1664553018964;3656.25;1;0;1;3654.0;3653.75
2022.09.30 15:50:18;1664553018964;3656.25;1;0;1;3654.0;3653.75
2022.09.30 15:50:18;1664553018964;3656.25;1;0;1;3654.0;3653.75
2022.09.30 15:50:18;1664553018964;3656.25;2;0;1;3654.0;3653.75
2022.09.30 15:50:18;1664553018964;3656.25;1;0;1;3654.0;3653.75
2022.09.30 15:50:18;1664553018965;3656.25;1;0;1;3654.0;3653.75
2022.09.30 15:50:18;1664553018965;3656.25;2;0;1;3654.0;3653.75
2022.09.30 15:50:18;1664553018965;3656.25;1;0;1;3654.0;3653.75
2022.09.30 15:50:18;1664553018965;3656.25;1;0;1;3654.0;3653.75
2022.09.30 15:50:18;1664553018965;3656.25;1;0;1;3654.0;3653.75
2022.09.30 15:50:18;1664553018965;3656.25;2;0;1;3654.0;3653.75
2022.09.30 15:50:18;1664553018965;3656.25;1;0;1;3654.0;3653.75
2022.09.30 15:50:18;1664553018965;3656.25;1;0;1;3654.0;3653.75
2022.09.30 15:50:18;1664553018965;3656.25;1;0;1;3654.0;3653.75
2022.09.30 15:50:18;1664553018965;3656.25;1;0;1;3654.0;3653.75
2022.09.30 15:50:18;1664553018965;3656.25;2;0;1;3654.0;3653.75
2022.09.30 15:50:18;1664553018965;3656.25;2;0;1;3654.0;3653.75
2022.09.30 15:50:18;1664553018965;3656.25;3;0;1;3654.0;3653.75
2022.09.30 15:50:18;1664553018965;3656.25;4;0;1;3654.0;3653.75
2022.09.30 15:50:18;1664553018965;3656.25;2;0;1;3654.0;3653.75
2022.09.30 15:50:18;1664553018965;3656.25;1;0;1;3654.0;3653.75
2022.09.30 15:50:18;1664553018965;3656.25;1;0;1;3654.0;3653.75
2022.09.30 15:50:18;1664553018965;3656.25;2;1;0;3654.0;3653.75
2022.09.30 15:50:18;1664553018965;3656.25;2;0;1;3654.0;3653.75
2022.09.30 15:50:18;1664553018965;3656.25;1;0;1;3654.0;3653.75
2022.09.30 15:50:18;1664553018965;3656.25;1;0;1;3654.0;3653.75
2022.09.30 15:50:18;1664553018965;3656.25;1;1;0;3654.0;3653.75
2022.09.30 15:50:18;1664553018965;3656.25;1;1;0;3654.0;3653.75
2022.09.30 15:50:18;1664553018965;3656.25;1;1;0;3654.0;3653.75
2022.09.30 15:50:18;1664553018965;3656.25;1;1;0;3654.0;3653.75
2022.09.30 15:50:18;1664553018965;3656.25;1;1;0;3654.0;3653.75
2022.09.30 15:50:18;1664553018966;3656.25;1;1;0;3654.0;3653.75
2022.09.30 15:50:18;1664553018966;3656.25;1;0;0;3654.0;3653.75
2022.09.30 15:50:18;1664553018966;3656.25;1;1;0;3654.0;3653.75
2022.09.30 15:50:18;1664553018966;3656.25;1;0;0;3654.0;3653.75
2022.09.30 15:50:18;1664553018966;3656.25;1;0;0;3654.0;3653.75
2022.09.30 15:50:18;1664553018967;3656.25;1;0;1;3654.0;3653.75
2022.09.30 15:50:18;1664553018967;3656.25;1;0;1;3654.0;3653.75
2022.09.30 15:50:18;1664553018967;3656.25;1;0;1;3654.0;3653.75
2022.09.30 15:50:18;1664553018967;3656.25;1;0;1;3654.0;3653.75
2022.09.30 15:50:18;1664553018967;3656.25;1;0;0;3654.0;3653.75
2022.09.30 15:50:18;1664553018969;3656.25;1;1;0;3654.0;3653.75
2022.09.30 15:50:18;1664553018978;3656.25;1;1;0;3654.0;3653.75
2022.09.30 15:50:19;1664553019007;3656.25;1;1;0;3654.0;3653.75
2022.09.30 15:50:19;1664553019084;3656.0;1;0;1;3654.0;3653.75
2022.09.30 15:50:19;1664553019103;3656.25;1;1;0;3654.0;3653.75
2022.09.30 15:50:19;1664553019103;3656.25;1;1;0;3654.0;3653.75
2022.09.30 15:50:19;1664553019103;3656.25;1;1;0;3654.0;3653.75
2022.09.30 15:50:19;1664553019104;3656.25;1;0;0;3654.0;3653.75
2022.09.30 15:50:19;1664553019149;3656.25;1;0;1;3654.0;3653.75
2022.09.30 15:50:19;1664553019172;3656.25;2;0;1;3654.0;3653.75
2022.09.30 15:50:19;1664553019172;3656.25;2;0;0;3654.0;3653.75
2022.09.30 15:50:19;1664553019172;3656.25;2;0;0;3654.0;3653.75
2022.09.30 15:50:19;1664553019212;3656.0;1;0;1;3654.0;3653.75
2022.09.30 15:50:19;1664553019311;3656.25;4;1;0;3654.0;3653.75
2022.09.30 15:50:19;1664553019311;3656.25;5;1;0;3654.0;3653.75
2022.09.30 15:50:19;1664553019311;3656.25;2;1;0;3654.0;3653.75
2022.09.30 15:50:19;1664553019311;3656.25;1;1;0;3654.0;3653.75
2022.09.30 15:50:19;1664553019311;3656.25;1;0;1;3654.0;3653.75
2022.09.30 15:50:19;1664553019311;3656.25;1;0;1;3654.0;3653.75
2022.09.30 15:50:19;1664553019713;3656.25;1;1;0;3654.0;3653.75
2022.09.30 15:50:19;1664553019713;3656.25;1;1;0;3654.0;3653.75
2022.09.30 15:50:19;1664553019713;3656.25;2;1;0;3654.0;3653.75
2022.09.30 15:50:20;1664553020001;3656.0;1;0;1;3654.0;3653.75
2022.09.30 15:50:20;1664553020102;3656.0;1;0;1;3654.0;3653.75
2022.09.30 15:50:20;1664553020164;3656.0;1;0;1;3654.0;3653.75
2022.09.30 15:50:20;1664553020331;3656.0;1;0;1;3654.0;3653.75
2022.09.30 15:50:20;1664553020388;3656.25;1;1;0;3654.0;3653.75
2022.09.30 15:50:20;1664553020401;3656.25;1;1;0;3654.0;3653.75
2022.09.30 15:50:20;1664553020401;3656.25;1;1;0;3654.0;3653.75
2022.09.30 15:50:20;1664553020401;3656.25;1;1;0;3654.0;3653.75
2022.09.30 15:50:20;1664553020401;3656.25;1;1;0;3654.0;3653.75
2022.09.30 15:50:20;1664553020401;3656.25;1;0;1;3654.0;3653.75
2022.09.30 15:50:20;1664553020401;3656.25;1;0;1;3654.0;3653.75
2022.09.30 15:50:20;1664553020401;3656.25;1;1;0;3654.0;3653.75
2022.09.30 15:50:20;1664553020401;3656.25;1;1;0;3654.0;3653.75
2022.09.30 15:50:20;1664553020401;3656.25;1;0;1;3654.0;3653.75
2022.09.30 15:50:21;1664553021187;3656.25;1;1;0;3654.0;3653.75
2022.09.30 15:50:21;1664553021263;3656.0;1;0;1;3654.0;3653.75
2022.09.30 15:50:21;1664553021263;3656.0;3;0;1;3654.0;3653.75
2022.09.30 15:50:21;1664553021263;3656.0;2;0;1;3654.0;3653.75
2022.09.30 15:50:21;1664553021263;3656.0;1;0;1;3654.0;3653.75
2022.09.30 15:50:21;1664553021263;3656.0;1;0;1;3654.0;3653.75
2022.09.30 15:50:21;1664553021263;3656.0;2;0;1;3654.0;3653.75
2022.09.30 15:50:21;1664553021642;3656.25;1;1;0;3654.0;3653.75
2022.09.30 15:50:21;1664553021647;3656.0;1;0;1;3654.0;3653.75
2022.09.30 15:50:21;1664553021929;3656.0;1;0;1;3654.0;3653.75
2022.09.30 15:50:21;1664553021929;3656.0;2;0;1;3654.0;3653.75
2022.09.30 15:50:21;1664553021929;3656.0;2;0;1;3654.0;3653.75
2022.09.30 15:50:21;1664553021929;3656.0;1;0;1;3654.0;3653.75
2022.09.30 15:50:21;1664553021929;3656.0;1;0;1;3654.0;3653.75
2022.09.30 15:50:21;1664553021929;3656.0;2;0;1;3654.0;3653.75
2022.09.30 15:50:21;1664553021929;3656.0;1;0;1;3654.0;3653.75
2022.09.30 15:50:21;1664553021929;3656.0;5;0;1;3654.0;3653.75
2022.09.30 15:50:21;1664553021929;3656.0;1;0;1;3654.0;3653.75
2022.09.30 15:50:21;1664553021929;3656.0;1;0;1;3654.0;3653.75
2022.09.30 15:50:21;1664553021929;3656.0;1;0;1;3654.0;3653.75
2022.09.30 15:50:21;1664553021929;3656.0;1;0;1;3654.0;3653.75
2022.09.30 15:50:21;1664553021929;3656.0;1;0;1;3654.0;3653.75
2022.09.30 15:50:21;1664553021929;3656.0;3;0;1;3654.0;3653.75
2022.09.30 15:50:21;1664553021929;3656.0;5;0;1;3654.0;3653.75
2022.09.30 15:50:21;1664553021929;3656.0;6;0;1;3654.0;3653.75
2022.09.30 15:50:21;1664553021930;3656.0;1;0;1;3654.0;3653.75
2022.09.30 15:50:21;1664553021930;3656.0;1;0;1;3654.0;3653.75
2022.09.30 15:50:21;1664553021930;3656.0;2;0;1;3654.0;3653.75
2022.09.30 15:50:21;1664553021930;3656.0;1;0;1;3654.0;3653.75
2022.09.30 15:50:21;1664553021930;3656.0;18;0;1;3654.0;3653.75
2022.09.30 15:50:21;1664553021932;3656.0;1;0;1;3654.0;3653.75
2022.09.30 15:50:21;1664553021933;3656.0;2;0;1;3654.0;3653.75
2022.09.30 15:50:21;1664553021933;3656.0;2;0;1;3654.0;3653.75
2022.09.30 15:50:21;1664553021933;3656.0;2;0;1;3654.0;3653.75
2022.09.30 15:50:21;1664553021933;3656.0;2;0;1;3654.0;3653.75
2022.09.30 15:50:21;1664553021933;3656.0;1;0;1;3654.0;3653.75
2022.09.30 15:50:22;1664553022016;3656.25;1;1;0;3654.0;3653.75
2022.09.30 15:50:22;1664553022496;3656.0;1;0;1;3654.0;3653.75
2022.09.30 15:50:22;1664553022587;3656.0;1;0;1;3654.0;3653.75
2022.09.30 15:50:22;1664553022587;3656.0;1;0;1;3654.0;3653.75
2022.09.30 15:50:22;1664553022587;3656.0;1;0;1;3654.0;3653.75
2022.09.30 15:50:22;1664553022587;3656.0;3;0;1;3654.0;3653.75
2022.09.30 15:50:22;1664553022587;3656.0;2;0;1;3654.0;3653.75
2022.09.30 15:50:22;1664553022587;3656.0;1;0;1;3654.0;3653.75
2022.09.30 15:50:22;1664553022587;3656.0;1;0;1;3654.0;3653.75
2022.09.30 15:50:22;1664553022587;3656.0;1;0;1;3654.0;3653.75
2022.09.30 15:50:22;1664553022587;3656.0;3;0;1;3654.0;3653.75
2022.09.30 15:50:22;1664553022587;3656.0;2;0;1;3654.0;3653.75
2022.09.30 15:50:22;1664553022587;3656.0;2;0;1;3654.0;3653.75
2022.09.30 15:50:22;1664553022587;3656.0;1;0;1;3654.0;3653.75
2022.09.30 15:50:22;1664553022587;3656.0;1;0;1;3654.0;3653.75
2022.09.30 15:50:22;1664553022587;3656.0;3;0;1;3654.0;3653.75
2022.09.30 15:50:22;1664553022587;3656.0;1;0;1;3654.0;3653.75
2022.09.30 15:50:22;1664553022587;3656.0;3;0;1;3654.0;3653.75
2022.09.30 15:50:22;1664553022588;3656.0;1;0;1;3654.0;3653.75
2022.09.30 15:50:22;1664553022588;3656.0;1;0;1;3654.0;3653.75
2022.09.30 15:50:22;1664553022588;3656.0;6;0;1;3654.0;3653.75
2022.09.30 15:50:22;1664553022588;3656.0;1;0;1;3654.0;3653.75
2022.09.30 15:50:22;1664553022588;3656.0;1;0;1;3654.0;3653.75
2022.09.30 15:50:22;1664553022588;3656.0;1;0;1;3654.0;3653.75
2022.09.30 15:50:22;1664553022588;3656.0;1;0;1;3654.0;3653.75
2022.09.30 15:50:22;1664553022588;3656.0;1;0;1;3654.0;3653.75
2022.09.30 15:50:22;1664553022588;3656.0;1;0;1;3654.0;3653.75
2022.09.30 15:50:22;1664553022588;3656.0;1;0;1;3654.0;3653.75
2022.09.30 15:50:22;1664553022588;3656.0;1;0;1;3654.0;3653.75
2022.09.30 15:50:22;1664553022810;3656.25;1;1;0;3654.0;3653.75
2022.09.30 15:50:22;1664553022864;3656.0;1;0;1;3654.0;3653.75
2022.09.30 15:50:22;1664553022864;3656.0;1;0;1;3654.0;3653.75
2022.09.30 15:50:22;1664553022864;3656.0;1;0;1;3654.0;3653.75
2022.09.30 15:50:22;1664553022914;3656.25;1;1;0;3654.0;3653.75
2022.09.30 15:50:23;1664553023700;3656.0;1;0;1;3654.0;3653.75
2022.09.30 15:50:23;1664553023700;3656.0;1;0;1;3654.0;3653.75
2022.09.30 15:50:23;1664553023737;3656.25;1;1;0;3654.0;3653.75
2022.09.30 15:50:23;1664553023737;3656.25;2;1;0;3654.0;3653.75
2022.09.30 15:50:23;1664553023737;3656.25;1;1;0;3654.0;3653.75
2022.09.30 15:50:23;1664553023737;3656.25;1;1;0;3654.0;3653.75
2022.09.30 15:50:23;1664553023737;3656.25;1;1;0;3654.0;3653.75
2022.09.30 15:50:23;1664553023737;3656.25;1;1;0;3654.0;3653.75
2022.09.30 15:50:23;1664553023737;3656.25;1;1;0;3654.0;3653.75
2022.09.30 15:50:23;1664553023737;3656.25;1;1;0;3654.0;3653.75
2022.09.30 15:50:23;1664553023737;3656.25;1;1;0;3654.0;3653.75
2022.09.30 15:50:23;1664553023737;3656.25;1;1;0;3654.0;3653.75
2022.09.30 15:50:23;1664553023737;3656.25;1;1;0;3654.0;3653.75
2022.09.30 15:50:23;1664553023737;3656.25;1;1;0;3654.0;3653.75
2022.09.30 15:50:23;1664553023737;3656.25;2;1;0;3654.0;3653.75
2022.09.30 15:50:23;1664553023737;3656.25;1;1;0;3654.0;3653.75
2022.09.30 15:50:23;1664553023737;3656.25;1;1;0;3654.0;3653.75
2022.09.30 15:50:23;1664553023737;3656.25;1;1;0;3654.0;3653.75
2022.09.30 15:50:23;1664553023737;3656.25;1;1;0;3654.0;3653.75
2022.09.30 15:50:23;1664553023738;3656.25;1;1;0;3654.0;3653.75
2022.09.30 15:50:23;1664553023738;3656.25;1;1;0;3654.0;3653.75
2022.09.30 15:50:23;1664553023738;3656.25;1;1;0;3654.0;3653.75
2022.09.30 15:50:23;1664553023738;3656.25;1;1;0;3654.0;3653.75
2022.09.30 15:50:23;1664553023750;3656.25;1;1;0;3654.0;3653.75
2022.09.30 15:50:23;1664553023750;3656.25;1;1;0;3654.0;3653.75
2022.09.30 15:50:23;1664553023750;3656.25;1;1;0;3654.0;3653.75
2022.09.30 15:50:23;1664553023750;3656.25;1;1;0;3654.0;3653.75
2022.09.30 15:50:23;1664553023750;3656.25;1;1;0;3654.0;3653.75
2022.09.30 15:50:23;1664553023750;3656.25;1;0;0;3654.0;3653.75
2022.09.30 15:50:23;1664553023772;3656.25;1;0;1;3654.0;3653.75
2022.09.30 15:50:23;1664553023772;3656.25;1;0;1;3654.0;3653.75
2022.09.30 15:50:23;1664553023774;3656.25;1;0;1;3654.0;3653.75
2022.09.30 15:50:23;1664553023774;3656.25;3;0;1;3654.0;3653.75
2022.09.30 15:50:23;1664553023774;3656.25;1;0;1;3654.0;3653.75
2022.09.30 15:50:23;1664553023774;3656.25;1;0;1;3654.0;3653.75
2022.09.30 15:50:23;1664553023774;3656.25;2;0;1;3654.0;3653.75
2022.09.30 15:50:23;1664553023774;3656.25;2;0;1;3654.0;3653.75
2022.09.30 15:50:23;1664553023775;3656.25;2;0;0;3654.0;3653.75
2022.09.30 15:50:23;1664553023936;3656.0;1;0;1;3654.0;3653.75
2022.09.30 15:50:23;1664553023961;3656.25;3;1;0;3654.0;3653.75
2022.09.30 15:50:23;1664553023961;3656.25;1;1;0;3654.0;3653.75
2022.09.30 15:50:23;1664553023961;3656.25;1;1;0;3654.0;3653.75
2022.09.30 15:50:23;1664553023961;3656.25;1;1;0;3654.0;3653.75
2022.09.30 15:50:23;1664553023961;3656.25;1;1;0;3654.0;3653.75
2022.09.30 15:50:23;1664553023961;3656.25;1;1;0;3654.0;3653.75
2022.09.30 15:50:23;1664553023962;3656.25;4;1;0;3654.0;3653.75
2022.09.30 15:50:23;1664553023963;3656.25;4;0;0;3654.0;3653.75
2022.09.30 15:50:23;1664553023965;3656.25;4;0;0;3654.0;3653.75
2022.09.30 15:50:23;1664553023972;3656.25;1;0;1;3654.0;3653.75
2022.09.30 15:50:23;1664553023973;3656.25;1;0;1;3654.0;3653.75
2022.09.30 15:50:23;1664553023973;3656.25;1;0;0;3654.0;3653.75
2022.09.30 15:50:23;1664553023973;3656.25;1;0;0;3654.0;3653.75
2022.09.30 15:50:24;1664553024067;3656.0;1;0;1;3654.0;3653.75
2022.09.30 15:50:24;1664553024067;3656.0;2;0;1;3654.0;3653.75
2022.09.30 15:50:24;1664553024067;3656.0;1;0;1;3654.0;3653.75
2022.09.30 15:50:24;1664553024067;3656.0;1;0;1;3654.0;3653.75
2022.09.30 15:50:24;1664553024126;3656.0;4;0;1;3654.0;3653.75
2022.09.30 15:50:24;1664553024412;3656.25;1;1;0;3654.0;3653.75
2022.09.30 15:50:24;1664553024412;3656.25;2;1;0;3654.0;3653.75
2022.09.30 15:50:24;1664553024412;3656.25;1;1;0;3654.0;3653.75
2022.09.30 15:50:24;1664553024412;3656.25;1;1;0;3654.0;3653.75
2022.09.30 15:50:24;1664553024412;3656.25;1;1;0;3654.0;3653.75
2022.09.30 15:50:24;1664553024412;3656.25;1;1;0;3654.0;3653.75
2022.09.30 15:50:24;1664553024412;3656.25;3;1;0;3654.0;3653.75
2022.09.30 15:50:24;1664553024412;3656.25;1;1;0;3654.0;3653.75
2022.09.30 15:50:24;1664553024412;3656.25;2;1;0;3654.0;3653.75
2022.09.30 15:50:24;1664553024412;3656.25;1;1;0;3654.0;3653.75
2022.09.30 15:50:24;1664553024412;3656.25;2;0;1;3654.0;3653.75
2022.09.30 15:50:24;1664553024412;3656.25;2;1;0;3654.0;3653.75
2022.09.30 15:50:24;1664553024414;3656.25;4;1;0;3654.0;3653.75
2022.09.30 15:50:24;1664553024414;3656.25;1;1;0;3654.0;3653.75
2022.09.30 15:50:24;1664553024414;3656.25;1;1;0;3654.0;3653.75
2022.09.30 15:50:24;1664553024414;3656.25;1;1;0;3654.0;3653.75
2022.09.30 15:50:24;1664553024414;3656.25;1;0;0;3654.0;3653.75
2022.09.30 15:50:24;1664553024617;3656.25;5;0;1;3654.0;3653.75
2022.09.30 15:50:24;1664553024617;3656.25;1;0;1;3654.0;3653.75
2022.09.30 15:50:24;1664553024617;3656.25;1;0;1;3654.0;3653.75
2022.09.30 15:50:24;1664553024617;3656.25;1;0;1;3654.0;3653.75
2022.09.30 15:50:24;1664553024617;3656.25;2;0;1;3654.0;3653.75
2022.09.30 15:50:24;1664553024617;3656.25;1;0;1;3654.0;3653.75
2022.09.30 15:50:24;1664553024617;3656.25;1;0;0;3654.0;3653.75
2022.09.30 15:50:24;1664553024618;3656.25;1;1;0;3654.0;3653.75
2022.09.30 15:50:24;1664553024814;3656.25;1;1;0;3654.0;3653.75
2022.09.30 15:50:24;1664553024814;3656.25;1;1;0;3654.0;3653.75
2022.09.30 15:50:24;1664553024814;3656.25;1;1;0;3654.0;3653.75
2022.09.30 15:50:24;1664553024814;3656.25;1;1;0;3654.0;3653.75
2022.09.30 15:50:24;1664553024814;3656.25;1;1;0;3654.0;3653.75
2022.09.30 15:50:24;1664553024814;3656.25;1;1;0;3654.0;3653.75
2022.09.30 15:50:24;1664553024814;3656.25;3;1;0;3654.0;3653.75
2022.09.30 15:50:24;1664553024814;3656.25;3;1;0;3654.0;3653.75
2022.09.30 15:50:24;1664553024814;3656.25;3;0;0;3654.0;3653.75
2022.09.30 15:50:24;1664553024816;3656.25;2;0;1;3654.0;3653.75
2022.09.30 15:50:24;1664553024817;3656.25;1;0;1;3654.0;3653.75
2022.09.30 15:50:24;1664553024817;3656.25;1;0;1;3654.0;3653.75
2022.09.30 15:50:24;1664553024817;3656.25;1;0;1;3654.0;3653.75
2022.09.30 15:50:24;1664553024817;3656.25;2;0;1;3654.0;3653.75
2022.09.30 15:50:24;1664553024817;3656.25;1;0;1;3654.0;3653.75
2022.09.30 15:50:24;1664553024817;3656.25;1;0;0;3654.0;3653.75
2022.09.30 15:50:24;1664553024818;3656.25;1;1;0;3654.0;3653.75
2022.09.30 15:50:24;1664553024818;3656.25;1;1;0;3654.0;3653.75
2022.09.30 15:50:24;1664553024818;3656.25;1;1;0;3654.0;3653.75
2022.09.30 15:50:24;1664553024848;3656.25;1;0;0;3654.0;3653.75
2022.09.30 15:50:25;1664553025004;3656.0;1;0;1;3654.0;3653.75
2022.09.30 15:50:25;1664553025004;3656.25;3;1;0;3654.0;3653.75
2022.09.30 15:50:25;1664553025004;3656.25;1;1;0;3654.0;3653.75
2022.09.30 15:50:25;1664553025004;3656.25;1;1;0;3654.0;3653.75
2022.09.30 15:50:25;1664553025004;3656.25;1;1;0;3654.0;3653.75
2022.09.30 15:50:25;1664553025004;3656.25;1;1;0;3654.0;3653.75
2022.09.30 15:50:25;1664553025004;3656.25;1;0;0;3654.0;3653.75
2022.09.30 15:50:25;1664553025004;3656.25;1;0;0;3654.0;3653.75
2022.09.30 15:50:25;1664553025011;3656.25;2;0;1;3654.0;3653.75
2022.09.30 15:50:25;1664553025011;3656.25;1;0;1;3654.0;3653.75
2022.09.30 15:50:25;1664553025011;3656.25;1;0;1;3654.0;3653.75
2022.09.30 15:50:25;1664553025011;3656.25;1;0;0;3654.0;3653.75
2022.09.30 15:50:25;1664553025102;3656.25;1;1;0;3654.0;3653.75
2022.09.30 15:50:25;1664553025102;3656.25;2;1;0;3654.0;3653.75
2022.09.30 15:50:25;1664553025102;3656.25;1;1;0;3654.0;3653.75
2022.09.30 15:50:25;1664553025102;3656.25;1;1;0;3654.0;3653.75
2022.09.30 15:50:25;1664553025102;3656.25;3;0;1;3654.0;3653.75
2022.09.30 15:50:25;1664553025123;3656.25;5;1;0;3654.0;3653.75
2022.09.30 15:50:25;1664553025130;3656.25;1;1;0;3654.0;3653.75
2022.09.30 15:50:25;1664553025130;3656.25;1;1;0;3654.0;3653.75
2022.09.30 15:50:25;1664553025130;3656.25;3;1;0;3654.0;3653.75
2022.09.30 15:50:25;1664553025130;3656.25;1;1;0;3654.0;3653.75
2022.09.30 15:50:25;1664553025132;3656.25;1;0;0;3654.0;3653.75
2022.09.30 15:50:25;1664553025316;3656.25;1;0;1;3654.0;3653.75
2022.09.30 15:50:25;1664553025326;3656.25;5;0;1;3654.0;3653.75
2022.09.30 15:50:25;1664553025326;3656.25;1;0;1;3654.0;3653.75
2022.09.30 15:50:25;1664553025327;3656.25;1;0;1;3654.0;3653.75
2022.09.30 15:50:25;1664553025329;3656.25;1;0;0;3654.0;3653.75
2022.09.30 15:50:25;1664553025630;3656.25;1;1;0;3654.0;3653.75
2022.09.30 15:50:25;1664553025899;3656.25;1;1;0;3654.0;3653.75
2022.09.30 15:50:26;1664553026123;3656.25;1;1;0;3654.0;3653.75
2022.09.30 15:50:26;1664553026281;3656.25;1;1;0;3654.0;3653.75
2022.09.30 15:50:26;1664553026304;3656.25;2;1;0;3654.0;3653.75
2022.09.30 15:50:26;1664553026304;3656.25;1;1;0;3654.0;3653.75
2022.09.30 15:50:26;1664553026305;3656.25;1;1;0;3654.0;3653.75
2022.09.30 15:50:26;1664553026305;3656.25;1;1;0;3654.0;3653.75
2022.09.30 15:50:26;1664553026305;3656.25;1;1;0;3654.0;3653.75
2022.09.30 15:50:26;1664553026305;3656.25;2;1;0;3654.0;3653.75
2022.09.30 15:50:26;1664553026305;3656.25;1;1;0;3654.0;3653.75
2022.09.30 15:50:26;1664553026305;3656.25;2;1;0;3654.0;3653.75
2022.09.30 15:50:26;1664553026305;3656.25;1;1;0;3654.0;3653.75
2022.09.30 15:50:26;1664553026305;3656.25;1;0;0;3654.0;3653.75
2022.09.30 15:50:26;1664553026547;3656.25;1;0;1;3654.0;3653.75
2022.09.30 15:50:26;1664553026547;3656.5;1;1;0;3654.0;3653.75
2022.09.30 15:50:26;1664553026547;3656.5;1;1;0;3654.0;3653.75
2022.09.30 15:50:26;1664553026547;3656.5;1;1;0;3654.0;3653.75
2022.09.30 15:50:26;1664553026572;3656.5;1;1;0;3654.0;3653.75
2022.09.30 15:50:26;1664553026618;3656.25;1;0;1;3654.0;3653.75
2022.09.30 15:50:26;1664553026740;3656.25;1;0;1;3654.0;3653.75
2022.09.30 15:50:26;1664553026740;3656.25;1;0;1;3654.0;3653.75
2022.09.30 15:50:26;1664553026740;3656.25;1;0;1;3654.0;3653.75
2022.09.30 15:50:26;1664553026740;3656.25;1;0;0;3654.0;3653.75
2022.09.30 15:50:27;1664553027092;3656.0;1;0;1;3654.0;3653.75
2022.09.30 15:50:27;1664553027092;3656.0;1;0;1;3654.0;3653.75
2022.09.30 15:50:27;1664553027092;3656.0;1;0;1;3654.0;3653.75
2022.09.30 15:50:27;1664553027092;3656.0;1;0;1;3654.0;3653.75
2022.09.30 15:50:27;1664553027092;3656.0;4;0;1;3654.0;3653.75
2022.09.30 15:50:27;1664553027092;3656.0;1;0;1;3654.0;3653.75
2022.09.30 15:50:27;1664553027092;3656.0;1;0;1;3654.0;3653.75
2022.09.30 15:50:27;1664553027092;3656.0;3;0;1;3654.0;3653.75
2022.09.30 15:50:27;1664553027092;3656.0;1;0;1;3654.0;3653.75
2022.09.30 15:50:27;1664553027092;3656.0;2;0;1;3654.0;3653.75
2022.09.30 15:50:27;1664553027092;3656.0;1;0;1;3654.0;3653.75
2022.09.30 15:50:27;1664553027092;3656.0;1;0;1;3654.0;3653.75
2022.09.30 15:50:27;1664553027092;3656.0;1;0;1;3654.0;3653.75
2022.09.30 15:50:27;1664553027092;3656.0;3;0;1;3654.0;3653.75
2022.09.30 15:50:27;1664553027092;3656.0;1;0;1;3654.0;3653.75
2022.09.30 15:50:27;1664553027092;3656.0;1;0;1;3654.0;3653.75
2022.09.30 15:50:27;1664553027092;3656.0;1;0;1;3654.0;3653.75
2022.09.30 15:50:27;1664553027092;3656.0;1;0;1;3654.0;3653.75
2022.09.30 15:50:27;1664553027092;3656.0;1;0;1;3654.0;3653.75
2022.09.30 15:50:27;1664553027092;3656.0;1;0;1;3654.0;3653.75
2022.09.30 15:50:27;1664553027092;3656.0;6;0;1;3654.0;3653.75
2022.09.30 15:50:27;1664553027093;3656.0;4;0;1;3654.0;3653.75
2022.09.30 15:50:27;1664553027093;3656.0;2;0;1;3654.0;3653.75
2022.09.30 15:50:27;1664553027093;3656.0;11;0;1;3654.0;3653.75
2022.09.30 15:50:27;1664553027093;3656.0;4;0;1;3654.0;3653.75
2022.09.30 15:50:27;1664553027097;3656.0;4;0;1;3654.0;3653.75
2022.09.30 15:50:27;1664553027097;3656.0;5;0;1;3654.0;3653.75
2022.09.30 15:50:27;1664553027097;3656.0;1;0;1;3654.0;3653.75
2022.09.30 15:50:27;1664553027098;3656.0;1;0;1;3654.0;3653.75
2022.09.30 15:50:27;1664553027098;3656.0;2;0;1;3654.0;3653.75
2022.09.30 15:50:27;1664553027098;3656.0;1;0;1;3654.0;3653.75
2022.09.30 15:50:27;1664553027098;3656.0;1;0;1;3654.0;3653.75
2022.09.30 15:50:27;1664553027098;3656.0;1;0;1;3654.0;3653.75
2022.09.30 15:50:27;1664553027098;3656.0;1;0;1;3654.0;3653.75
2022.09.30 15:50:27;1664553027098;3656.0;1;0;1;3654.0;3653.75
2022.09.30 15:50:27;1664553027098;3656.0;1;0;1;3654.0;3653.75
2022.09.30 15:50:27;1664553027098;3656.0;1;0;1;3654.0;3653.75
2022.09.30 15:50:27;1664553027098;3656.0;1;0;1;3654.0;3653.75
2022.09.30 15:50:27;1664553027098;3656.0;1;0;1;3654.0;3653.75
2022.09.30 15:50:27;1664553027098;3656.0;1;0;1;3654.0;3653.75
2022.09.30 15:50:27;1664553027098;3656.0;1;0;1;3654.0;3653.75
2022.09.30 15:50:27;1664553027201;3656.25;3;1;0;3654.0;3653.75
2022.09.30 15:50:27;1664553027462;3656.0;2;0;1;3654.0;3653.75
2022.09.30 15:50:27;1664553027462;3656.0;1;0;1;3654.0;3653.75
2022.09.30 15:50:27;1664553027462;3656.0;1;0;1;3654.0;3653.75
2022.09.30 15:50:27;1664553027462;3656.0;1;0;1;3654.0;3653.75
2022.09.30 15:50:27;1664553027463;3656.0;5;0;1;3654.0;3653.75
2022.09.30 15:50:27;1664553027463;3656.0;1;0;1;3654.0;3653.75
2022.09.30 15:50:27;1664553027463;3656.0;1;0;1;3654.0;3653.75
2022.09.30 15:50:27;1664553027463;3656.0;1;0;1;3654.0;3653.75
2022.09.30 15:50:27;1664553027463;3656.0;1;0;1;3654.0;3653.75
2022.09.30 15:50:27;1664553027463;3656.0;1;0;1;3654.0;3653.75
2022.09.30 15:50:27;1664553027463;3656.0;1;0;1;3654.0;3653.75
2022.09.30 15:50:27;1664553027463;3656.0;1;0;1;3654.0;3653.75
2022.09.30 15:50:27;1664553027464;3656.0;1;0;1;3654.0;3653.75
2022.09.30 15:50:27;1664553027464;3656.0;1;0;1;3654.0;3653.75
2022.09.30 15:50:27;1664553027464;3656.0;1;0;1;3654.0;3653.75
2022.09.30 15:50:27;1664553027464;3656.0;1;0;1;3654.0;3653.75
2022.09.30 15:50:27;1664553027464;3656.0;1;0;0;3654.0;3653.75
2022.09.30 15:50:27;1664553027471;3655.75;1;0;1;3654.0;3653.75
2022.09.30 15:50:27;1664553027471;3655.75;1;0;1;3654.0;3653.75
2022.09.30 15:50:27;1664553027471;3655.75;1;0;1;3654.0;3653.75
2022.09.30 15:50:27;1664553027471;3655.75;1;0;1;3654.0;3653.75
2022.09.30 15:50:27;1664553027471;3655.75;1;0;1;3654.0;3653.75
2022.09.30 15:50:27;1664553027471;3655.75;1;0;1;3654.0;3653.75
2022.09.30 15:50:27;1664553027471;3655.75;1;0;1;3654.0;3653.75
2022.09.30 15:50:27;1664553027471;3655.75;1;0;1;3654.0;3653.75
2022.09.30 15:50:27;1664553027472;3655.75;1;0;1;3654.0;3653.75
2022.09.30 15:50:27;1664553027472;3655.75;1;0;1;3654.0;3653.75
2022.09.30 15:50:27;1664553027472;3655.75;2;0;1;3654.0;3653.75
2022.09.30 15:50:27;1664553027472;3655.75;1;0;1;3654.0;3653.75
2022.09.30 15:50:27;1664553027472;3655.75;1;0;1;3654.0;3653.75
2022.09.30 15:50:27;1664553027472;3655.75;1;0;1;3654.0;3653.75
2022.09.30 15:50:27;1664553027472;3655.75;1;0;1;3654.0;3653.75
2022.09.30 15:50:27;1664553027472;3655.75;3;0;1;3654.0;3653.75
2022.09.30 15:50:27;1664553027472;3655.75;1;0;1;3654.0;3653.75
2022.09.30 15:50:27;1664553027472;3655.75;1;0;1;3654.0;3653.75
2022.09.30 15:50:27;1664553027472;3655.75;1;0;1;3654.0;3653.75
2022.09.30 15:50:27;1664553027472;3655.75;1;0;1;3654.0;3653.75
2022.09.30 15:50:27;1664553027472;3655.75;1;0;1;3654.0;3653.75
2022.09.30 15:50:27;1664553027472;3655.75;4;0;1;3654.0;3653.75
2022.09.30 15:50:27;1664553027473;3655.75;1;0;1;3654.0;3653.75
2022.09.30 15:50:27;1664553027473;3655.75;1;0;1;3654.0;3653.75
2022.09.30 15:50:27;1664553027473;3655.75;1;0;1;3654.0;3653.75
2022.09.30 15:50:27;1664553027473;3655.75;2;0;1;3654.0;3653.75
2022.09.30 15:50:27;1664553027473;3655.75;8;0;1;3654.0;3653.75
2022.09.30 15:50:27;1664553027473;3655.75;1;0;1;3654.0;3653.75
2022.09.30 15:50:27;1664553027473;3655.75;1;0;1;3654.0;3653.75
2022.09.30 15:50:27;1664553027473;3655.75;1;0;1;3654.0;3653.75
2022.09.30 15:50:27;1664553027473;3655.75;1;0;1;3654.0;3653.75
2022.09.30 15:50:27;1664553027473;3655.75;1;0;1;3654.0;3653.75
2022.09.30 15:50:27;1664553027473;3655.75;2;0;1;3654.0;3653.75
2022.09.30 15:50:27;1664553027473;3655.75;1;0;1;3654.0;3653.75
2022.09.30 15:50:27;1664553027473;3655.75;1;0;1;3654.0;3653.75
2022.09.30 15:50:27;1664553027473;3655.75;4;0;1;3654.0;3653.75
2022.09.30 15:50:27;1664553027473;3655.75;1;0;1;3654.0;3653.75
2022.09.30 15:50:27;1664553027473;3655.75;1;1;0;3654.0;3653.75
2022.09.30 15:50:27;1664553027473;3655.75;1;0;1;3654.0;3653.75
2022.09.30 15:50:27;1664553027473;3655.75;1;0;1;3654.0;3653.75
2022.09.30 15:50:27;1664553027473;3655.75;1;0;1;3654.0;3653.75
2022.09.30 15:50:27;1664553027473;3655.75;1;0;1;3654.0;3653.75
2022.09.30 15:50:27;1664553027473;3655.75;1;0;1;3654.0;3653.75
2022.09.30 15:50:27;1664553027473;3655.75;1;0;1;3654.0;3653.75
2022.09.30 15:50:27;1664553027473;3655.75;1;0;1;3654.0;3653.75
2022.09.30 15:50:27;1664553027485;3655.75;1;0;1;3654.0;3653.75
2022.09.30 15:50:27;1664553027485;3655.75;1;0;1;3654.0;3653.75
2022.09.30 15:50:27;1664553027779;3656.0;1;1;0;3654.0;3653.75
2022.09.30 15:50:27;1664553027779;3656.0;1;1;0;3654.0;3653.75
2022.09.30 15:50:27;1664553027779;3656.0;1;1;0;3654.0;3653.75
2022.09.30 15:50:27;1664553027848;3655.75;1;0;1;3654.0;3653.75
2022.09.30 15:50:27;1664553027848;3655.75;1;0;1;3654.0;3653.75
2022.09.30 15:50:27;1664553027848;3655.75;1;0;1;3654.0;3653.75
2022.09.30 15:50:27;1664553027848;3655.75;1;0;0;3654.0;3653.75
2022.09.30 15:50:27;1664553027848;3655.75;1;0;0;3654.0;3653.75
2022.09.30 15:50:27;1664553027929;3655.75;1;1;0;3654.0;3653.75
2022.09.30 15:50:28;1664553028282;3655.5;1;0;1;3654.0;3653.75
2022.09.30 15:50:28;1664553028282;3655.5;1;0;1;3654.0;3653.75
2022.09.30 15:50:28;1664553028352;3655.75;1;1;0;3654.0;3653.75
2022.09.30 15:50:28;1664553028389;3655.5;1;0;1;3654.0;3653.75
2022.09.30 15:50:28;1664553028401;3655.5;2;0;1;3654.0;3653.75
2022.09.30 15:50:28;1664553028415;3655.75;2;1;0;3654.0;3653.75
2022.09.30 15:50:28;1664553028415;3655.75;1;1;0;3654.0;3653.75
2022.09.30 15:50:28;1664553028439;3655.5;1;0;1;3654.0;3653.75
2022.09.30 15:50:28;1664553028771;3655.75;1;1;0;3654.0;3653.75
2022.09.30 15:50:28;1664553028772;3655.75;1;1;0;3654.0;3653.75
2022.09.30 15:50:28;1664553028772;3655.75;1;1;0;3654.0;3653.75
2022.09.30 15:50:28;1664553028772;3655.75;1;1;0;3654.0;3653.75
2022.09.30 15:50:28;1664553028772;3655.75;1;1;0;3654.0;3653.75
2022.09.30 15:50:28;1664553028772;3655.75;3;1;0;3654.0;3653.75
2022.09.30 15:50:28;1664553028772;3655.75;1;1;0;3654.0;3653.75
2022.09.30 15:50:28;1664553028772;3655.75;1;1;0;3654.0;3653.75
2022.09.30 15:50:29;1664553029004;3655.5;1;0;1;3654.0;3653.75
2022.09.30 15:50:29;1664553029004;3655.5;1;0;1;3654.0;3653.75
2022.09.30 15:50:29;1664553029004;3655.5;1;0;1;3654.0;3653.75
2022.09.30 15:50:29;1664553029005;3655.5;1;0;1;3654.0;3653.75
2022.09.30 15:50:29;1664553029005;3655.5;2;0;1;3654.0;3653.75
2022.09.30 15:50:29;1664553029006;3655.5;17;0;1;3654.0;3653.75
2022.09.30 15:50:29;1664553029006;3655.5;1;0;1;3654.0;3653.75
2022.09.30 15:50:29;1664553029006;3655.5;2;0;1;3654.0;3653.75
2022.09.30 15:50:29;1664553029006;3655.5;1;0;1;3654.0;3653.75
2022.09.30 15:50:29;1664553029006;3655.5;3;0;1;3654.0;3653.75
2022.09.30 15:50:29;1664553029007;3655.5;1;0;1;3654.0;3653.75
2022.09.30 15:50:29;1664553029007;3655.5;1;0;1;3654.0;3653.75
2022.09.30 15:50:29;1664553029007;3655.5;1;0;1;3654.0;3653.75
2022.09.30 15:50:29;1664553029007;3655.5;1;0;1;3654.0;3653.75
2022.09.30 15:50:29;1664553029007;3655.5;1;0;0;3654.0;3653.75
2022.09.30 15:50:29;1664553029085;3655.25;2;0;1;3654.0;3653.75
2022.09.30 15:50:29;1664553029085;3655.25;2;0;1;3654.0;3653.75
2022.09.30 15:50:29;1664553029086;3655.5;1;1;0;3654.0;3653.75
2022.09.30 15:50:29;1664553029086;3655.5;1;1;0;3654.0;3653.75
2022.09.30 15:50:29;1664553029086;3655.5;1;1;0;3654.0;3653.75
2022.09.30 15:50:29;1664553029086;3655.5;1;1;0;3654.0;3653.75
2022.09.30 15:50:29;1664553029086;3655.5;1;1;0;3654.0;3653.75
2022.09.30 15:50:29;1664553029086;3655.5;1;1;0;3654.0;3653.75
2022.09.30 15:50:29;1664553029086;3655.5;3;1;0;3654.0;3653.75
2022.09.30 15:50:29;1664553029086;3655.5;1;1;0;3654.0;3653.75
2022.09.30 15:50:29;1664553029086;3655.5;1;1;0;3654.0;3653.75
2022.09.30 15:50:29;1664553029087;3655.5;1;1;0;3654.0;3653.75
2022.09.30 15:50:29;1664553029087;3655.5;1;1;0;3654.0;3653.75
2022.09.30 15:50:29;1664553029087;3655.5;1;1;0;3654.0;3653.75
2022.09.30 15:50:29;1664553029087;3655.5;3;1;0;3654.0;3653.75
2022.09.30 15:50:29;1664553029087;3655.5;1;1;0;3654.0;3653.75
2022.09.30 15:50:29;1664553029087;3655.5;1;1;0;3654.0;3653.75
2022.09.30 15:50:29;1664553029087;3655.5;3;1;0;3654.0;3653.75
2022.09.30 15:50:29;1664553029087;3655.5;1;1;0;3654.0;3653.75
2022.09.30 15:50:29;1664553029087;3655.5;1;1;0;3654.0;3653.75
2022.09.30 15:50:29;1664553029087;3655.5;1;1;0;3654.0;3653.75
2022.09.30 15:50:29;1664553029087;3655.5;1;0;0;3654.0;3653.75
2022.09.30 15:50:29;1664553029250;3655.5;1;0;1;3654.0;3653.75
2022.09.30 15:50:29;1664553029250;3655.5;2;0;1;3654.0;3653.75
2022.09.30 15:50:29;1664553029250;3655.5;1;0;1;3654.0;3653.75
2022.09.30 15:50:29;1664553029250;3655.5;1;0;1;3654.0;3653.75
2022.09.30 15:50:29;1664553029250;3655.5;1;0;0;3654.0;3653.75
2022.09.30 15:50:29;1664553029289;3655.5;1;1;0;3654.0;3653.75
2022.09.30 15:50:29;1664553029289;3655.5;1;1;0;3654.0;3653.75
2022.09.30 15:50:29;1664553029289;3655.5;1;1;0;3654.0;3653.75
2022.09.30 15:50:29;1664553029289;3655.5;1;1;0;3654.0;3653.75
2022.09.30 15:50:29;1664553029289;3655.5;1;0;0;3654.0;3653.75
2022.09.30 15:50:29;1664553029380;3655.75;1;1;0;3654.0;3653.75
2022.09.30 15:50:29;1664553029380;3655.75;2;1;0;3654.0;3653.75
2022.09.30 15:50:29;1664553029380;3655.75;1;1;0;3654.0;3653.75
2022.09.30 15:50:29;1664553029380;3655.75;1;1;0;3654.0;3653.75
2022.09.30 15:50:29;1664553029380;3655.75;1;1;0;3654.0;3653.75
2022.09.30 15:50:29;1664553029380;3655.75;1;1;0;3654.0;3653.75
2022.09.30 15:50:29;1664553029380;3655.75;1;1;0;3654.0;3653.75
2022.09.30 15:50:29;1664553029380;3655.75;1;1;0;3654.0;3653.75
2022.09.30 15:50:29;1664553029380;3655.75;1;1;0;3654.0;3653.75
2022.09.30 15:50:29;1664553029380;3655.75;1;1;0;3654.0;3653.75
2022.09.30 15:50:29;1664553029380;3655.75;1;0;0;3654.0;3653.75
2022.09.30 15:50:29;1664553029486;3656.0;1;1;0;3654.0;3653.75
2022.09.30 15:50:29;1664553029486;3656.0;1;1;0;3654.0;3653.75
2022.09.30 15:50:29;1664553029486;3656.0;1;1;0;3654.0;3653.75
2022.09.30 15:50:29;1664553029486;3656.0;1;1;0;3654.0;3653.75
2022.09.30 15:50:29;1664553029486;3656.0;1;1;0;3654.0;3653.75
2022.09.30 15:50:29;1664553029486;3656.0;1;1;0;3654.0;3653.75
2022.09.30 15:50:29;1664553029486;3656.0;1;0;0;3654.0;3653.75
2022.09.30 15:50:29;1664553029486;3656.0;1;0;0;3654.0;3653.75
2022.09.30 15:50:29;1664553029557;3656.0;1;0;1;3654.0;3653.75
2022.09.30 15:50:29;1664553029666;3656.25;1;1;0;3654.0;3653.75
2022.09.30 15:50:29;1664553029666;3656.25;1;1;0;3654.0;3653.75
2022.09.30 15:50:29;1664553029666;3656.25;1;1;0;3654.0;3653.75
2022.09.30 15:50:29;1664553029666;3656.0;1;0;1;3654.0;3653.75
2022.09.30 15:50:29;1664553029752;3656.25;1;1;0;3654.0;3653.75
2022.09.30 15:50:29;1664553029752;3656.25;1;1;0;3654.0;3653.75
2022.09.30 15:50:29;1664553029752;3656.25;1;1;0;3654.0;3653.75
2022.09.30 15:50:29;1664553029752;3656.25;1;1;0;3654.0;3653.75
2022.09.30 15:50:29;1664553029752;3656.25;4;1;0;3654.0;3653.75
2022.09.30 15:50:29;1664553029752;3656.25;4;1;0;3654.0;3653.75
2022.09.30 15:50:29;1664553029752;3656.25;1;1;0;3654.0;3653.75
2022.09.30 15:50:29;1664553029752;3656.25;1;1;0;3654.0;3653.75
2022.09.30 15:50:29;1664553029752;3656.25;1;1;0;3654.0;3653.75
2022.09.30 15:50:29;1664553029777;3656.0;1;0;1;3654.0;3653.75
2022.09.30 15:50:29;1664553029777;3656.0;1;0;1;3654.0;3653.75
2022.09.30 15:50:29;1664553029777;3656.0;1;0;1;3654.0;3653.75
2022.09.30 15:50:29;1664553029777;3656.0;1;0;1;3654.0;3653.75
2022.09.30 15:50:29;1664553029777;3656.0;3;0;1;3654.0;3653.75
2022.09.30 15:50:29;1664553029778;3656.0;1;0;1;3654.0;3653.75
2022.09.30 15:50:29;1664553029778;3656.0;2;0;1;3654.0;3653.75
2022.09.30 15:50:29;1664553029778;3656.0;1;0;1;3654.0;3653.75
2022.09.30 15:50:29;1664553029778;3656.0;6;0;1;3654.0;3653.75
2022.09.30 15:50:29;1664553029778;3656.0;1;0;1;3654.0;3653.75
2022.09.30 15:50:29;1664553029778;3656.0;2;0;1;3654.0;3653.75
2022.09.30 15:50:29;1664553029778;3656.0;2;0;1;3654.0;3653.75
2022.09.30 15:50:29;1664553029778;3656.0;1;0;1;3654.0;3653.75
2022.09.30 15:50:29;1664553029778;3656.0;1;0;1;3654.0;3653.75
2022.09.30 15:50:29;1664553029778;3656.0;1;0;1;3654.0;3653.75
2022.09.30 15:50:29;1664553029779;3656.0;1;0;0;3654.0;3653.75
2022.09.30 15:50:29;1664553029973;3655.75;1;0;1;3654.0;3653.75
2022.09.30 15:50:29;1664553029974;3656.0;1;1;0;3654.0;3653.75
2022.09.30 15:50:30;1664553030106;3656.0;1;0;0;3654.0;3653.75
2022.09.30 15:50:30;1664553030123;3655.75;1;0;1;3654.0;3653.75
2022.09.30 15:50:30;1664553030123;3655.75;1;0;1;3654.0;3653.75
2022.09.30 15:50:30;1664553030123;3655.75;1;0;1;3654.0;3653.75
2022.09.30 15:50:30;1664553030123;3655.75;1;0;1;3654.0;3653.75
2022.09.30 15:50:30;1664553030123;3655.75;2;0;1;3654.0;3653.75
2022.09.30 15:50:30;1664553030124;3655.75;2;0;0;3654.0;3653.75
2022.09.30 15:50:30;1664553030241;3656.0;1;1;0;3654.0;3653.75
2022.09.30 15:50:30;1664553030241;3656.0;1;1;0;3654.0;3653.75
2022.09.30 15:50:30;1664553030241;3656.0;1;0;0;3654.0;3653.75
2022.09.30 15:50:30;1664553030242;3656.0;1;0;1;3654.0;3653.75
2022.09.30 15:50:30;1664553030242;3656.0;2;0;1;3654.0;3653.75
2022.09.30 15:50:30;1664553030242;3656.0;1;0;1;3654.0;3653.75
2022.09.30 15:50:30;1664553030242;3656.0;1;0;0;3654.0;3653.75
2022.09.30 15:50:30;1664553030242;3656.0;1;0;0;3654.0;3653.75
2022.09.30 15:50:30;1664553030248;3656.0;1;1;0;3654.0;3653.75
2022.09.30 15:50:30;1664553030248;3656.0;1;1;0;3654.0;3653.75
2022.09.30 15:50:30;1664553030248;3656.0;1;1;0;3654.0;3653.75
2022.09.30 15:50:30;1664553030248;3656.0;1;1;0;3654.0;3653.75
2022.09.30 15:50:30;1664553030257;3656.0;1;1;0;3654.0;3653.75
2022.09.30 15:50:30;1664553030257;3656.0;1;1;0;3654.0;3653.75
2022.09.30 15:50:30;1664553030393;3656.0;1;1;0;3654.0;3653.75
2022.09.30 15:50:30;1664553030393;3656.0;1;1;0;3654.0;3653.75
2022.09.30 15:50:30;1664553030393;3656.0;1;1;0;3654.0;3653.75
2022.09.30 15:50:30;1664553030393;3656.0;1;1;0;3654.0;3653.75
2022.09.30 15:50:30;1664553030393;3656.0;1;1;0;3654.0;3653.75
2022.09.30 15:50:30;1664553030393;3656.0;1;1;0;3654.0;3653.75
2022.09.30 15:50:30;1664553030393;3656.0;3;1;0;3654.0;3653.75
2022.09.30 15:50:30;1664553030393;3656.0;1;1;0;3654.0;3653.75
2022.09.30 15:50:30;1664553030393;3656.0;1;1;0;3654.0;3653.75
2022.09.30 15:50:30;1664553030393;3656.0;1;1;0;3654.0;3653.75
2022.09.30 15:50:30;1664553030393;3656.0;1;1;0;3654.0;3653.75
2022.09.30 15:50:30;1664553030393;3656.0;2;1;0;3654.0;3653.75
2022.09.30 15:50:30;1664553030393;3656.0;1;1;0;3654.0;3653.75
2022.09.30 15:50:30;1664553030394;3656.0;1;0;0;3654.0;3653.75
2022.09.30 15:50:30;1664553030394;3656.0;1;0;1;3654.0;3653.75
2022.09.30 15:50:30;1664553030394;3656.0;1;0;0;3654.0;3653.75
2022.09.30 15:50:30;1664553030569;3656.0;1;1;0;3654.0;3653.75
2022.09.30 15:50:30;1664553030570;3656.0;5;1;0;3654.0;3653.75
2022.09.30 15:50:30;1664553030570;3656.0;1;1;0;3654.0;3653.75
2022.09.30 15:50:30;1664553030570;3656.0;1;1;0;3654.0;3653.75
2022.09.30 15:50:30;1664553030571;3656.0;1;1;0;3654.0;3653.75
2022.09.30 15:50:30;1664553030571;3656.0;1;1;0;3654.0;3653.75
2022.09.30 15:50:30;1664553030597;3656.0;1;1;0;3654.0;3653.75
2022.09.30 15:50:30;1664553030597;3656.0;1;0;0;3654.0;3653.75
2022.09.30 15:50:30;1664553030603;3656.0;1;0;0;3654.0;3653.75
2022.09.30 15:50:30;1664553030612;3656.0;1;0;1;3654.0;3653.75
2022.09.30 15:50:30;1664553030612;3656.0;4;0;1;3654.0;3653.75
2022.09.30 15:50:30;1664553030612;3656.0;1;0;1;3654.0;3653.75
2022.09.30 15:50:30;1664553030612;3656.0;1;0;1;3654.0;3653.75
2022.09.30 15:50:30;1664553030612;3656.0;1;0;1;3654.0;3653.75
2022.09.30 15:50:30;1664553030612;3656.0;1;0;1;3654.0;3653.75
2022.09.30 15:50:30;1664553030612;3656.0;1;0;0;3654.0;3653.75
2022.09.30 15:50:30;1664553030791;3656.0;3;1;0;3654.0;3653.75
2022.09.30 15:50:30;1664553030829;3656.0;1;1;0;3654.0;3653.75
2022.09.30 15:50:31;1664553031126;3656.0;1;1;0;3654.0;3653.75
2022.09.30 15:50:31;1664553031272;3655.75;3;0;1;3654.0;3653.75
2022.09.30 15:50:31;1664553031272;3655.75;1;0;1;3654.0;3653.75
2022.09.30 15:50:31;1664553031272;3655.75;1;0;1;3654.0;3653.75
2022.09.30 15:50:31;1664553031272;3655.75;3;0;1;3654.0;3653.75
2022.09.30 15:50:31;1664553031273;3655.75;1;0;1;3654.0;3653.75
2022.09.30 15:50:31;1664553031273;3655.75;1;0;1;3654.0;3653.75
2022.09.30 15:50:31;1664553031273;3655.75;1;0;1;3654.0;3653.75
2022.09.30 15:50:31;1664553031273;3655.75;1;0;1;3654.0;3653.75
2022.09.30 15:50:31;1664553031273;3655.75;2;0;1;3654.0;3653.75
2022.09.30 15:50:31;1664553031273;3655.75;8;0;1;3654.0;3653.75
2022.09.30 15:50:31;1664553031273;3655.75;1;0;1;3654.0;3653.75
2022.09.30 15:50:31;1664553031273;3655.75;1;0;1;3654.0;3653.75
2022.09.30 15:50:31;1664553031273;3655.75;1;1;0;3654.0;3653.75
2022.09.30 15:50:31;1664553031273;3655.75;1;1;0;3654.0;3653.75
2022.09.30 15:50:31;1664553031273;3655.75;1;1;0;3654.0;3653.75
2022.09.30 15:50:31;1664553031273;3655.75;1;0;0;3654.0;3653.75
2022.09.30 15:50:31;1664553031516;3655.75;1;1;0;3654.0;3653.75
2022.09.30 15:50:31;1664553031516;3655.75;1;1;0;3654.0;3653.75
2022.09.30 15:50:31;1664553031516;3655.75;1;1;0;3654.0;3653.75
2022.09.30 15:50:31;1664553031768;3655.75;1;1;0;3654.0;3653.75
2022.09.30 15:50:31;1664553031768;3655.75;2;1;0;3654.0;3653.75
2022.09.30 15:50:31;1664553031768;3655.75;2;1;0;3654.0;3653.75
2022.09.30 15:50:32;1664553032002;3655.75;1;1;0;3654.0;3653.75
2022.09.30 15:50:32;1664553032002;3655.75;1;1;0;3654.0;3653.75
2022.09.30 15:50:32;1664553032002;3655.75;1;1;0;3654.0;3653.75
2022.09.30 15:50:32;1664553032002;3655.75;1;1;0;3654.0;3653.75
2022.09.30 15:50:32;1664553032002;3655.75;1;1;0;3654.0;3653.75
2022.09.30 15:50:32;1664553032002;3655.75;1;1;0;3654.0;3653.75
2022.09.30 15:50:32;1664553032002;3655.75;2;1;0;3654.0;3653.75
2022.09.30 15:50:32;1664553032003;3655.75;2;0;0;3654.0;3653.75
2022.09.30 15:50:32;1664553032092;3655.75;4;0;1;3654.0;3653.75
2022.09.30 15:50:32;1664553032092;3655.75;6;0;1;3654.0;3653.75
2022.09.30 15:50:32;1664553032092;3655.75;1;0;1;3654.0;3653.75
2022.09.30 15:50:32;1664553032093;3655.75;1;0;1;3654.0;3653.75
2022.09.30 15:50:32;1664553032093;3655.75;2;0;1;3654.0;3653.75
2022.09.30 15:50:32;1664553032093;3655.75;1;0;1;3654.0;3653.75
2022.09.30 15:50:32;1664553032093;3655.75;1;0;1;3654.0;3653.75
2022.09.30 15:50:32;1664553032093;3655.75;1;0;1;3654.0;3653.75
2022.09.30 15:50:32;1664553032093;3655.75;1;0;1;3654.0;3653.75
2022.09.30 15:50:32;1664553032093;3655.75;2;0;1;3654.0;3653.75
2022.09.30 15:50:32;1664553032093;3655.75;1;0;1;3654.0;3653.75
2022.09.30 15:50:32;1664553032093;3655.75;1;0;0;3654.0;3653.75
2022.09.30 15:50:32;1664553032106;3655.75;1;1;0;3654.0;3653.75
2022.09.30 15:50:32;1664553032106;3655.75;1;1;0;3654.0;3653.75
2022.09.30 15:50:32;1664553032106;3655.75;1;1;0;3654.0;3653.75
2022.09.30 15:50:32;1664553032106;3655.75;1;1;0;3654.0;3653.75
2022.09.30 15:50:32;1664553032106;3655.75;1;1;0;3654.0;3653.75
2022.09.30 15:50:32;1664553032106;3655.75;1;1;0;3654.0;3653.75
2022.09.30 15:50:32;1664553032108;3655.75;1;0;0;3654.0;3653.75
2022.09.30 15:50:32;1664553032109;3655.75;1;0;1;3654.0;3653.75
2022.09.30 15:50:32;1664553032109;3655.75;1;0;1;3654.0;3653.75
2022.09.30 15:50:32;1664553032109;3655.75;1;0;1;3654.0;3653.75
2022.09.30 15:50:32;1664553032109;3655.75;1;0;0;3654.0;3653.75
2022.09.30 15:50:32;1664553032110;3655.75;1;1;0;3654.0;3653.75
2022.09.30 15:50:32;1664553032110;3655.75;1;1;0;3654.0;3653.75
2022.09.30 15:50:32;1664553032110;3655.75;3;1;0;3654.0;3653.75
2022.09.30 15:50:32;1664553032110;3655.75;1;1;0;3654.0;3653.75
2022.09.30 15:50:32;1664553032110;3655.75;1;1;0;3654.0;3653.75
2022.09.30 15:50:32;1664553032110;3655.75;1;0;0;3654.0;3653.75
2022.09.30 15:50:32;1664553032110;3655.75;1;0;0;3654.0;3653.75
2022.09.30 15:50:32;1664553032136;3655.75;1;0;1;3654.0;3653.75
2022.09.30 15:50:32;1664553032137;3655.75;1;0;1;3654.0;3653.75
2022.09.30 15:50:32;1664553032308;3655.75;2;0;1;3654.0;3653.75
2022.09.30 15:50:32;1664553032308;3655.75;1;0;1;3654.0;3653.75
2022.09.30 15:50:32;1664553032308;3655.75;1;0;1;3654.0;3653.75
2022.09.30 15:50:32;1664553032310;3655.75;1;0;1;3654.0;3653.75
2022.09.30 15:50:32;1664553032310;3655.75;1;0;1;3654.0;3653.75
2022.09.30 15:50:32;1664553032310;3655.75;1;0;1;3654.0;3653.75
2022.09.30 15:50:32;1664553032310;3655.75;1;0;1;3654.0;3653.75
2022.09.30 15:50:32;1664553032310;3655.75;1;0;0;3654.0;3653.75
2022.09.30 15:50:32;1664553032372;3655.75;1;0;0;3654.0;3653.75
2022.09.30 15:50:32;1664553032404;3655.75;1;0;0;3654.0;3653.75
2022.09.30 15:50:32;1664553032469;3655.75;1;0;1;3654.0;3653.75
2022.09.30 15:50:32;1664553032530;3655.75;1;0;1;3654.0;3653.75
2022.09.30 15:50:32;1664553032530;3655.75;1;0;1;3654.0;3653.75
2022.09.30 15:50:32;1664553032531;3655.75;1;0;0;3654.0;3653.75
2022.09.30 15:50:32;1664553032600;3655.75;1;1;0;3654.0;3653.75
2022.09.30 15:50:32;1664553032656;3655.75;1;1;0;3654.0;3653.75
2022.09.30 15:50:32;1664553032656;3655.75;1;1;0;3654.0;3653.75
2022.09.30 15:50:32;1664553032656;3655.75;1;1;0;3654.0;3653.75
2022.09.30 15:50:32;1664553032656;3655.75;1;0;0;3654.0;3653.75
2022.09.30 15:50:32;1664553032657;3655.75;1;0;0;3654.0;3653.75
2022.09.30 15:50:32;1664553032660;3655.75;1;0;1;3654.0;3653.75
2022.09.30 15:50:32;1664553032660;3655.75;1;0;1;3654.0;3653.75
2022.09.30 15:50:32;1664553032660;3655.75;1;0;1;3654.0;3653.75
2022.09.30 15:50:32;1664553032660;3655.75;1;0;0;3654.0;3653.75
2022.09.30 15:50:32;1664553032804;3655.5;1;0;1;3654.0;3653.75
2022.09.30 15:50:32;1664553032838;3655.75;1;1;0;3654.0;3653.75
2022.09.30 15:50:32;1664553032838;3655.75;1;1;0;3654.0;3653.75
2022.09.30 15:50:32;1664553032838;3655.75;1;1;0;3654.0;3653.75
2022.09.30 15:50:32;1664553032838;3655.75;1;1;0;3654.0;3653.75
2022.09.30 15:50:32;1664553032838;3655.75;1;1;0;3654.0;3653.75
2022.09.30 15:50:32;1664553032839;3655.75;1;1;0;3654.0;3653.75
2022.09.30 15:50:32;1664553032839;3655.75;1;0;0;3654.0;3653.75
2022.09.30 15:50:32;1664553032877;3655.75;3;0;1;3654.0;3653.75
2022.09.30 15:50:32;1664553032877;3655.75;3;0;0;3654.0;3653.75
2022.09.30 15:50:32;1664553032925;3655.75;3;0;0;3654.0;3653.75
2022.09.30 15:50:33;1664553033070;3655.75;3;0;1;3654.0;3653.75
2022.09.30 15:50:33;1664553033437;3656.0;1;1;0;3654.0;3653.75
2022.09.30 15:50:33;1664553033553;3656.0;2;1;0;3654.0;3653.75
2022.09.30 15:50:33;1664553033590;3655.75;1;0;1;3654.0;3653.75
2022.09.30 15:50:33;1664553033590;3655.75;1;0;1;3654.0;3653.75
2022.09.30 15:50:33;1664553033590;3655.75;1;0;1;3654.0;3653.75
2022.09.30 15:50:33;1664553033590;3655.75;1;0;1;3654.0;3653.75
2022.09.30 15:50:33;1664553033590;3655.75;1;0;1;3654.0;3653.75
2022.09.30 15:50:33;1664553033590;3655.75;1;0;1;3654.0;3653.75
2022.09.30 15:50:33;1664553033591;3655.75;1;0;1;3654.0;3653.75
2022.09.30 15:50:33;1664553033591;3655.75;1;0;1;3654.0;3653.75
2022.09.30 15:50:33;1664553033591;3655.75;4;0;1;3654.0;3653.75
2022.09.30 15:50:33;1664553033591;3655.75;2;0;1;3654.0;3653.75
2022.09.30 15:50:33;1664553033591;3655.75;3;0;1;3654.0;3653.75
2022.09.30 15:50:33;1664553033591;3655.75;3;0;1;3654.0;3653.75
2022.09.30 15:50:33;1664553033591;3655.75;1;0;1;3654.0;3653.75
2022.09.30 15:50:33;1664553033591;3655.75;1;0;1;3654.0;3653.75
2022.09.30 15:50:33;1664553033591;3655.75;1;0;1;3654.0;3653.75
2022.09.30 15:50:33;1664553033591;3655.75;5;0;1;3654.0;3653.75
2022.09.30 15:50:33;1664553033591;3655.75;1;0;1;3654.0;3653.75
2022.09.30 15:50:33;1664553033591;3655.75;1;0;1;3654.0;3653.75
2022.09.30 15:50:33;1664553033591;3655.75;3;0;1;3654.0;3653.75
2022.09.30 15:50:33;1664553033591;3655.75;5;0;1;3654.0;3653.75
2022.09.30 15:50:33;1664553033591;3655.5;3;0;1;3654.0;3653.75
2022.09.30 15:50:33;1664553033591;3655.5;5;0;1;3654.0;3653.75
2022.09.30 15:50:33;1664553033591;3655.5;2;0;1;3654.0;3653.75
2022.09.30 15:50:33;1664553033591;3655.5;1;0;1;3654.0;3653.75
2022.09.30 15:50:33;1664553033591;3655.5;1;0;1;3654.0;3653.75
2022.09.30 15:50:33;1664553033591;3655.5;1;0;1;3654.0;3653.75
2022.09.30 15:50:33;1664553033592;3655.5;1;0;1;3654.0;3653.75
2022.09.30 15:50:33;1664553033592;3655.5;1;0;1;3654.0;3653.75
2022.09.30 15:50:33;1664553033592;3655.5;2;0;1;3654.0;3653.75
2022.09.30 15:50:33;1664553033592;3655.5;1;0;1;3654.0;3653.75
2022.09.30 15:50:33;1664553033592;3655.5;4;0;1;3654.0;3653.75
2022.09.30 15:50:33;1664553033592;3655.5;4;0;0;3654.0;3653.75
2022.09.30 15:50:33;1664553033593;3655.5;4;0;0;3654.0;3653.75
2022.09.30 15:50:33;1664553033594;3655.75;4;1;0;3654.0;3653.75
2022.09.30 15:50:33;1664553033594;3655.75;6;1;0;3654.0;3653.75
2022.09.30 15:50:33;1664553033594;3655.75;1;1;0;3654.0;3653.75
2022.09.30 15:50:33;1664553033594;3655.75;1;1;0;3654.0;3653.75
2022.09.30 15:50:33;1664553033594;3655.75;1;1;0;3654.0;3653.75
2022.09.30 15:50:33;1664553033594;3655.75;1;1;0;3654.0;3653.75
2022.09.30 15:50:33;1664553033594;3655.75;2;1;0;3654.0;3653.75
2022.09.30 15:50:33;1664553033594;3655.75;1;1;0;3654.0;3653.75
2022.09.30 15:50:33;1664553033594;3655.75;1;1;0;3654.0;3653.75
2022.09.30 15:50:33;1664553033594;3655.75;1;1;0;3654.0;3653.75
2022.09.30 15:50:33;1664553033594;3655.75;1;0;1;3654.0;3653.75
2022.09.30 15:50:33;1664553033595;3655.75;1;0;0;3654.0;3653.75
2022.09.30 15:50:33;1664553033612;3655.75;1;0;0;3654.0;3653.75
2022.09.30 15:50:33;1664553033617;3655.75;1;1;0;3654.0;3653.75
2022.09.30 15:50:33;1664553033617;3655.75;1;1;0;3654.0;3653.75
2022.09.30 15:50:33;1664553033617;3655.75;1;1;0;3654.0;3653.75
2022.09.30 15:50:33;1664553033617;3655.75;1;1;0;3654.0;3653.75
2022.09.30 15:50:33;1664553033617;3655.75;2;1;0;3654.0;3653.75
2022.09.30 15:50:33;1664553033617;3655.75;1;1;0;3654.0;3653.75
2022.09.30 15:50:33;1664553033617;3655.75;1;0;0;3654.0;3653.75
2022.09.30 15:50:33;1664553033763;3655.75;1;0;0;3654.0;3653.75
2022.09.30 15:50:33;1664553033805;3655.75;4;1;0;3654.0;3653.75
2022.09.30 15:50:33;1664553033805;3655.75;5;1;0;3654.0;3653.75
2022.09.30 15:50:33;1664553033805;3655.75;3;1;0;3654.0;3653.75
2022.09.30 15:50:33;1664553033805;3655.75;1;1;0;3654.0;3653.75
2022.09.30 15:50:33;1664553033805;3655.75;1;1;0;3654.0;3653.75
2022.09.30 15:50:33;1664553033805;3655.75;1;1;0;3654.0;3653.75
2022.09.30 15:50:33;1664553033805;3655.75;1;1;0;3654.0;3653.75
2022.09.30 15:50:33;1664553033805;3655.75;2;1;1;3654.0;3653.75
2022.09.30 15:50:33;1664553033805;3655.75;2;0;0;3654.0;3653.75
2022.09.30 15:50:33;1664553033831;3655.75;1;0;1;3654.0;3653.75
2022.09.30 15:50:33;1664553033831;3655.75;1;0;0;3654.0;3653.75
2022.09.30 15:50:33;1664553033852;3655.75;4;1;0;3654.0;3653.75
2022.09.30 15:50:33;1664553033852;3655.75;3;1;0;3654.0;3653.75
2022.09.30 15:50:33;1664553033852;3655.75;1;1;0;3654.0;3653.75
2022.09.30 15:50:33;1664553033852;3655.75;1;1;0;3654.0;3653.75
2022.09.30 15:50:33;1664553033852;3655.75;1;1;0;3654.0;3653.75
2022.09.30 15:50:33;1664553033852;3655.75;1;1;0;3654.0;3653.75
2022.09.30 15:50:33;1664553033852;3655.75;1;0;0;3654.0;3653.75
2022.09.30 15:50:34;1664553034173;3656.0;3;1;0;3654.0;3653.75
2022.09.30 15:50:34;1664553034524;3656.0;1;1;0;3654.0;3653.75
2022.09.30 15:50:34;1664553034727;3655.75;1;0;1;3654.0;3653.75
2022.09.30 15:50:34;1664553034787;3655.75;1;0;1;3654.0;3653.75
2022.09.30 15:50:34;1664553034883;3656.0;1;1;0;3654.0;3653.75
2022.09.30 15:50:34;1664553034883;3656.0;1;1;0;3654.0;3653.75
2022.09.30 15:50:34;1664553034883;3656.0;1;1;0;3654.0;3653.75
2022.09.30 15:50:34;1664553034883;3656.0;1;1;0;3654.0;3653.75
2022.09.30 15:50:34;1664553034883;3656.0;1;1;0;3654.0;3653.75
2022.09.30 15:50:34;1664553034883;3656.0;1;1;0;3654.0;3653.75
2022.09.30 15:50:34;1664553034883;3656.0;2;1;0;3654.0;3653.75
2022.09.30 15:50:34;1664553034883;3656.0;3;1;0;3654.0;3653.75
2022.09.30 15:50:34;1664553034884;3656.0;3;1;0;3654.0;3653.75
2022.09.30 15:50:34;1664553034884;3656.0;1;1;0;3654.0;3653.75
2022.09.30 15:50:34;1664553034884;3656.0;1;1;0;3654.0;3653.75
2022.09.30 15:50:34;1664553034885;3656.0;1;1;0;3654.0;3653.75
2022.09.30 15:50:34;1664553034885;3656.0;1;1;0;3654.0;3653.75
2022.09.30 15:50:34;1664553034885;3656.0;2;1;0;3654.0;3653.75
2022.09.30 15:50:34;1664553034885;3656.0;2;1;0;3654.0;3653.75
2022.09.30 15:50:34;1664553034885;3656.0;1;1;0;3654.0;3653.75
2022.09.30 15:50:34;1664553034885;3656.0;1;1;0;3654.0;3653.75
2022.09.30 15:50:34;1664553034885;3656.0;1;1;0;3654.0;3653.75
2022.09.30 15:50:34;1664553034885;3656.0;2;1;0;3654.0;3653.75
2022.09.30 15:50:34;1664553034885;3656.0;2;0;0;3654.0;3653.75
2022.09.30 15:50:34;1664553034885;3656.0;4;0;1;3654.0;3653.75
2022.09.30 15:50:34;1664553034885;3656.0;1;0;1;3654.0;3653.75
2022.09.30 15:50:34;1664553034885;3656.0;1;0;1;3654.0;3653.75
2022.09.30 15:50:34;1664553034886;3656.0;1;0;1;3654.0;3653.75
2022.09.30 15:50:34;1664553034886;3656.0;1;0;1;3654.0;3653.75
2022.09.30 15:50:34;1664553034886;3656.0;1;0;0;3654.0;3653.75
2022.09.30 15:50:34;1664553034956;3656.0;1;1;0;3654.0;3653.75
2022.09.30 15:50:34;1664553034985;3655.75;2;0;1;3654.0;3653.75
2022.09.30 15:50:34;1664553034985;3656.0;1;1;0;3654.0;3653.75
2022.09.30 15:50:34;1664553034985;3656.0;1;1;0;3654.0;3653.75
2022.09.30 15:50:34;1664553034985;3656.0;1;1;0;3654.0;3653.75
2022.09.30 15:50:34;1664553034985;3656.0;1;0;0;3654.0;3653.75
2022.09.30 15:50:34;1664553034997;3656.0;1;0;1;3654.0;3653.75
2022.09.30 15:50:34;1664553034997;3656.0;1;0;1;3654.0;3653.75
2022.09.30 15:50:34;1664553034997;3656.0;1;0;1;3654.0;3653.75
2022.09.30 15:50:34;1664553034997;3656.0;1;0;0;3654.0;3653.75
2022.09.30 15:50:35;1664553035451;3656.0;1;1;0;3654.0;3653.75
2022.09.30 15:50:35;1664553035452;3656.0;1;1;0;3654.0;3653.75
2022.09.30 15:50:35;1664553035452;3656.0;1;1;0;3654.0;3653.75
2022.09.30 15:50:35;1664553035459;3656.0;1;1;0;3654.0;3653.75
2022.09.30 15:50:35;1664553035462;3656.0;1;1;0;3654.0;3653.75
2022.09.30 15:50:35;1664553035462;3656.0;1;1;0;3654.0;3653.75
2022.09.30 15:50:35;1664553035462;3656.0;1;1;0;3654.0;3653.75
2022.09.30 15:50:35;1664553035462;3656.0;1;1;0;3654.0;3653.75
2022.09.30 15:50:35;1664553035462;3656.0;1;1;0;3654.0;3653.75
2022.09.30 15:50:35;1664553035462;3656.0;1;1;0;3654.0;3653.75
2022.09.30 15:50:35;1664553035462;3656.0;1;1;0;3654.0;3653.75
2022.09.30 15:50:35;1664553035462;3656.0;3;1;0;3654.0;3653.75
2022.09.30 15:50:35;1664553035462;3656.0;3;0;0;3654.0;3653.75
2022.09.30 15:50:36;1664553036173;3656.25;2;1;0;3654.0;3653.75
2022.09.30 15:50:36;1664553036173;3656.25;1;1;0;3654.0;3653.75
2022.09.30 15:50:36;1664553036275;3656.25;1;1;0;3654.0;3653.75
2022.09.30 15:50:36;1664553036275;3656.25;1;1;0;3654.0;3653.75
2022.09.30 15:50:36;1664553036275;3656.25;1;1;0;3654.0;3653.75
2022.09.30 15:50:36;1664553036275;3656.25;2;1;0;3654.0;3653.75
2022.09.30 15:50:36;1664553036275;3656.25;1;1;0;3654.0;3653.75
2022.09.30 15:50:36;1664553036275;3656.25;1;1;0;3654.0;3653.75
2022.09.30 15:50:36;1664553036275;3656.25;1;1;0;3654.0;3653.75
2022.09.30 15:50:36;1664553036275;3656.25;1;1;0;3654.0;3653.75
2022.09.30 15:50:36;1664553036275;3656.25;1;1;0;3654.0;3653.75
2022.09.30 15:50:36;1664553036275;3656.25;1;1;0;3654.0;3653.75
2022.09.30 15:50:36;1664553036275;3656.25;3;1;0;3654.0;3653.75
2022.09.30 15:50:36;1664553036275;3656.25;10;1;0;3654.0;3653.75
2022.09.30 15:50:36;1664553036275;3656.25;1;1;0;3654.0;3653.75
2022.09.30 15:50:36;1664553036275;3656.25;7;1;0;3654.0;3653.75
2022.09.30 15:50:36;1664553036275;3656.25;2;1;0;3654.0;3653.75
2022.09.30 15:50:36;1664553036275;3656.25;2;0;0;3654.0;3653.75
2022.09.30 15:50:36;1664553036275;3656.25;1;0;1;3654.0;3653.75
2022.09.30 15:50:36;1664553036277;3656.25;1;0;1;3654.0;3653.75
2022.09.30 15:50:36;1664553036277;3656.25;1;0;1;3654.0;3653.75
2022.09.30 15:50:36;1664553036277;3656.25;1;0;1;3654.0;3653.75
2022.09.30 15:50:36;1664553036277;3656.25;2;0;1;3654.0;3653.75
2022.09.30 15:50:36;1664553036277;3656.25;1;0;1;3654.0;3653.75
2022.09.30 15:50:36;1664553036277;3656.25;1;0;0;3654.0;3653.75
2022.09.30 15:50:36;1664553036278;3656.25;1;1;0;3654.0;3653.75
2022.09.30 15:50:36;1664553036278;3656.25;1;1;0;3654.0;3653.75
2022.09.30 15:50:36;1664553036278;3656.25;2;1;0;3654.0;3653.75
2022.09.30 15:50:36;1664553036278;3656.25;2;1;0;3654.0;3653.75
2022.09.30 15:50:36;1664553036278;3656.25;5;1;0;3654.0;3653.75
2022.09.30 15:50:36;1664553036278;3656.25;1;1;0;3654.0;3653.75
2022.09.30 15:50:36;1664553036278;3656.25;1;1;0;3654.0;3653.75
2022.09.30 15:50:36;1664553036278;3656.25;1;1;0;3654.0;3653.75
2022.09.30 15:50:36;1664553036278;3656.25;1;1;0;3654.0;3653.75
2022.09.30 15:50:36;1664553036278;3656.25;1;0;0;3654.0;3653.75
2022.09.30 15:50:36;1664553036284;3656.25;5;0;1;3654.0;3653.75
2022.09.30 15:50:36;1664553036284;3656.25;1;0;1;3654.0;3653.75
2022.09.30 15:50:36;1664553036284;3656.25;2;0;1;3654.0;3653.75
2022.09.30 15:50:36;1664553036284;3656.25;1;0;1;3654.0;3653.75
2022.09.30 15:50:36;1664553036284;3656.25;1;0;1;3654.0;3653.75
2022.09.30 15:50:36;1664553036284;3656.25;1;0;0;3654.0;3653.75
2022.09.30 15:50:36;1664553036285;3656.25;1;0;0;3654.0;3653.75
2022.09.30 15:50:36;1664553036302;3656.25;1;1;0;3654.0;3653.75
2022.09.30 15:50:36;1664553036302;3656.25;1;1;0;3654.0;3653.75
2022.09.30 15:50:36;1664553036302;3656.25;1;0;0;3654.0;3653.75
2022.09.30 15:50:36;1664553036303;3656.25;4;0;1;3654.0;3653.75
2022.09.30 15:50:36;1664553036303;3656.25;5;0;1;3654.0;3653.75
2022.09.30 15:50:36;1664553036303;3656.25;1;0;1;3654.0;3653.75
2022.09.30 15:50:36;1664553036303;3656.25;1;0;1;3654.0;3653.75
2022.09.30 15:50:36;1664553036303;3656.25;1;0;0;3654.0;3653.75
2022.09.30 15:50:36;1664553036303;3656.25;1;1;1;3654.0;3653.75
2022.09.30 15:50:36;1664553036303;3656.25;1;0;0;3654.0;3653.75
2022.09.30 15:50:36;1664553036676;3656.25;4;1;0;3654.0;3653.75
2022.09.30 15:50:36;1664553036676;3656.25;1;1;0;3654.0;3653.75
2022.09.30 15:50:36;1664553036676;3656.25;1;1;0;3654.0;3653.75
2022.09.30 15:50:36;1664553036676;3656.25;1;1;0;3654.0;3653.75
2022.09.30 15:50:36;1664553036676;3656.25;1;1;0;3654.0;3653.75
2022.09.30 15:50:36;1664553036676;3656.25;2;1;0;3654.0;3653.75
2022.09.30 15:50:36;1664553036856;3656.0;1;0;1;3654.0;3653.75
2022.09.30 15:50:36;1664553036856;3656.0;2;0;1;3654.0;3653.75
2022.09.30 15:50:36;1664553036856;3656.0;1;0;1;3654.0;3653.75
2022.09.30 15:50:36;1664553036856;3656.0;1;0;1;3654.0;3653.75
2022.09.30 15:50:36;1664553036856;3656.0;1;0;1;3654.0;3653.75
2022.09.30 15:50:36;1664553036857;3656.0;2;0;1;3654.0;3653.75
2022.09.30 15:50:36;1664553036857;3656.0;1;0;1;3654.0;3653.75
2022.09.30 15:50:36;1664553036857;3656.0;3;0;1;3654.0;3653.75
2022.09.30 15:50:36;1664553036857;3656.0;1;0;1;3654.0;3653.75
2022.09.30 15:50:36;1664553036857;3656.0;1;0;1;3654.0;3653.75
2022.09.30 15:50:36;1664553036857;3656.0;1;0;1;3654.0;3653.75
2022.09.30 15:50:36;1664553036857;3656.0;2;0;1;3654.0;3653.75
2022.09.30 15:50:36;1664553036857;3656.0;2;0;1;3654.0;3653.75
2022.09.30 15:50:36;1664553036857;3656.0;1;0;1;3654.0;3653.75
2022.09.30 15:50:36;1664553036858;3656.0;1;0;0;3654.0;3653.75
2022.09.30 15:50:36;1664553036860;3656.0;2;1;0;3654.0;3653.75
2022.09.30 15:50:36;1664553036860;3656.0;1;1;0;3654.0;3653.75
2022.09.30 15:50:36;1664553036860;3656.0;1;1;0;3654.0;3653.75
2022.09.30 15:50:36;1664553036860;3656.0;1;1;0;3654.0;3653.75
2022.09.30 15:50:36;1664553036860;3656.0;1;1;0;3654.0;3653.75
2022.09.30 15:50:36;1664553036860;3656.0;1;1;0;3654.0;3653.75
2022.09.30 15:50:36;1664553036860;3656.0;1;1;0;3654.0;3653.75
2022.09.30 15:50:36;1664553036860;3656.0;1;1;0;3654.0;3653.75
2022.09.30 15:50:36;1664553036861;3656.0;1;1;0;3654.0;3653.75
2022.09.30 15:50:36;1664553036861;3656.0;1;1;0;3654.0;3653.75
2022.09.30 15:50:36;1664553036861;3656.0;1;1;0;3654.0;3653.75
2022.09.30 15:50:36;1664553036861;3656.0;1;1;0;3654.0;3653.75
2022.09.30 15:50:36;1664553036861;3656.0;1;1;0;3654.0;3653.75
2022.09.30 15:50:36;1664553036861;3656.0;1;0;1;3654.0;3653.75
2022.09.30 15:50:36;1664553036861;3656.0;1;0;1;3654.0;3653.75
2022.09.30 15:50:36;1664553036861;3656.0;1;0;0;3654.0;3653.75
2022.09.30 15:50:36;1664553036870;3656.0;1;0;1;3654.0;3653.75
2022.09.30 15:50:36;1664553036870;3656.0;1;0;1;3654.0;3653.75
2022.09.30 15:50:36;1664553036870;3656.0;1;1;0;3654.0;3653.75
2022.09.30 15:50:36;1664553036870;3656.0;4;1;0;3654.0;3653.75
2022.09.30 15:50:36;1664553036870;3656.0;1;1;0;3654.0;3653.75
2022.09.30 15:50:36;1664553036870;3656.0;2;1;0;3654.0;3653.75
2022.09.30 15:50:36;1664553036870;3656.0;1;1;0;3654.0;3653.75
2022.09.30 15:50:36;1664553036870;3656.0;1;1;0;3654.0;3653.75
2022.09.30 15:50:36;1664553036870;3656.0;1;1;0;3654.0;3653.75
2022.09.30 15:50:36;1664553036870;3656.0;2;1;0;3654.0;3653.75
2022.09.30 15:50:36;1664553036871;3656.0;1;0;1;3654.0;3653.75
2022.09.30 15:50:36;1664553036871;3656.0;1;0;0;3654.0;3653.75
2022.09.30 15:50:36;1664553036922;3656.0;1;0;0;3654.0;3653.75
2022.09.30 15:50:36;1664553036935;3656.0;1;0;1;3654.0;3653.75
2022.09.30 15:50:36;1664553036935;3656.0;1;0;0;3654.0;3653.75
2022.09.30 15:50:36;1664553036989;3656.0;1;0;0;3654.0;3653.75
2022.09.30 15:50:36;1664553036990;3656.0;1;0;0;3654.0;3653.75
2022.09.30 15:50:37;1664553037110;3656.0;1;0;0;3654.0;3653.75
2022.09.30 15:50:37;1664553037164;3656.0;1;1;0;3654.0;3653.75
2022.09.30 15:50:37;1664553037164;3656.0;1;1;0;3654.0;3653.75
2022.09.30 15:50:37;1664553037164;3656.0;1;0;0;3654.0;3653.75
2022.09.30 15:50:37;1664553037169;3656.0;1;0;0;3654.0;3653.75
2022.09.30 15:50:37;1664553037294;3656.0;1;1;0;3654.0;3653.75
2022.09.30 15:50:37;1664553037379;3655.75;1;0;1;3654.0;3653.75
2022.09.30 15:50:37;1664553037379;3656.0;1;1;0;3654.0;3653.75
2022.09.30 15:50:37;1664553037406;3656.0;1;1;0;3654.0;3653.75
2022.09.30 15:50:37;1664553037406;3656.0;1;0;0;3654.0;3653.75
2022.09.30 15:50:37;1664553037422;3656.0;1;0;1;3654.0;3653.75
2022.09.30 15:50:37;1664553037422;3656.0;1;0;0;3654.0;3653.75
2022.09.30 15:50:37;1664553037583;3656.0;2;1;0;3654.0;3653.75
2022.09.30 15:50:37;1664553037583;3656.0;1;1;0;3654.0;3653.75
2022.09.30 15:50:37;1664553037583;3656.0;1;1;0;3654.0;3653.75
2022.09.30 15:50:37;1664553037588;3656.0;1;1;0;3654.0;3653.75
2022.09.30 15:50:37;1664553037588;3656.0;1;1;0;3654.0;3653.75
2022.09.30 15:50:37;1664553037588;3656.0;1;0;0;3654.0;3653.75
2022.09.30 15:50:37;1664553037626;3656.0;4;0;1;3654.0;3653.75
2022.09.30 15:50:37;1664553037627;3656.0;4;0;1;3654.0;3653.75
2022.09.30 15:50:37;1664553037627;3656.0;1;0;1;3654.0;3653.75
2022.09.30 15:50:37;1664553037630;3656.0;1;1;0;3654.0;3653.75
2022.09.30 15:50:37;1664553037630;3656.0;1;0;0;3654.0;3653.75
2022.09.30 15:50:37;1664553037634;3656.0;1;1;0;3654.0;3653.75
2022.09.30 15:50:37;1664553037634;3656.0;1;1;0;3654.0;3653.75
2022.09.30 15:50:37;1664553037634;3656.0;1;1;0;3654.0;3653.75
2022.09.30 15:50:37;1664553037634;3656.0;1;1;0;3654.0;3653.75
2022.09.30 15:50:37;1664553037634;3656.0;1;1;0;3654.0;3653.75
2022.09.30 15:50:37;1664553037634;3656.0;1;1;0;3654.0;3653.75
2022.09.30 15:50:37;1664553037634;3656.0;1;0;1;3654.0;3653.75
2022.09.30 15:50:37;1664553037634;3656.0;1;0;1;3654.0;3653.75
2022.09.30 15:50:37;1664553037634;3656.0;1;0;1;3654.0;3653.75
2022.09.30 15:50:37;1664553037634;3656.0;2;0;1;3654.0;3653.75
2022.09.30 15:50:37;1664553037634;3656.0;1;0;1;3654.0;3653.75
2022.09.30 15:50:37;1664553037635;3656.0;1;0;1;3654.0;3653.75
2022.09.30 15:50:37;1664553037681;3656.0;1;1;0;3654.0;3653.75
2022.09.30 15:50:37;1664553037681;3656.0;1;0;0;3654.0;3653.75
2022.09.30 15:50:37;1664553037692;3656.0;1;0;1;3654.0;3653.75
2022.09.30 15:50:37;1664553037692;3656.0;1;0;1;3654.0;3653.75
2022.09.30 15:50:37;1664553037692;3656.0;1;0;1;3654.0;3653.75
2022.09.30 15:50:37;1664553037692;3656.0;1;0;1;3654.0;3653.75
2022.09.30 15:50:37;1664553037692;3656.0;1;0;1;3654.0;3653.75
2022.09.30 15:50:37;1664553037693;3656.0;2;0;1;3654.0;3653.75
2022.09.30 15:50:37;1664553037693;3656.0;1;0;1;3654.0;3653.75
2022.09.30 15:50:37;1664553037693;3656.0;4;0;1;3654.0;3653.75
2022.09.30 15:50:37;1664553037693;3656.0;1;0;1;3654.0;3653.75
2022.09.30 15:50:37;1664553037693;3656.0;5;0;1;3654.0;3653.75
2022.09.30 15:50:37;1664553037693;3656.0;1;0;1;3654.0;3653.75
2022.09.30 15:50:37;1664553037693;3656.0;1;0;0;3654.0;3653.75
2022.09.30 15:50:37;1664553037709;3656.0;1;1;0;3654.0;3653.75
2022.09.30 15:50:37;1664553037709;3656.0;1;1;0;3654.0;3653.75
2022.09.30 15:50:37;1664553037709;3656.0;1;0;0;3654.0;3653.75
2022.09.30 15:50:37;1664553037741;3656.0;1;0;0;3654.0;3653.75
2022.09.30 15:50:37;1664553037755;3656.0;4;1;0;3654.0;3653.75
2022.09.30 15:50:37;1664553037755;3656.0;1;1;0;3654.0;3653.75
2022.09.30 15:50:37;1664553037755;3656.0;1;1;0;3654.0;3653.75
2022.09.30 15:50:37;1664553037755;3656.0;1;1;0;3654.0;3653.75
2022.09.30 15:50:37;1664553037755;3656.0;1;1;0;3654.0;3653.75
2022.09.30 15:50:37;1664553037755;3656.0;1;1;0;3654.0;3653.75
2022.09.30 15:50:37;1664553037755;3656.0;1;0;0;3654.0;3653.75
2022.09.30 15:50:37;1664553037757;3656.0;4;0;1;3654.0;3653.75
2022.09.30 15:50:37;1664553037757;3656.0;1;0;1;3654.0;3653.75
2022.09.30 15:50:37;1664553037757;3656.0;1;0;1;3654.0;3653.75
2022.09.30 15:50:37;1664553037757;3656.0;1;0;1;3654.0;3653.75
2022.09.30 15:50:37;1664553037757;3656.0;2;0;1;3654.0;3653.75
2022.09.30 15:50:37;1664553037757;3656.0;2;0;0;3654.0;3653.75
2022.09.30 15:50:37;1664553037768;3656.0;1;1;0;3654.0;3653.75
2022.09.30 15:50:37;1664553037768;3656.0;4;1;0;3654.0;3653.75
2022.09.30 15:50:37;1664553037768;3656.0;1;1;0;3654.0;3653.75
2022.09.30 15:50:37;1664553037768;3656.0;1;0;0;3654.0;3653.75
2022.09.30 15:50:38;1664553038467;3656.0;1;0;1;3654.0;3653.75
2022.09.30 15:50:38;1664553038468;3656.0;1;0;1;3654.0;3653.75
2022.09.30 15:50:38;1664553038486;3656.0;1;0;1;3654.0;3653.75
2022.09.30 15:50:38;1664553038486;3656.0;1;0;1;3654.0;3653.75
2022.09.30 15:50:38;1664553038486;3656.0;1;0;1;3654.0;3653.75
2022.09.30 15:50:38;1664553038486;3656.0;1;0;1;3654.0;3653.75
2022.09.30 15:50:38;1664553038486;3656.0;1;0;1;3654.0;3653.75
2022.09.30 15:50:38;1664553038486;3656.0;1;0;1;3654.0;3653.75
2022.09.30 15:50:38;1664553038486;3656.0;1;0;1;3654.0;3653.75
2022.09.30 15:50:38;1664553038486;3656.0;1;0;1;3654.0;3653.75
2022.09.30 15:50:38;1664553038486;3656.0;1;0;1;3654.0;3653.75
2022.09.30 15:50:38;1664553038486;3656.0;1;0;0;3654.0;3653.75
2022.09.30 15:50:38;1664553038602;3655.75;1;0;1;3654.0;3653.75
2022.09.30 15:50:38;1664553038658;3656.0;1;1;0;3654.0;3653.75
2022.09.30 15:50:38;1664553038881;3656.0;1;1;0;3654.0;3653.75
2022.09.30 15:50:39;1664553039241;3656.0;1;1;0;3654.0;3653.75
2022.09.30 15:50:39;1664553039241;3656.0;3;1;0;3654.0;3653.75
2022.09.30 15:50:39;1664553039241;3656.0;1;1;0;3654.0;3653.75
2022.09.30 15:50:39;1664553039241;3656.0;1;1;0;3654.0;3653.75
2022.09.30 15:50:39;1664553039242;3656.0;1;0;0;3654.0;3653.75
2022.09.30 15:50:39;1664553039391;3656.25;1;1;0;3654.0;3653.75
2022.09.30 15:50:39;1664553039715;3656.25;1;1;0;3654.0;3653.75
2022.09.30 15:50:39;1664553039723;3656.25;1;1;0;3654.0;3653.75
2022.09.30 15:50:39;1664553039723;3656.25;3;1;0;3654.0;3653.75
2022.09.30 15:50:39;1664553039723;3656.25;1;1;0;3654.0;3653.75
2022.09.30 15:50:39;1664553039723;3656.25;1;1;0;3654.0;3653.75
2022.09.30 15:50:39;1664553039723;3656.25;1;1;0;3654.0;3653.75
2022.09.30 15:50:39;1664553039723;3656.25;1;1;0;3654.0;3653.75
2022.09.30 15:50:39;1664553039723;3656.25;1;1;0;3654.0;3653.75
2022.09.30 15:50:39;1664553039723;3656.25;1;0;1;3654.0;3653.75
2022.09.30 15:50:39;1664553039723;3656.25;1;1;0;3654.0;3653.75
2022.09.30 15:50:39;1664553039723;3656.25;1;1;0;3654.0;3653.75
2022.09.30 15:50:39;1664553039723;3656.25;1;0;1;3654.0;3653.75
2022.09.30 15:50:40;1664553040072;3656.0;1;0;1;3654.0;3653.75
2022.09.30 15:50:40;1664553040072;3656.0;1;0;1;3654.0;3653.75
2022.09.30 15:50:40;1664553040072;3656.0;1;0;1;3654.0;3653.75
2022.09.30 15:50:40;1664553040072;3656.0;1;0;1;3654.0;3653.75
2022.09.30 15:50:40;1664553040072;3656.0;1;0;1;3654.0;3653.75
2022.09.30 15:50:40;1664553040072;3656.0;1;0;1;3654.0;3653.75
2022.09.30 15:50:40;1664553040072;3656.0;1;0;1;3654.0;3653.75
2022.09.30 15:50:40;1664553040073;3656.0;1;0;0;3654.0;3653.75
2022.09.30 15:50:40;1664553040075;3656.0;1;1;0;3654.0;3653.75
2022.09.30 15:50:40;1664553040391;3655.75;1;0;1;3654.0;3653.75
2022.09.30 15:50:40;1664553040462;3655.75;1;0;1;3654.0;3653.75
2022.09.30 15:50:40;1664553040462;3655.75;1;0;1;3654.0;3653.75
2022.09.30 15:50:40;1664553040462;3655.75;1;0;1;3654.0;3653.75
2022.09.30 15:50:40;1664553040462;3655.75;1;0;1;3654.0;3653.75
2022.09.30 15:50:40;1664553040519;3655.75;1;0;1;3654.0;3653.75
2022.09.30 15:50:40;1664553040786;3656.0;1;1;0;3654.0;3653.75
2022.09.30 15:50:40;1664553040884;3656.0;1;1;0;3654.0;3653.75
2022.09.30 15:50:40;1664553040895;3656.0;1;1;0;3654.0;3653.75
2022.09.30 15:50:40;1664553040983;3656.0;1;1;0;3654.0;3653.75
2022.09.30 15:50:41;1664553041077;3655.75;1;0;1;3654.0;3653.75
2022.09.30 15:50:41;1664553041077;3655.75;1;0;1;3654.0;3653.75
2022.09.30 15:50:41;1664553041077;3655.75;3;0;1;3654.0;3653.75
2022.09.30 15:50:41;1664553041077;3655.75;1;0;1;3654.0;3653.75
2022.09.30 15:50:41;1664553041077;3655.75;1;0;1;3654.0;3653.75
2022.09.30 15:50:41;1664553041077;3655.75;1;0;1;3654.0;3653.75
2022.09.30 15:50:41;1664553041077;3655.75;2;0;1;3654.0;3653.75
2022.09.30 15:50:41;1664553041077;3655.75;1;0;1;3654.0;3653.75
2022.09.30 15:50:41;1664553041077;3655.75;1;0;1;3654.0;3653.75
2022.09.30 15:50:41;1664553041077;3655.75;1;0;1;3654.0;3653.75
2022.09.30 15:50:41;1664553041077;3655.75;4;0;1;3654.0;3653.75
2022.09.30 15:50:41;1664553041077;3655.75;1;0;1;3654.0;3653.75
2022.09.30 15:50:41;1664553041077;3655.75;1;0;1;3654.0;3653.75
2022.09.30 15:50:41;1664553041079;3655.75;1;0;1;3654.0;3653.75
2022.09.30 15:50:41;1664553041079;3655.75;1;0;1;3654.0;3653.75
2022.09.30 15:50:41;1664553041079;3655.75;5;0;1;3654.0;3653.75
2022.09.30 15:50:41;1664553041079;3655.75;3;0;1;3654.0;3653.75
2022.09.30 15:50:41;1664553041079;3655.75;1;0;1;3654.0;3653.75
2022.09.30 15:50:41;1664553041079;3655.75;4;0;1;3654.0;3653.75
2022.09.30 15:50:41;1664553041079;3655.75;1;0;1;3654.0;3653.75
2022.09.30 15:50:41;1664553041079;3655.75;1;0;1;3654.0;3653.75
2022.09.30 15:50:41;1664553041079;3655.5;3;0;1;3654.0;3653.75
2022.09.30 15:50:41;1664553041079;3655.5;1;0;1;3654.0;3653.75
2022.09.30 15:50:41;1664553041079;3655.5;1;0;1;3654.0;3653.75
2022.09.30 15:50:41;1664553041079;3655.5;1;0;1;3654.0;3653.75
2022.09.30 15:50:41;1664553041079;3655.5;1;0;1;3654.0;3653.75
2022.09.30 15:50:41;1664553041079;3655.5;5;0;1;3654.0;3653.75
2022.09.30 15:50:41;1664553041079;3655.5;1;0;1;3654.0;3653.75
2022.09.30 15:50:41;1664553041079;3655.5;3;0;1;3654.0;3653.75
2022.09.30 15:50:41;1664553041080;3655.5;1;0;1;3654.0;3653.75
2022.09.30 15:50:41;1664553041080;3655.5;1;0;1;3654.0;3653.75
2022.09.30 15:50:41;1664553041080;3655.5;1;0;1;3654.0;3653.75
2022.09.30 15:50:41;1664553041080;3655.5;1;0;1;3654.0;3653.75
2022.09.30 15:50:41;1664553041080;3655.5;1;0;1;3654.0;3653.75
2022.09.30 15:50:41;1664553041080;3655.5;1;0;1;3654.0;3653.75
2022.09.30 15:50:41;1664553041080;3655.5;1;0;1;3654.0;3653.75
2022.09.30 15:50:41;1664553041080;3655.5;3;0;1;3654.0;3653.75
2022.09.30 15:50:41;1664553041080;3655.5;5;0;1;3654.0;3653.75
2022.09.30 15:50:41;1664553041080;3655.5;4;0;1;3654.0;3653.75
2022.09.30 15:50:41;1664553041080;3655.5;1;0;1;3654.0;3653.75
2022.09.30 15:50:41;1664553041080;3655.5;1;0;1;3654.0;3653.75
2022.09.30 15:50:41;1664553041080;3655.5;1;0;1;3654.0;3653.75
2022.09.30 15:50:41;1664553041080;3655.5;3;0;1;3654.0;3653.75
2022.09.30 15:50:41;1664553041080;3655.5;2;0;1;3654.0;3653.75
2022.09.30 15:50:41;1664553041080;3655.5;1;0;1;3654.0;3653.75
2022.09.30 15:50:41;1664553041080;3655.5;4;0;1;3654.0;3653.75
2022.09.30 15:50:41;1664553041080;3655.5;1;0;1;3654.0;3653.75
2022.09.30 15:50:41;1664553041080;3655.5;1;0;1;3654.0;3653.75
2022.09.30 15:50:41;1664553041080;3655.5;4;0;1;3654.0;3653.75
2022.09.30 15:50:41;1664553041080;3655.5;20;0;1;3654.0;3653.75
2022.09.30 15:50:41;1664553041080;3655.5;1;0;1;3654.0;3653.75
2022.09.30 15:50:41;1664553041080;3655.5;1;0;1;3654.0;3653.75
2022.09.30 15:50:41;1664553041080;3655.5;1;0;1;3654.0;3653.75
2022.09.30 15:50:41;1664553041080;3655.25;1;0;1;3654.0;3653.75
2022.09.30 15:50:41;1664553041080;3655.25;20;0;1;3654.0;3653.75
2022.09.30 15:50:41;1664553041080;3655.25;1;0;1;3654.0;3653.75
2022.09.30 15:50:41;1664553041080;3655.25;1;0;1;3654.0;3653.75
2022.09.30 15:50:41;1664553041080;3655.25;4;0;1;3654.0;3653.75
2022.09.30 15:50:41;1664553041080;3655.25;4;0;1;3654.0;3653.75
2022.09.30 15:50:41;1664553041080;3655.25;1;0;1;3654.0;3653.75
2022.09.30 15:50:41;1664553041080;3655.25;1;0;1;3654.0;3653.75
2022.09.30 15:50:41;1664553041080;3655.25;1;0;1;3654.0;3653.75
2022.09.30 15:50:41;1664553041080;3655.25;1;0;1;3654.0;3653.75
2022.09.30 15:50:41;1664553041080;3655.25;1;0;1;3654.0;3653.75
2022.09.30 15:50:41;1664553041080;3655.25;3;0;1;3654.0;3653.75
2022.09.30 15:50:41;1664553041080;3655.25;1;0;1;3654.0;3653.75
2022.09.30 15:50:41;1664553041080;3655.25;2;0;1;3654.0;3653.75
2022.09.30 15:50:41;1664553041081;3655.25;1;0;1;3654.0;3653.75
2022.09.30 15:50:41;1664553041081;3655.25;5;0;1;3654.0;3653.75
2022.09.30 15:50:41;1664553041081;3655.25;1;0;1;3654.0;3653.75
2022.09.30 15:50:41;1664553041081;3655.25;1;0;1;3654.0;3653.75
2022.09.30 15:50:41;1664553041081;3655.25;1;0;1;3654.0;3653.75
2022.09.30 15:50:41;1664553041081;3655.25;1;0;1;3654.0;3653.75
2022.09.30 15:50:41;1664553041081;3655.25;3;0;1;3654.0;3653.75
2022.09.30 15:50:41;1664553041081;3655.25;4;0;1;3654.0;3653.75
2022.09.30 15:50:41;1664553041081;3655.25;1;0;1;3654.0;3653.75
2022.09.30 15:50:41;1664553041081;3655.25;1;0;1;3654.0;3653.75
2022.09.30 15:50:41;1664553041081;3655.25;1;0;1;3654.0;3653.75
2022.09.30 15:50:41;1664553041081;3655.25;1;0;1;3654.0;3653.75
2022.09.30 15:50:41;1664553041081;3655.25;15;0;1;3654.0;3653.75
2022.09.30 15:50:41;1664553041081;3655.25;4;0;1;3654.0;3653.75
2022.09.30 15:50:41;1664553041081;3655.25;1;0;1;3654.0;3653.75
2022.09.30 15:50:41;1664553041081;3655.25;4;0;1;3654.0;3653.75
2022.09.30 15:50:41;1664553041081;3655.25;4;0;0;3654.0;3653.75
2022.09.30 15:50:41;1664553041086;3655.25;4;0;0;3654.0;3653.75
2022.09.30 15:50:41;1664553041089;3655.5;1;1;0;3654.0;3653.75
2022.09.30 15:50:41;1664553041089;3655.5;1;1;0;3654.0;3653.75
2022.09.30 15:50:41;1664553041089;3655.5;1;1;0;3654.0;3653.75
2022.09.30 15:50:41;1664553041089;3655.5;1;1;0;3654.0;3653.75
2022.09.30 15:50:41;1664553041089;3655.5;1;1;0;3654.0;3653.75
2022.09.30 15:50:41;1664553041089;3655.5;1;1;0;3654.0;3653.75
2022.09.30 15:50:41;1664553041089;3655.5;3;1;0;3654.0;3653.75
2022.09.30 15:50:41;1664553041089;3655.5;2;1;0;3654.0;3653.75
2022.09.30 15:50:41;1664553041089;3655.5;4;1;0;3654.0;3653.75
2022.09.30 15:50:41;1664553041089;3655.5;1;1;0;3654.0;3653.75
2022.09.30 15:50:41;1664553041089;3655.5;3;1;0;3654.0;3653.75
2022.09.30 15:50:41;1664553041089;3655.5;1;1;0;3654.0;3653.75
2022.09.30 15:50:41;1664553041089;3655.5;1;1;0;3654.0;3653.75
2022.09.30 15:50:41;1664553041089;3655.5;1;1;0;3654.0;3653.75
2022.09.30 15:50:41;1664553041089;3655.5;1;1;0;3654.0;3653.75
2022.09.30 15:50:41;1664553041089;3655.5;1;1;0;3654.0;3653.75
2022.09.30 15:50:41;1664553041089;3655.5;1;1;0;3654.0;3653.75
2022.09.30 15:50:41;1664553041089;3655.5;1;1;0;3654.0;3653.75
2022.09.30 15:50:41;1664553041089;3655.5;1;1;0;3654.0;3653.75
2022.09.30 15:50:41;1664553041089;3655.5;2;1;0;3654.0;3653.75
2022.09.30 15:50:41;1664553041089;3655.5;1;1;0;3654.0;3653.75
2022.09.30 15:50:41;1664553041089;3655.5;1;1;0;3654.0;3653.75
2022.09.30 15:50:41;1664553041089;3655.5;1;1;0;3654.0;3653.75
2022.09.30 15:50:41;1664553041089;3655.5;2;1;0;3654.0;3653.75
2022.09.30 15:50:41;1664553041089;3655.5;1;1;0;3654.0;3653.75
2022.09.30 15:50:41;1664553041089;3655.5;1;1;0;3654.0;3653.75
2022.09.30 15:50:41;1664553041089;3655.5;1;1;0;3654.0;3653.75
2022.09.30 15:50:41;1664553041089;3655.5;1;1;0;3654.0;3653.75
2022.09.30 15:50:41;1664553041089;3655.5;1;0;1;3654.0;3653.75
2022.09.30 15:50:41;1664553041089;3655.5;1;0;1;3654.0;3653.75
2022.09.30 15:50:41;1664553041089;3655.5;2;0;1;3654.0;3653.75
2022.09.30 15:50:41;1664553041090;3655.5;1;0;1;3654.0;3653.75
2022.09.30 15:50:41;1664553041090;3655.5;1;0;1;3654.0;3653.75
2022.09.30 15:50:41;1664553041176;3655.5;1;1;0;3654.0;3653.75
2022.09.30 15:50:41;1664553041176;3655.5;1;1;0;3654.0;3653.75
2022.09.30 15:50:41;1664553041177;3655.5;1;1;0;3654.0;3653.75
2022.09.30 15:50:41;1664553041177;3655.5;1;1;0;3654.0;3653.75
2022.09.30 15:50:41;1664553041177;3655.5;1;1;0;3654.0;3653.75
2022.09.30 15:50:41;1664553041177;3655.5;1;1;0;3654.0;3653.75
2022.09.30 15:50:41;1664553041177;3655.5;1;1;0;3654.0;3653.75
2022.09.30 15:50:41;1664553041177;3655.5;1;1;0;3654.0;3653.75
2022.09.30 15:50:41;1664553041177;3655.5;1;1;0;3654.0;3653.75
2022.09.30 15:50:41;1664553041177;3655.5;1;0;1;3654.0;3653.75
2022.09.30 15:50:41;1664553041177;3655.5;1;1;0;3654.0;3653.75
2022.09.30 15:50:41;1664553041177;3655.5;1;0;1;3654.0;3653.75
2022.09.30 15:50:41;1664553041215;3655.5;2;1;0;3654.0;3653.75
2022.09.30 15:50:41;1664553041215;3655.5;2;1;0;3654.0;3653.75
2022.09.30 15:50:41;1664553041215;3655.5;2;1;0;3654.0;3653.75
2022.09.30 15:50:41;1664553041216;3655.5;1;1;0;3654.0;3653.75
2022.09.30 15:50:41;1664553041216;3655.5;1;1;0;3654.0;3653.75
2022.09.30 15:50:41;1664553041216;3655.5;1;1;0;3654.0;3653.75
2022.09.30 15:50:41;1664553041216;3655.5;1;1;0;3654.0;3653.75
2022.09.30 15:50:41;1664553041216;3655.5;1;0;0;3654.0;3653.75
2022.09.30 15:50:41;1664553041225;3655.5;2;0;1;3654.0;3653.75
2022.09.30 15:50:41;1664553041334;3655.5;1;0;1;3654.0;3653.75
2022.09.30 15:50:41;1664553041335;3655.5;1;0;1;3654.0;3653.75
2022.09.30 15:50:41;1664553041639;3655.75;1;1;0;3654.0;3653.75
2022.09.30 15:50:41;1664553041727;3655.75;1;1;0;3654.0;3653.75
2022.09.30 15:50:41;1664553041735;3655.5;1;0;1;3654.0;3653.75
2022.09.30 15:50:41;1664553041874;3655.75;1;1;0;3654.0;3653.75
2022.09.30 15:50:41;1664553041890;3655.5;4;0;1;3654.0;3653.75
2022.09.30 15:50:42;1664553042137;3655.5;1;0;1;3654.0;3653.75
2022.09.30 15:50:42;1664553042137;3655.5;2;0;1;3654.0;3653.75
2022.09.30 15:50:42;1664553042137;3655.5;1;0;1;3654.0;3653.75
2022.09.30 15:50:42;1664553042137;3655.5;1;0;1;3654.0;3653.75
2022.09.30 15:50:42;1664553042137;3655.5;1;0;1;3654.0;3653.75
2022.09.30 15:50:42;1664553042137;3655.5;1;0;1;3654.0;3653.75
2022.09.30 15:50:42;1664553042187;3655.5;4;0;1;3654.0;3653.75
2022.09.30 15:50:42;1664553042187;3655.5;1;0;1;3654.0;3653.75
2022.09.30 15:50:42;1664553042265;3655.5;3;0;1;3654.0;3653.75
2022.09.30 15:50:42;1664553042265;3655.5;3;0;1;3654.0;3653.75
2022.09.30 15:50:42;1664553042265;3655.5;3;0;1;3654.0;3653.75
2022.09.30 15:50:42;1664553042265;3655.5;1;0;1;3654.0;3653.75
2022.09.30 15:50:42;1664553042265;3655.5;2;0;1;3654.0;3653.75
2022.09.30 15:50:42;1664553042265;3655.5;1;0;1;3654.0;3653.75
2022.09.30 15:50:42;1664553042266;3655.5;1;0;1;3654.0;3653.75
2022.09.30 15:50:42;1664553042266;3655.5;1;0;1;3654.0;3653.75
2022.09.30 15:50:42;1664553042266;3655.5;1;0;1;3654.0;3653.75
2022.09.30 15:50:42;1664553042266;3655.5;1;0;1;3654.0;3653.75
2022.09.30 15:50:42;1664553042266;3655.5;1;0;1;3654.0;3653.75
2022.09.30 15:50:42;1664553042266;3655.5;1;0;1;3654.0;3653.75
2022.09.30 15:50:42;1664553042266;3655.5;1;0;1;3654.0;3653.75
2022.09.30 15:50:42;1664553042266;3655.5;1;0;1;3654.0;3653.75
2022.09.30 15:50:42;1664553042266;3655.5;1;0;1;3654.0;3653.75
2022.09.30 15:50:42;1664553042266;3655.5;1;0;1;3654.0;3653.75
2022.09.30 15:50:42;1664553042266;3655.5;1;0;1;3654.0;3653.75
2022.09.30 15:50:42;1664553042266;3655.5;1;0;1;3654.0;3653.75
2022.09.30 15:50:42;1664553042266;3655.5;2;1;0;3654.0;3653.75
2022.09.30 15:50:42;1664553042266;3655.5;2;0;0;3654.0;3653.75
2022.09.30 15:50:42;1664553042282;3655.5;1;1;0;3654.0;3653.75
2022.09.30 15:50:42;1664553042287;3655.5;1;1;0;3654.0;3653.75
2022.09.30 15:50:42;1664553042287;3655.5;1;1;0;3654.0;3653.75
2022.09.30 15:50:42;1664553042287;3655.5;1;1;0;3654.0;3653.75
2022.09.30 15:50:42;1664553042287;3655.5;1;1;0;3654.0;3653.75
2022.09.30 15:50:42;1664553042287;3655.5;1;1;0;3654.0;3653.75
2022.09.30 15:50:42;1664553042287;3655.5;1;1;0;3654.0;3653.75
2022.09.30 15:50:42;1664553042287;3655.5;1;1;0;3654.0;3653.75
2022.09.30 15:50:42;1664553042287;3655.5;1;0;0;3654.0;3653.75
2022.09.30 15:50:42;1664553042525;3655.75;1;1;0;3654.0;3653.75
2022.09.30 15:50:42;1664553042606;3655.5;1;0;1;3654.0;3653.75
2022.09.30 15:50:42;1664553042607;3655.5;1;0;1;3654.0;3653.75
2022.09.30 15:50:42;1664553042607;3655.5;1;0;1;3654.0;3653.75
2022.09.30 15:50:42;1664553042607;3655.5;1;0;1;3654.0;3653.75
2022.09.30 15:50:42;1664553042607;3655.5;1;0;1;3654.0;3653.75
2022.09.30 15:50:42;1664553042607;3655.5;1;0;1;3654.0;3653.75
2022.09.30 15:50:42;1664553042607;3655.5;1;0;1;3654.0;3653.75
2022.09.30 15:50:42;1664553042607;3655.5;1;0;1;3654.0;3653.75
2022.09.30 15:50:42;1664553042607;3655.5;3;0;1;3654.0;3653.75
2022.09.30 15:50:42;1664553042607;3655.5;2;0;1;3654.0;3653.75
2022.09.30 15:50:42;1664553042607;3655.5;1;0;1;3654.0;3653.75
2022.09.30 15:50:42;1664553042607;3655.5;1;0;1;3654.0;3653.75
2022.09.30 15:50:42;1664553042607;3655.5;1;0;1;3654.0;3653.75
2022.09.30 15:50:42;1664553042607;3655.5;2;0;1;3654.0;3653.75
2022.09.30 15:50:42;1664553042607;3655.5;1;0;1;3654.0;3653.75
2022.09.30 15:50:42;1664553042607;3655.5;1;0;1;3654.0;3653.75
2022.09.30 15:50:42;1664553042607;3655.5;2;0;1;3654.0;3653.75
2022.09.30 15:50:42;1664553042608;3655.5;2;0;0;3654.0;3653.75
2022.09.30 15:50:42;1664553042836;3655.25;1;0;1;3654.0;3653.75
2022.09.30 15:50:42;1664553042837;3655.25;1;0;1;3654.0;3653.75
2022.09.30 15:50:42;1664553042840;3655.25;1;0;1;3654.0;3653.75
2022.09.30 15:50:42;1664553042841;3655.25;1;0;1;3654.0;3653.75
2022.09.30 15:50:42;1664553042841;3655.25;1;0;1;3654.0;3653.75
2022.09.30 15:50:42;1664553042841;3655.25;1;0;1;3654.0;3653.75
2022.09.30 15:50:42;1664553042841;3655.25;1;0;1;3654.0;3653.75
2022.09.30 15:50:42;1664553042841;3655.25;1;1;0;3654.0;3653.75
2022.09.30 15:50:42;1664553042841;3655.25;1;0;0;3654.0;3653.75
2022.09.30 15:50:42;1664553042892;3655.0;1;0;1;3654.0;3653.75
2022.09.30 15:50:42;1664553042892;3655.0;1;0;1;3654.0;3653.75
2022.09.30 15:50:42;1664553042892;3655.0;4;0;1;3654.0;3653.75
2022.09.30 15:50:42;1664553042892;3655.0;1;0;1;3654.0;3653.75
2022.09.30 15:50:42;1664553042892;3655.0;1;0;1;3654.0;3653.75
2022.09.30 15:50:42;1664553042892;3655.0;1;0;1;3654.0;3653.75
2022.09.30 15:50:42;1664553042893;3655.0;1;0;1;3654.0;3653.75
2022.09.30 15:50:42;1664553042893;3655.0;1;0;1;3654.0;3653.75
2022.09.30 15:50:42;1664553042893;3655.0;1;0;1;3654.0;3653.75
2022.09.30 15:50:42;1664553042893;3655.0;1;0;1;3654.0;3653.75
2022.09.30 15:50:42;1664553042893;3655.0;3;0;1;3654.0;3653.75
2022.09.30 15:50:42;1664553042893;3655.0;1;0;1;3654.0;3653.75
2022.09.30 15:50:42;1664553042893;3655.0;1;0;1;3654.0;3653.75
2022.09.30 15:50:42;1664553042893;3655.0;10;0;1;3654.0;3653.75
2022.09.30 15:50:42;1664553042893;3655.0;1;0;1;3654.0;3653.75
2022.09.30 15:50:42;1664553042894;3655.0;5;0;1;3654.0;3653.75
2022.09.30 15:50:42;1664553042894;3655.0;1;0;1;3654.0;3653.75
2022.09.30 15:50:42;1664553042895;3655.0;1;0;1;3654.0;3653.75
2022.09.30 15:50:42;1664553042895;3655.0;3;0;1;3654.0;3653.75
2022.09.30 15:50:42;1664553042895;3655.0;2;0;1;3654.0;3653.75
2022.09.30 15:50:42;1664553042895;3655.0;1;0;1;3654.0;3653.75
2022.09.30 15:50:42;1664553042895;3655.0;1;0;1;3654.0;3653.75
2022.09.30 15:50:42;1664553042895;3655.0;1;0;1;3654.0;3653.75
2022.09.30 15:50:42;1664553042895;3655.0;1;0;1;3654.0;3653.75
2022.09.30 15:50:42;1664553042895;3655.0;1;0;1;3654.0;3653.75
2022.09.30 15:50:42;1664553042895;3655.0;1;0;1;3654.0;3653.75
2022.09.30 15:50:42;1664553042895;3655.0;1;0;1;3654.0;3653.75
2022.09.30 15:50:42;1664553042895;3655.0;2;0;1;3654.0;3653.75
2022.09.30 15:50:42;1664553042895;3655.0;1;0;1;3654.0;3653.75
2022.09.30 15:50:42;1664553042895;3655.0;1;0;1;3654.0;3653.75
2022.09.30 15:50:42;1664553042895;3655.0;22;0;1;3654.0;3653.75
2022.09.30 15:50:42;1664553042898;3655.0;4;0;1;3654.0;3653.75
2022.09.30 15:50:42;1664553042899;3655.0;26;0;1;3654.0;3653.75
2022.09.30 15:50:42;1664553042899;3655.0;6;0;1;3654.0;3653.75
2022.09.30 15:50:42;1664553042899;3655.0;1;0;1;3654.0;3653.75
2022.09.30 15:50:42;1664553042899;3655.0;5;0;1;3654.0;3653.75
2022.09.30 15:50:42;1664553042899;3655.0;3;0;1;3654.0;3653.75
2022.09.30 15:50:42;1664553042899;3655.0;5;0;1;3654.0;3653.75
2022.09.30 15:50:42;1664553042899;3655.0;1;0;1;3654.0;3653.75
2022.09.30 15:50:42;1664553042899;3655.0;1;0;1;3654.0;3653.75
2022.09.30 15:50:42;1664553042899;3655.0;1;0;1;3654.0;3653.75
2022.09.30 15:50:42;1664553042899;3655.0;1;0;1;3654.0;3653.75
2022.09.30 15:50:42;1664553042899;3655.0;2;0;1;3654.0;3653.75
2022.09.30 15:50:42;1664553042899;3655.0;2;0;1;3654.0;3653.75
2022.09.30 15:50:42;1664553042899;3655.0;4;0;1;3654.0;3653.75
2022.09.30 15:50:42;1664553042900;3655.0;1;0;1;3654.0;3653.75
2022.09.30 15:50:42;1664553042900;3655.0;3;0;1;3654.0;3653.75
2022.09.30 15:50:42;1664553042900;3655.0;1;0;1;3654.0;3653.75
2022.09.30 15:50:42;1664553042900;3655.0;1;0;1;3654.0;3653.75
2022.09.30 15:50:42;1664553042900;3655.0;4;0;1;3654.0;3653.75
2022.09.30 15:50:42;1664553042900;3655.0;1;0;1;3654.0;3653.75
2022.09.30 15:50:42;1664553042900;3655.0;4;0;1;3654.0;3653.75
2022.09.30 15:50:42;1664553042900;3655.0;1;0;1;3654.0;3653.75
2022.09.30 15:50:42;1664553042900;3655.0;1;0;1;3654.0;3653.75
2022.09.30 15:50:42;1664553042900;3655.0;2;0;1;3654.0;3653.75
2022.09.30 15:50:42;1664553042900;3655.0;1;0;1;3654.0;3653.75
2022.09.30 15:50:42;1664553042900;3655.0;4;0;1;3654.0;3653.75
2022.09.30 15:50:42;1664553042900;3655.0;3;0;1;3654.0;3653.75
2022.09.30 15:50:42;1664553042900;3655.0;1;0;1;3654.0;3653.75
2022.09.30 15:50:42;1664553042900;3655.0;1;0;1;3654.0;3653.75
2022.09.30 15:50:42;1664553042900;3655.0;43;0;1;3654.0;3653.75
2022.09.30 15:50:42;1664553042900;3655.0;1;0;1;3654.0;3653.75
2022.09.30 15:50:42;1664553042900;3655.0;1;0;1;3654.0;3653.75
2022.09.30 15:50:42;1664553042927;3655.0;1;0;1;3654.0;3653.75
2022.09.30 15:50:42;1664553042927;3655.0;1;0;1;3654.0;3653.75
2022.09.30 15:50:42;1664553042927;3655.25;1;1;0;3654.0;3653.75
2022.09.30 15:50:42;1664553042927;3655.25;5;1;0;3654.0;3653.75
2022.09.30 15:50:42;1664553042927;3655.25;2;1;0;3654.0;3653.75
2022.09.30 15:50:42;1664553042927;3655.25;1;1;0;3654.0;3653.75
2022.09.30 15:50:42;1664553042927;3655.0;1;0;1;3654.0;3653.75
2022.09.30 15:50:42;1664553042927;3655.0;1;0;1;3654.0;3653.75
2022.09.30 15:50:42;1664553042927;3655.0;1;0;1;3654.0;3653.75
2022.09.30 15:50:42;1664553042927;3655.0;81;0;1;3654.0;3653.75
2022.09.30 15:50:42;1664553042928;3655.25;1;1;0;3654.0;3653.75
2022.09.30 15:50:42;1664553042928;3655.25;1;1;0;3654.0;3653.75
2022.09.30 15:50:42;1664553042928;3655.25;1;1;0;3654.0;3653.75
2022.09.30 15:50:42;1664553042928;3655.25;1;1;0;3654.0;3653.75
2022.09.30 15:50:42;1664553042928;3655.25;1;1;0;3654.0;3653.75
2022.09.30 15:50:42;1664553042928;3655.25;1;1;0;3654.0;3653.75
2022.09.30 15:50:42;1664553042928;3655.25;1;1;0;3654.0;3653.75
2022.09.30 15:50:42;1664553042928;3655.25;2;1;0;3654.0;3653.75
2022.09.30 15:50:42;1664553042928;3655.25;1;1;0;3654.0;3653.75
2022.09.30 15:50:42;1664553042928;3655.25;1;1;0;3654.0;3653.75
2022.09.30 15:50:42;1664553042928;3655.25;1;1;0;3654.0;3653.75
2022.09.30 15:50:42;1664553042928;3655.25;1;1;0;3654.0;3653.75
2022.09.30 15:50:42;1664553042928;3655.25;1;1;0;3654.0;3653.75
2022.09.30 15:50:42;1664553042928;3655.25;1;1;0;3654.0;3653.75
2022.09.30 15:50:42;1664553042928;3655.25;1;1;0;3654.0;3653.75
2022.09.30 15:50:42;1664553042928;3655.25;1;1;0;3654.0;3653.75
2022.09.30 15:50:42;1664553042928;3655.25;1;1;0;3654.0;3653.75
2022.09.30 15:50:42;1664553042928;3655.25;1;1;0;3654.0;3653.75
2022.09.30 15:50:42;1664553042928;3655.25;1;1;0;3654.0;3653.75
2022.09.30 15:50:42;1664553042929;3655.25;1;1;0;3654.0;3653.75
2022.09.30 15:50:42;1664553042929;3655.25;1;1;0;3654.0;3653.75
2022.09.30 15:50:42;1664553042929;3655.25;2;1;0;3654.0;3653.75
2022.09.30 15:50:42;1664553042929;3655.25;3;1;0;3654.0;3653.75
2022.09.30 15:50:42;1664553042929;3655.25;1;1;0;3654.0;3653.75
2022.09.30 15:50:42;1664553042929;3655.25;3;1;0;3654.0;3653.75
2022.09.30 15:50:42;1664553042929;3655.25;2;1;0;3654.0;3653.75
2022.09.30 15:50:42;1664553042929;3655.25;1;1;0;3654.0;3653.75
2022.09.30 15:50:42;1664553042929;3655.25;4;0;1;3654.0;3653.75
2022.09.30 15:50:42;1664553042929;3655.25;6;0;1;3654.0;3653.75
2022.09.30 15:50:42;1664553042929;3655.25;1;0;1;3654.0;3653.75
2022.09.30 15:50:42;1664553042929;3655.0;3;0;1;3654.0;3653.75
2022.09.30 15:50:42;1664553042929;3655.25;1;1;0;3654.0;3653.75
2022.09.30 15:50:42;1664553042929;3655.25;1;0;1;3654.0;3653.75
2022.09.30 15:50:42;1664553042929;3655.25;1;1;0;3654.0;3653.75
2022.09.30 15:50:42;1664553042929;3655.25;1;0;1;3654.0;3653.75
2022.09.30 15:50:42;1664553042929;3655.25;1;0;1;3654.0;3653.75
2022.09.30 15:50:42;1664553042929;3655.25;1;0;1;3654.0;3653.75
2022.09.30 15:50:42;1664553042929;3655.25;5;0;1;3654.0;3653.75
2022.09.30 15:50:42;1664553042929;3655.25;5;0;1;3654.0;3653.75
2022.09.30 15:50:42;1664553042929;3655.25;1;1;0;3654.0;3653.75
2022.09.30 15:50:42;1664553042929;3655.25;1;1;0;3654.0;3653.75
2022.09.30 15:50:42;1664553042929;3655.25;1;1;0;3654.0;3653.75
2022.09.30 15:50:42;1664553042929;3655.25;1;1;0;3654.0;3653.75
2022.09.30 15:50:42;1664553042929;3655.25;1;0;1;3654.0;3653.75
2022.09.30 15:50:42;1664553042930;3655.25;1;0;1;3654.0;3653.75
2022.09.30 15:50:42;1664553042930;3655.25;1;0;1;3654.0;3653.75
2022.09.30 15:50:42;1664553042930;3655.5;2;1;0;3654.0;3653.75
2022.09.30 15:50:42;1664553042930;3655.5;2;0;0;3654.0;3653.75
2022.09.30 15:50:43;1664553043001;3655.5;1;1;0;3654.0;3653.75
2022.09.30 15:50:43;1664553043071;3655.5;1;1;0;3654.0;3653.75
2022.09.30 15:50:43;1664553043071;3655.5;1;1;0;3654.0;3653.75
2022.09.30 15:50:43;1664553043071;3655.5;1;1;0;3654.0;3653.75
2022.09.30 15:50:43;1664553043071;3655.5;1;1;0;3654.0;3653.75
2022.09.30 15:50:43;1664553043071;3655.5;1;1;0;3654.0;3653.75
2022.09.30 15:50:43;1664553043071;3655.5;1;1;0;3654.0;3653.75
2022.09.30 15:50:43;1664553043071;3655.5;1;1;0;3654.0;3653.75
2022.09.30 15:50:43;1664553043071;3655.5;4;1;0;3654.0;3653.75
2022.09.30 15:50:43;1664553043072;3655.5;1;1;0;3654.0;3653.75
2022.09.30 15:50:43;1664553043072;3655.5;1;1;0;3654.0;3653.75
2022.09.30 15:50:43;1664553043072;3655.5;1;1;0;3654.0;3653.75
2022.09.30 15:50:43;1664553043072;3655.5;1;1;0;3654.0;3653.75
2022.09.30 15:50:43;1664553043073;3655.5;1;1;0;3654.0;3653.75
2022.09.30 15:50:43;1664553043073;3655.5;4;1;0;3654.0;3653.75
2022.09.30 15:50:43;1664553043073;3655.5;1;1;0;3654.0;3653.75
2022.09.30 15:50:43;1664553043082;3655.5;1;1;0;3654.0;3653.75
2022.09.30 15:50:43;1664553043082;3655.5;1;0;1;3654.0;3653.75
2022.09.30 15:50:43;1664553043082;3655.5;1;0;1;3654.0;3653.75
2022.09.30 15:50:43;1664553043082;3655.5;1;0;1;3654.0;3653.75
2022.09.30 15:50:43;1664553043082;3655.5;1;0;1;3654.0;3653.75
2022.09.30 15:50:43;1664553043082;3655.5;1;0;1;3654.0;3653.75
2022.09.30 15:50:43;1664553043082;3655.5;1;0;1;3654.0;3653.75
2022.09.30 15:50:43;1664553043082;3655.5;1;0;1;3654.0;3653.75
2022.09.30 15:50:43;1664553043082;3655.5;1;0;1;3654.0;3653.75
2022.09.30 15:50:43;1664553043082;3655.5;1;0;1;3654.0;3653.75
2022.09.30 15:50:43;1664553043082;3655.5;1;0;1;3654.0;3653.75
2022.09.30 15:50:43;1664553043082;3655.5;1;1;0;3654.0;3653.75
2022.09.30 15:50:43;1664553043082;3655.5;1;1;0;3654.0;3653.75
2022.09.30 15:50:43;1664553043084;3655.5;1;1;0;3654.0;3653.75
2022.09.30 15:50:43;1664553043084;3655.5;1;0;0;3654.0;3653.75
2022.09.30 15:50:43;1664553043153;3655.5;1;0;1;3654.0;3653.75
2022.09.30 15:50:43;1664553043171;3655.5;1;0;1;3654.0;3653.75
2022.09.30 15:50:43;1664553043185;3655.5;1;0;1;3654.0;3653.75
2022.09.30 15:50:43;1664553043186;3655.5;1;0;1;3654.0;3653.75
2022.09.30 15:50:43;1664553043187;3655.5;1;0;1;3654.0;3653.75
2022.09.30 15:50:43;1664553043188;3655.5;1;0;1;3654.0;3653.75
2022.09.30 15:50:43;1664553043189;3655.5;3;0;1;3654.0;3653.75
2022.09.30 15:50:43;1664553043189;3655.5;1;0;1;3654.0;3653.75
2022.09.30 15:50:43;1664553043189;3655.5;1;0;1;3654.0;3653.75
2022.09.30 15:50:43;1664553043189;3655.5;1;0;1;3654.0;3653.75
2022.09.30 15:50:43;1664553043190;3655.5;1;0;1;3654.0;3653.75
2022.09.30 15:50:43;1664553043191;3655.5;1;0;1;3654.0;3653.75
2022.09.30 15:50:43;1664553043191;3655.5;1;0;1;3654.0;3653.75
2022.09.30 15:50:43;1664553043191;3655.5;1;0;1;3654.0;3653.75
2022.09.30 15:50:43;1664553043191;3655.5;1;1;0;3654.0;3653.75
2022.09.30 15:50:43;1664553043191;3655.5;1;1;0;3654.0;3653.75
2022.09.30 15:50:43;1664553043191;3655.5;1;1;0;3654.0;3653.75
2022.09.30 15:50:43;1664553043191;3655.5;1;1;0;3654.0;3653.75
2022.09.30 15:50:43;1664553043191;3655.5;1;1;0;3654.0;3653.75
2022.09.30 15:50:43;1664553043191;3655.5;1;1;0;3654.0;3653.75
2022.09.30 15:50:43;1664553043191;3655.5;1;1;0;3654.0;3653.75
2022.09.30 15:50:43;1664553043191;3655.5;1;1;0;3654.0;3653.75
2022.09.30 15:50:43;1664553043191;3655.5;1;1;0;3654.0;3653.75
2022.09.30 15:50:43;1664553043192;3655.5;1;1;0;3654.0;3653.75
2022.09.30 15:50:43;1664553043192;3655.5;1;1;0;3654.0;3653.75
2022.09.30 15:50:43;1664553043192;3655.5;1;1;0;3654.0;3653.75
2022.09.30 15:50:43;1664553043192;3655.5;1;1;0;3654.0;3653.75
2022.09.30 15:50:43;1664553043192;3655.5;1;1;0;3654.0;3653.75
2022.09.30 15:50:43;1664553043192;3655.5;1;1;0;3654.0;3653.75
2022.09.30 15:50:43;1664553043192;3655.5;1;0;1;3654.0;3653.75
2022.09.30 15:50:43;1664553043192;3655.5;1;0;1;3654.0;3653.75
2022.09.30 15:50:43;1664553043192;3655.5;1;0;1;3654.0;3653.75
2022.09.30 15:50:43;1664553043192;3655.5;2;0;1;3654.0;3653.75
2022.09.30 15:50:43;1664553043192;3655.5;4;0;1;3654.0;3653.75
2022.09.30 15:50:43;1664553043192;3655.5;1;0;1;3654.0;3653.75
2022.09.30 15:50:43;1664553043192;3655.5;1;0;1;3654.0;3653.75
2022.09.30 15:50:43;1664553043192;3655.5;1;0;0;3654.0;3653.75
2022.09.30 15:50:43;1664553043192;3655.5;1;0;0;3654.0;3653.75
2022.09.30 15:50:43;1664553043192;3655.5;1;0;1;3654.0;3653.75
2022.09.30 15:50:43;1664553043192;3655.5;1;0;1;3654.0;3653.75
2022.09.30 15:50:43;1664553043192;3655.5;1;0;1;3654.0;3653.75
2022.09.30 15:50:43;1664553043192;3655.5;1;0;1;3654.0;3653.75
2022.09.30 15:50:43;1664553043193;3655.5;1;0;1;3654.0;3653.75
2022.09.30 15:50:43;1664553043193;3655.5;1;0;1;3654.0;3653.75
2022.09.30 15:50:43;1664553043193;3655.5;1;0;1;3654.0;3653.75
2022.09.30 15:50:43;1664553043193;3655.5;2;0;1;3654.0;3653.75
2022.09.30 15:50:43;1664553043193;3655.5;3;0;1;3654.0;3653.75
2022.09.30 15:50:43;1664553043193;3655.5;1;0;1;3654.0;3653.75
2022.09.30 15:50:43;1664553043193;3655.5;1;0;1;3654.0;3653.75
2022.09.30 15:50:43;1664553043193;3655.5;1;0;1;3654.0;3653.75
2022.09.30 15:50:43;1664553043193;3655.5;1;0;1;3654.0;3653.75
2022.09.30 15:50:43;1664553043236;3655.5;1;0;1;3654.0;3653.75
2022.09.30 15:50:43;1664553043236;3655.5;4;0;1;3654.0;3653.75
2022.09.30 15:50:43;1664553043236;3655.5;1;0;1;3654.0;3653.75
2022.09.30 15:50:43;1664553043236;3655.5;1;0;1;3654.0;3653.75
2022.09.30 15:50:43;1664553043237;3655.5;1;0;1;3654.0;3653.75
2022.09.30 15:50:43;1664553043282;3655.75;2;1;0;3654.0;3653.75
2022.09.30 15:50:43;1664553043483;3655.5;1;0;1;3654.0;3653.75
2022.09.30 15:50:43;1664553043483;3655.5;2;0;1;3654.0;3653.75
2022.09.30 15:50:43;1664553043483;3655.5;1;0;1;3654.0;3653.75
2022.09.30 15:50:43;1664553043483;3655.5;3;0;1;3654.0;3653.75
2022.09.30 15:50:43;1664553043483;3655.5;3;0;1;3654.0;3653.75
2022.09.30 15:50:43;1664553043483;3655.5;1;0;1;3654.0;3653.75
2022.09.30 15:50:43;1664553043483;3655.5;1;0;1;3654.0;3653.75
2022.09.30 15:50:43;1664553043483;3655.5;1;0;1;3654.0;3653.75
2022.09.30 15:50:43;1664553043483;3655.5;1;0;1;3654.0;3653.75
2022.09.30 15:50:43;1664553043483;3655.5;1;0;1;3654.0;3653.75
2022.09.30 15:50:43;1664553043483;3655.5;5;0;1;3654.0;3653.75
2022.09.30 15:50:43;1664553043483;3655.5;1;0;1;3654.0;3653.75
2022.09.30 15:50:43;1664553043484;3655.5;1;0;1;3654.0;3653.75
2022.09.30 15:50:43;1664553043484;3655.5;1;0;1;3654.0;3653.75
2022.09.30 15:50:43;1664553043484;3655.5;1;0;1;3654.0;3653.75
2022.09.30 15:50:43;1664553043484;3655.5;1;0;1;3654.0;3653.75
2022.09.30 15:50:43;1664553043484;3655.5;1;0;1;3654.0;3653.75
2022.09.30 15:50:43;1664553043484;3655.5;1;0;1;3654.0;3653.75
2022.09.30 15:50:43;1664553043484;3655.5;1;0;1;3654.0;3653.75
2022.09.30 15:50:43;1664553043484;3655.5;1;0;1;3654.0;3653.75
2022.09.30 15:50:43;1664553043484;3655.5;1;0;0;3654.0;3653.75
2022.09.30 15:50:43;1664553043487;3655.5;1;1;0;3654.0;3653.75
2022.09.30 15:50:43;1664553043487;3655.5;1;1;0;3654.0;3653.75
2022.09.30 15:50:43;1664553043487;3655.5;1;1;0;3654.0;3653.75
2022.09.30 15:50:43;1664553043487;3655.5;1;1;0;3654.0;3653.75
2022.09.30 15:50:43;1664553043487;3655.5;1;1;0;3654.0;3653.75
2022.09.30 15:50:43;1664553043487;3655.5;3;0;1;3654.0;3653.75
2022.09.30 15:50:43;1664553043487;3655.5;1;0;1;3654.0;3653.75
2022.09.30 15:50:43;1664553043488;3655.5;1;0;0;3654.0;3653.75
2022.09.30 15:50:43;1664553043574;3655.5;2;0;1;3654.0;3653.75
2022.09.30 15:50:43;1664553043574;3655.5;1;0;1;3654.0;3653.75
2022.09.30 15:50:43;1664553043574;3655.5;1;0;1;3654.0;3653.75
2022.09.30 15:50:43;1664553043574;3655.5;1;0;1;3654.0;3653.75
2022.09.30 15:50:43;1664553043574;3655.5;1;0;1;3654.0;3653.75
2022.09.30 15:50:43;1664553043574;3655.5;1;0;1;3654.0;3653.75
2022.09.30 15:50:43;1664553043574;3655.5;3;0;1;3654.0;3653.75
2022.09.30 15:50:43;1664553043574;3655.5;1;0;1;3654.0;3653.75
2022.09.30 15:50:43;1664553043574;3655.5;3;0;1;3654.0;3653.75
2022.09.30 15:50:43;1664553043574;3655.5;3;0;0;3654.0;3653.75
2022.09.30 15:50:43;1664553043575;3655.5;3;0;0;3654.0;3653.75
2022.09.30 15:50:43;1664553043677;3655.5;2;1;0;3654.0;3653.75
2022.09.30 15:50:44;1664553044084;3655.25;1;0;1;3654.0;3653.75
2022.09.30 15:50:44;1664553044321;3655.25;1;0;1;3654.0;3653.75
2022.09.30 15:50:44;1664553044321;3655.25;1;0;1;3654.0;3653.75
2022.09.30 15:50:44;1664553044322;3655.25;1;0;1;3654.0;3653.75
2022.09.30 15:50:44;1664553044322;3655.25;1;0;1;3654.0;3653.75
2022.09.30 15:50:44;1664553044322;3655.25;1;0;1;3654.0;3653.75
2022.09.30 15:50:44;1664553044322;3655.25;1;0;1;3654.0;3653.75
2022.09.30 15:50:44;1664553044322;3655.25;1;0;1;3654.0;3653.75
2022.09.30 15:50:44;1664553044322;3655.25;1;0;1;3654.0;3653.75
2022.09.30 15:50:44;1664553044323;3655.25;1;0;1;3654.0;3653.75
2022.09.30 15:50:44;1664553044323;3655.25;1;0;1;3654.0;3653.75
2022.09.30 15:50:44;1664553044323;3655.25;1;0;1;3654.0;3653.75
2022.09.30 15:50:44;1664553044323;3655.25;7;0;1;3654.0;3653.75
2022.09.30 15:50:44;1664553044323;3655.25;4;0;1;3654.0;3653.75
2022.09.30 15:50:44;1664553044323;3655.25;3;0;1;3654.0;3653.75
2022.09.30 15:50:44;1664553044323;3655.25;5;0;1;3654.0;3653.75
2022.09.30 15:50:44;1664553044323;3655.25;1;0;1;3654.0;3653.75
2022.09.30 15:50:44;1664553044323;3655.25;1;0;1;3654.0;3653.75
2022.09.30 15:50:44;1664553044323;3655.25;1;0;1;3654.0;3653.75
2022.09.30 15:50:44;1664553044323;3655.25;2;0;1;3654.0;3653.75
2022.09.30 15:50:44;1664553044323;3655.25;1;0;1;3654.0;3653.75
2022.09.30 15:50:44;1664553044323;3655.25;1;0;0;3654.0;3653.75
2022.09.30 15:50:44;1664553044323;3655.25;1;1;0;3654.0;3653.75
2022.09.30 15:50:44;1664553044324;3655.25;1;1;0;3654.0;3653.75
2022.09.30 15:50:44;1664553044385;3655.0;1;0;1;3654.0;3653.75
2022.09.30 15:50:44;1664553044385;3655.0;4;0;1;3654.0;3653.75
2022.09.30 15:50:44;1664553044385;3655.0;3;0;1;3654.0;3653.75
2022.09.30 15:50:44;1664553044385;3655.0;5;0;1;3654.0;3653.75
2022.09.30 15:50:44;1664553044385;3655.0;1;0;1;3654.0;3653.75
2022.09.30 15:50:44;1664553044425;3655.0;4;0;1;3654.0;3653.75
2022.09.30 15:50:44;1664553044425;3655.0;1;0;1;3654.0;3653.75
2022.09.30 15:50:44;1664553044426;3655.0;1;0;1;3654.0;3653.75
2022.09.30 15:50:44;1664553044426;3655.0;1;0;1;3654.0;3653.75
2022.09.30 15:50:44;1664553044426;3655.0;1;0;1;3654.0;3653.75
2022.09.30 15:50:44;1664553044426;3655.0;1;0;1;3654.0;3653.75
2022.09.30 15:50:44;1664553044426;3655.0;1;0;1;3654.0;3653.75
2022.09.30 15:50:44;1664553044426;3655.0;1;0;1;3654.0;3653.75
2022.09.30 15:50:44;1664553044426;3655.0;1;0;1;3654.0;3653.75
2022.09.30 15:50:44;1664553044426;3655.0;2;0;1;3654.0;3653.75
2022.09.30 15:50:44;1664553044426;3655.0;1;0;1;3654.0;3653.75
2022.09.30 15:50:44;1664553044426;3655.0;1;0;1;3654.0;3653.75
2022.09.30 15:50:44;1664553044426;3655.0;1;0;1;3654.0;3653.75
2022.09.30 15:50:44;1664553044426;3655.0;20;0;1;3654.0;3653.75
2022.09.30 15:50:44;1664553044426;3655.0;1;0;1;3654.0;3653.75
2022.09.30 15:50:44;1664553044426;3655.0;1;0;1;3654.0;3653.75
2022.09.30 15:50:44;1664553044426;3655.25;2;1;0;3654.0;3653.75
2022.09.30 15:50:44;1664553044426;3655.25;1;1;0;3654.0;3653.75
2022.09.30 15:50:44;1664553044426;3655.25;1;1;0;3654.0;3653.75
2022.09.30 15:50:44;1664553044427;3655.25;1;1;0;3654.0;3653.75
2022.09.30 15:50:44;1664553044427;3655.25;3;1;0;3654.0;3653.75
2022.09.30 15:50:44;1664553044427;3655.25;4;1;0;3654.0;3653.75
2022.09.30 15:50:44;1664553044427;3655.25;1;1;0;3654.0;3653.75
2022.09.30 15:50:44;1664553044427;3655.25;2;1;0;3654.0;3653.75
2022.09.30 15:50:44;1664553044427;3655.25;1;1;0;3654.0;3653.75
2022.09.30 15:50:44;1664553044428;3655.25;3;1;0;3654.0;3653.75
2022.09.30 15:50:44;1664553044428;3655.25;4;1;0;3654.0;3653.75
2022.09.30 15:50:44;1664553044428;3655.25;1;1;0;3654.0;3653.75
2022.09.30 15:50:44;1664553044428;3655.25;1;1;0;3654.0;3653.75
2022.09.30 15:50:44;1664553044428;3655.25;1;1;0;3654.0;3653.75
2022.09.30 15:50:44;1664553044428;3655.25;3;1;0;3654.0;3653.75
2022.09.30 15:50:44;1664553044428;3655.25;1;1;0;3654.0;3653.75
2022.09.30 15:50:44;1664553044428;3655.25;15;1;0;3654.0;3653.75
2022.09.30 15:50:44;1664553044428;3655.25;1;1;0;3654.0;3653.75
2022.09.30 15:50:44;1664553044428;3655.25;1;1;0;3654.0;3653.75
2022.09.30 15:50:44;1664553044428;3655.25;1;1;0;3654.0;3653.75
2022.09.30 15:50:44;1664553044429;3655.25;1;1;0;3654.0;3653.75
2022.09.30 15:50:44;1664553044429;3655.25;1;1;0;3654.0;3653.75
2022.09.30 15:50:44;1664553044429;3655.25;1;0;1;3654.0;3653.75
2022.09.30 15:50:44;1664553044429;3655.25;1;1;0;3654.0;3653.75
2022.09.30 15:50:44;1664553044429;3655.25;1;1;0;3654.0;3653.75
2022.09.30 15:50:44;1664553044429;3655.25;4;1;0;3654.0;3653.75
2022.09.30 15:50:44;1664553044429;3655.25;1;0;1;3654.0;3653.75
2022.09.30 15:50:44;1664553044429;3655.25;1;0;1;3654.0;3653.75
2022.09.30 15:50:44;1664553044429;3655.25;1;1;0;3654.0;3653.75
2022.09.30 15:50:44;1664553044429;3655.25;1;0;1;3654.0;3653.75
2022.09.30 15:50:44;1664553044429;3655.25;4;1;0;3654.0;3653.75
2022.09.30 15:50:44;1664553044429;3655.25;1;1;0;3654.0;3653.75
2022.09.30 15:50:44;1664553044429;3655.25;2;1;0;3654.0;3653.75
2022.09.30 15:50:44;1664553044429;3655.25;1;1;0;3654.0;3653.75
2022.09.30 15:50:44;1664553044472;3655.25;1;1;0;3654.0;3653.75
2022.09.30 15:50:44;1664553044472;3655.25;1;1;0;3654.0;3653.75
2022.09.30 15:50:44;1664553044472;3655.25;1;1;0;3654.0;3653.75
2022.09.30 15:50:44;1664553044472;3655.25;1;1;0;3654.0;3653.75
2022.09.30 15:50:44;1664553044472;3655.25;4;1;0;3654.0;3653.75
2022.09.30 15:50:44;1664553044472;3655.25;1;1;0;3654.0;3653.75
2022.09.30 15:50:44;1664553044472;3655.25;1;1;0;3654.0;3653.75
2022.09.30 15:50:44;1664553044472;3655.25;1;0;0;3654.0;3653.75
2022.09.30 15:50:44;1664553044474;3655.25;1;0;1;3654.0;3653.75
2022.09.30 15:50:44;1664553044474;3655.25;1;0;1;3654.0;3653.75
2022.09.30 15:50:44;1664553044474;3655.25;2;0;1;3654.0;3653.75
2022.09.30 15:50:44;1664553044474;3655.25;3;0;1;3654.0;3653.75
2022.09.30 15:50:44;1664553044474;3655.25;4;0;1;3654.0;3653.75
2022.09.30 15:50:44;1664553044474;3655.25;1;0;1;3654.0;3653.75
2022.09.30 15:50:44;1664553044474;3655.25;1;0;1;3654.0;3653.75
2022.09.30 15:50:44;1664553044474;3655.25;1;0;1;3654.0;3653.75
2022.09.30 15:50:44;1664553044474;3655.25;1;0;1;3654.0;3653.75
2022.09.30 15:50:44;1664553044474;3655.25;1;0;1;3654.0;3653.75
2022.09.30 15:50:44;1664553044474;3655.25;1;0;1;3654.0;3653.75
2022.09.30 15:50:44;1664553044474;3655.25;1;0;1;3654.0;3653.75
2022.09.30 15:50:44;1664553044474;3655.25;1;0;1;3654.0;3653.75
2022.09.30 15:50:44;1664553044474;3655.25;1;0;1;3654.0;3653.75
2022.09.30 15:50:44;1664553044474;3655.25;1;0;1;3654.0;3653.75
2022.09.30 15:50:44;1664553044474;3655.25;1;0;0;3654.0;3653.75
2022.09.30 15:50:44;1664553044475;3655.25;1;0;0;3654.0;3653.75
2022.09.30 15:50:44;1664553044481;3655.25;3;1;0;3654.0;3653.75
2022.09.30 15:50:44;1664553044481;3655.25;1;1;0;3654.0;3653.75
2022.09.30 15:50:44;1664553044481;3655.25;1;1;0;3654.0;3653.75
2022.09.30 15:50:44;1664553044482;3655.25;1;0;0;3654.0;3653.75
2022.09.30 15:50:44;1664553044729;3655.5;1;1;0;3654.0;3653.75
2022.09.30 15:50:45;1664553045195;3655.25;2;0;1;3654.0;3653.75
2022.09.30 15:50:45;1664553045432;3655.5;1;1;0;3654.0;3653.75
2022.09.30 15:50:45;1664553045449;3655.5;1;1;0;3654.0;3653.75
2022.09.30 15:50:45;1664553045494;3655.5;1;1;0;3654.0;3653.75
2022.09.30 15:50:45;1664553045494;3655.5;2;1;0;3654.0;3653.75
2022.09.30 15:50:45;1664553045494;3655.5;1;1;0;3654.0;3653.75
2022.09.30 15:50:45;1664553045494;3655.5;1;1;0;3654.0;3653.75
2022.09.30 15:50:45;1664553045494;3655.5;2;1;0;3654.0;3653.75
2022.09.30 15:50:45;1664553045494;3655.5;1;1;0;3654.0;3653.75
2022.09.30 15:50:45;1664553045494;3655.5;1;1;0;3654.0;3653.75
2022.09.30 15:50:45;1664553045494;3655.5;1;1;0;3654.0;3653.75
2022.09.30 15:50:45;1664553045495;3655.5;1;1;0;3654.0;3653.75
2022.09.30 15:50:45;1664553045495;3655.5;1;1;0;3654.0;3653.75
2022.09.30 15:50:45;1664553045495;3655.5;1;0;1;3654.0;3653.75
2022.09.30 15:50:45;1664553045495;3655.5;1;0;1;3654.0;3653.75
2022.09.30 15:50:45;1664553045495;3655.5;1;0;1;3654.0;3653.75
2022.09.30 15:50:45;1664553045496;3655.5;1;1;0;3654.0;3653.75
2022.09.30 15:50:45;1664553045496;3655.5;1;1;0;3654.0;3653.75
2022.09.30 15:50:45;1664553045496;3655.5;1;1;0;3654.0;3653.75
2022.09.30 15:50:45;1664553045496;3655.5;1;1;0;3654.0;3653.75
2022.09.30 15:50:45;1664553045496;3655.5;1;1;0;3654.0;3653.75
2022.09.30 15:50:45;1664553045496;3655.5;1;1;0;3654.0;3653.75
2022.09.30 15:50:45;1664553045496;3655.5;1;1;0;3654.0;3653.75
2022.09.30 15:50:45;1664553045496;3655.5;1;1;0;3654.0;3653.75
2022.09.30 15:50:45;1664553045496;3655.5;1;1;0;3654.0;3653.75
2022.09.30 15:50:45;1664553045496;3655.5;1;1;0;3654.0;3653.75
2022.09.30 15:50:45;1664553045496;3655.5;1;1;0;3654.0;3653.75
2022.09.30 15:50:45;1664553045496;3655.5;1;1;0;3654.0;3653.75
2022.09.30 15:50:45;1664553045496;3655.5;2;1;0;3654.0;3653.75
2022.09.30 15:50:45;1664553045496;3655.5;1;1;0;3654.0;3653.75
2022.09.30 15:50:45;1664553045496;3655.5;1;1;0;3654.0;3653.75
2022.09.30 15:50:45;1664553045496;3655.5;1;1;0;3654.0;3653.75
2022.09.30 15:50:45;1664553045496;3655.5;4;1;0;3654.0;3653.75
2022.09.30 15:50:45;1664553045509;3655.5;1;1;0;3654.0;3653.75
2022.09.30 15:50:45;1664553045509;3655.5;3;1;0;3654.0;3653.75
2022.09.30 15:50:45;1664553045509;3655.5;1;0;1;3654.0;3653.75
2022.09.30 15:50:45;1664553045971;3655.5;1;1;0;3654.0;3653.75
2022.09.30 15:50:45;1664553045971;3655.5;1;1;0;3654.0;3653.75
2022.09.30 15:50:45;1664553045971;3655.5;1;1;0;3654.0;3653.75
2022.09.30 15:50:45;1664553045976;3655.25;1;0;1;3654.0;3653.75
2022.09.30 15:50:45;1664553045976;3655.25;1;0;1;3654.0;3653.75
2022.09.30 15:50:45;1664553045976;3655.25;1;0;1;3654.0;3653.75
2022.09.30 15:50:45;1664553045976;3655.25;1;0;1;3654.0;3653.75
2022.09.30 15:50:45;1664553045976;3655.25;1;0;1;3654.0;3653.75
2022.09.30 15:50:45;1664553045977;3655.25;1;0;1;3654.0;3653.75
2022.09.30 15:50:45;1664553045977;3655.25;1;0;1;3654.0;3653.75
2022.09.30 15:50:45;1664553045977;3655.25;1;0;1;3654.0;3653.75
2022.09.30 15:50:45;1664553045977;3655.25;1;0;1;3654.0;3653.75
2022.09.30 15:50:45;1664553045977;3655.25;1;0;1;3654.0;3653.75
2022.09.30 15:50:45;1664553045977;3655.25;1;0;1;3654.0;3653.75
2022.09.30 15:50:45;1664553045977;3655.25;1;0;1;3654.0;3653.75
2022.09.30 15:50:45;1664553045977;3655.25;1;0;1;3654.0;3653.75
2022.09.30 15:50:45;1664553045977;3655.25;1;0;1;3654.0;3653.75
2022.09.30 15:50:45;1664553045977;3655.25;1;0;1;3654.0;3653.75
2022.09.30 15:50:45;1664553045977;3655.25;1;0;1;3654.0;3653.75
2022.09.30 15:50:45;1664553045977;3655.25;1;0;1;3654.0;3653.75
2022.09.30 15:50:45;1664553045977;3655.25;1;0;1;3654.0;3653.75
2022.09.30 15:50:45;1664553045977;3655.25;1;0;1;3654.0;3653.75
2022.09.30 15:50:45;1664553045977;3655.25;1;0;1;3654.0;3653.75
2022.09.30 15:50:45;1664553045977;3655.25;10;0;1;3654.0;3653.75
2022.09.30 15:50:45;1664553045977;3655.25;1;0;1;3654.0;3653.75
2022.09.30 15:50:45;1664553045977;3655.25;1;0;1;3654.0;3653.75
2022.09.30 15:50:45;1664553045977;3655.25;4;0;1;3654.0;3653.75
2022.09.30 15:50:45;1664553045978;3655.25;1;0;1;3654.0;3653.75
2022.09.30 15:50:45;1664553045981;3655.25;1;0;1;3654.0;3653.75
2022.09.30 15:50:46;1664553046023;3655.25;1;0;1;3654.0;3653.75
2022.09.30 15:50:46;1664553046023;3655.25;1;0;1;3654.0;3653.75
2022.09.30 15:50:46;1664553046023;3655.25;1;0;1;3654.0;3653.75
2022.09.30 15:50:46;1664553046023;3655.25;1;0;1;3654.0;3653.75
2022.09.30 15:50:46;1664553046023;3655.25;1;0;1;3654.0;3653.75
2022.09.30 15:50:46;1664553046024;3655.25;2;0;1;3654.0;3653.75
2022.09.30 15:50:46;1664553046024;3655.25;1;0;1;3654.0;3653.75
2022.09.30 15:50:46;1664553046024;3655.25;1;0;1;3654.0;3653.75
2022.09.30 15:50:46;1664553046024;3655.25;1;0;1;3654.0;3653.75
2022.09.30 15:50:46;1664553046024;3655.25;1;0;1;3654.0;3653.75
2022.09.30 15:50:46;1664553046026;3655.25;1;1;0;3654.0;3653.75
2022.09.30 15:50:46;1664553046026;3655.25;1;0;0;3654.0;3653.75
2022.09.30 15:50:46;1664553046027;3655.25;4;1;0;3654.0;3653.75
2022.09.30 15:50:46;1664553046027;3655.25;2;1;0;3654.0;3653.75
2022.09.30 15:50:46;1664553046027;3655.25;1;1;0;3654.0;3653.75
2022.09.30 15:50:46;1664553046027;3655.25;6;1;0;3654.0;3653.75
2022.09.30 15:50:46;1664553046027;3655.25;4;1;0;3654.0;3653.75
2022.09.30 15:50:46;1664553046027;3655.25;5;1;0;3654.0;3653.75
2022.09.30 15:50:46;1664553046027;3655.25;1;1;0;3654.0;3653.75
2022.09.30 15:50:46;1664553046027;3655.25;1;1;0;3654.0;3653.75
2022.09.30 15:50:46;1664553046027;3655.25;2;1;0;3654.0;3653.75
2022.09.30 15:50:46;1664553046027;3655.25;1;1;0;3654.0;3653.75
2022.09.30 15:50:46;1664553046027;3655.25;1;1;0;3654.0;3653.75
2022.09.30 15:50:46;1664553046027;3655.25;1;1;0;3654.0;3653.75
2022.09.30 15:50:46;1664553046027;3655.25;1;1;0;3654.0;3653.75
2022.09.30 15:50:46;1664553046027;3655.25;2;1;0;3654.0;3653.75
2022.09.30 15:50:46;1664553046027;3655.25;1;1;0;3654.0;3653.75
2022.09.30 15:50:46;1664553046027;3655.25;1;1;0;3654.0;3653.75
2022.09.30 15:50:46;1664553046027;3655.25;1;1;0;3654.0;3653.75
2022.09.30 15:50:46;1664553046027;3655.25;1;1;0;3654.0;3653.75
2022.09.30 15:50:46;1664553046027;3655.25;1;1;0;3654.0;3653.75
2022.09.30 15:50:46;1664553046027;3655.25;1;1;0;3654.0;3653.75
2022.09.30 15:50:46;1664553046027;3655.25;1;1;0;3654.0;3653.75
2022.09.30 15:50:46;1664553046028;3655.25;1;1;0;3654.0;3653.75
2022.09.30 15:50:46;1664553046028;3655.25;1;1;0;3654.0;3653.75
2022.09.30 15:50:46;1664553046028;3655.25;1;1;0;3654.0;3653.75
2022.09.30 15:50:46;1664553046028;3655.25;1;0;1;3654.0;3653.75
2022.09.30 15:50:46;1664553046028;3655.25;1;1;0;3654.0;3653.75
2022.09.30 15:50:46;1664553046028;3655.25;1;0;0;3654.0;3653.75
2022.09.30 15:50:46;1664553046069;3655.25;3;0;1;3654.0;3653.75
2022.09.30 15:50:46;1664553046070;3655.25;2;0;1;3654.0;3653.75
2022.09.30 15:50:46;1664553046070;3655.25;2;0;0;3654.0;3653.75
2022.09.30 15:50:46;1664553046129;3655.25;3;1;0;3654.0;3653.75
2022.09.30 15:50:46;1664553046129;3655.25;4;1;0;3654.0;3653.75
2022.09.30 15:50:46;1664553046129;3655.25;1;1;0;3654.0;3653.75
2022.09.30 15:50:46;1664553046129;3655.25;1;1;0;3654.0;3653.75
2022.09.30 15:50:46;1664553046129;3655.25;1;1;0;3654.0;3653.75
2022.09.30 15:50:46;1664553046129;3655.25;1;1;0;3654.0;3653.75
2022.09.30 15:50:46;1664553046129;3655.25;1;1;0;3654.0;3653.75
2022.09.30 15:50:46;1664553046129;3655.25;1;1;0;3654.0;3653.75
2022.09.30 15:50:46;1664553046129;3655.25;1;1;0;3654.0;3653.75
2022.09.30 15:50:46;1664553046129;3655.25;1;1;0;3654.0;3653.75
2022.09.30 15:50:46;1664553046129;3655.25;2;1;0;3654.0;3653.75
2022.09.30 15:50:46;1664553046129;3655.25;1;1;0;3654.0;3653.75
2022.09.30 15:50:46;1664553046129;3655.25;1;0;0;3654.0;3653.75
2022.09.30 15:50:46;1664553046129;3655.25;3;0;1;3654.0;3653.75
2022.09.30 15:50:46;1664553046129;3655.25;1;0;1;3654.0;3653.75
2022.09.30 15:50:46;1664553046130;3655.25;1;0;1;3654.0;3653.75
2022.09.30 15:50:46;1664553046130;3655.25;1;0;1;3654.0;3653.75
2022.09.30 15:50:46;1664553046130;3655.25;1;0;1;3654.0;3653.75
2022.09.30 15:50:46;1664553046130;3655.25;2;0;1;3654.0;3653.75
2022.09.30 15:50:46;1664553046130;3655.25;2;0;0;3654.0;3653.75
2022.09.30 15:50:46;1664553046143;3655.25;1;1;0;3654.0;3653.75
2022.09.30 15:50:46;1664553046143;3655.25;1;1;0;3654.0;3653.75
2022.09.30 15:50:46;1664553046143;3655.25;1;1;0;3654.0;3653.75
2022.09.30 15:50:46;1664553046143;3655.25;1;1;0;3654.0;3653.75
2022.09.30 15:50:46;1664553046143;3655.25;1;1;0;3654.0;3653.75
2022.09.30 15:50:46;1664553046143;3655.25;1;1;0;3654.0;3653.75
2022.09.30 15:50:46;1664553046143;3655.25;1;1;0;3654.0;3653.75
2022.09.30 15:50:46;1664553046143;3655.25;2;0;1;3654.0;3653.75
2022.09.30 15:50:46;1664553046144;3655.25;1;1;0;3654.0;3653.75
2022.09.30 15:50:46;1664553046144;3655.25;1;0;0;3654.0;3653.75
2022.09.30 15:50:46;1664553046163;3655.25;1;0;0;3654.0;3653.75
2022.09.30 15:50:46;1664553046191;3655.25;1;0;0;3654.0;3653.75
2022.09.30 15:50:46;1664553046317;3655.25;1;1;0;3654.0;3653.75
2022.09.30 15:50:46;1664553046317;3655.25;1;1;0;3654.0;3653.75
2022.09.30 15:50:46;1664553046317;3655.25;1;1;0;3654.0;3653.75
2022.09.30 15:50:46;1664553046317;3655.25;1;1;0;3654.0;3653.75
2022.09.30 15:50:46;1664553046317;3655.5;4;1;0;3654.0;3653.75
2022.09.30 15:50:46;1664553046317;3655.5;1;1;0;3654.0;3653.75
2022.09.30 15:50:46;1664553046317;3655.25;1;0;1;3654.0;3653.75
2022.09.30 15:50:46;1664553046317;3655.25;3;1;0;3654.0;3653.75
2022.09.30 15:50:46;1664553046318;3655.25;3;0;0;3654.0;3653.75
2022.09.30 15:50:46;1664553046453;3655.5;1;1;0;3654.0;3653.75
2022.09.30 15:50:46;1664553046519;3655.5;1;1;0;3654.0;3653.75
2022.09.30 15:50:46;1664553046519;3655.5;1;1;0;3654.0;3653.75
2022.09.30 15:50:46;1664553046519;3655.5;1;1;0;3654.0;3653.75
2022.09.30 15:50:46;1664553046519;3655.5;1;1;0;3654.0;3653.75
2022.09.30 15:50:46;1664553046519;3655.5;1;1;0;3654.0;3653.75
2022.09.30 15:50:46;1664553046519;3655.5;4;1;0;3654.0;3653.75
2022.09.30 15:50:46;1664553046622;3655.25;1;0;1;3654.0;3653.75
2022.09.30 15:50:46;1664553046622;3655.25;1;0;1;3654.0;3653.75
2022.09.30 15:50:46;1664553046622;3655.25;1;0;1;3654.0;3653.75
2022.09.30 15:50:46;1664553046631;3655.25;1;0;1;3654.0;3653.75
2022.09.30 15:50:46;1664553046631;3655.25;1;0;1;3654.0;3653.75
2022.09.30 15:50:46;1664553046631;3655.25;1;0;1;3654.0;3653.75
2022.09.30 15:50:46;1664553046631;3655.25;1;0;0;3654.0;3653.75
2022.09.30 15:50:46;1664553046658;3655.25;1;1;0;3654.0;3653.75
2022.09.30 15:50:46;1664553046658;3655.25;1;0;0;3654.0;3653.75
2022.09.30 15:50:46;1664553046702;3655.25;1;0;1;3654.0;3653.75
2022.09.30 15:50:46;1664553046702;3655.25;1;0;1;3654.0;3653.75
2022.09.30 15:50:46;1664553046702;3655.25;1;0;1;3654.0;3653.75
2022.09.30 15:50:46;1664553046702;3655.25;1;0;0;3654.0;3653.75
2022.09.30 15:50:46;1664553046716;3655.5;1;1;0;3654.0;3653.75
2022.09.30 15:50:46;1664553046717;3655.5;1;1;0;3654.0;3653.75
2022.09.30 15:50:46;1664553046717;3655.5;1;0;0;3654.0;3653.75
2022.09.30 15:50:46;1664553046734;3655.5;1;1;0;3654.0;3653.75
2022.09.30 15:50:46;1664553046735;3655.25;1;0;1;3654.0;3653.75
2022.09.30 15:50:46;1664553046924;3655.5;1;1;0;3654.0;3653.75
2022.09.30 15:50:46;1664553046954;3655.5;1;1;0;3654.0;3653.75
2022.09.30 15:50:46;1664553046954;3655.5;1;1;0;3654.0;3653.75
2022.09.30 15:50:46;1664553046954;3655.5;1;1;0;3654.0;3653.75
2022.09.30 15:50:46;1664553046954;3655.5;1;1;0;3654.0;3653.75
2022.09.30 15:50:46;1664553046954;3655.5;2;1;0;3654.0;3653.75
2022.09.30 15:50:46;1664553046954;3655.5;1;1;0;3654.0;3653.75
2022.09.30 15:50:46;1664553046954;3655.5;1;1;0;3654.0;3653.75
2022.09.30 15:50:46;1664553046954;3655.5;1;1;0;3654.0;3653.75
2022.09.30 15:50:46;1664553046954;3655.5;1;1;0;3654.0;3653.75
2022.09.30 15:50:46;1664553046954;3655.5;1;1;0;3654.0;3653.75
2022.09.30 15:50:46;1664553046954;3655.5;1;1;0;3654.0;3653.75
2022.09.30 15:50:46;1664553046954;3655.5;1;1;0;3654.0;3653.75
2022.09.30 15:50:47;1664553047104;3655.5;1;1;0;3654.0;3653.75
2022.09.30 15:50:47;1664553047115;3655.5;1;1;0;3654.0;3653.75
2022.09.30 15:50:47;1664553047115;3655.5;1;1;0;3654.0;3653.75
2022.09.30 15:50:47;1664553047115;3655.5;1;1;0;3654.0;3653.75
2022.09.30 15:50:47;1664553047115;3655.5;1;1;0;3654.0;3653.75
2022.09.30 15:50:47;1664553047115;3655.5;6;1;0;3654.0;3653.75
2022.09.30 15:50:47;1664553047115;3655.5;1;1;0;3654.0;3653.75
2022.09.30 15:50:47;1664553047115;3655.5;1;0;0;3654.0;3653.75
2022.09.30 15:50:47;1664553047119;3655.5;1;0;1;3654.0;3653.75
2022.09.30 15:50:47;1664553047119;3655.5;1;0;1;3654.0;3653.75
2022.09.30 15:50:47;1664553047119;3655.5;1;0;1;3654.0;3653.75
2022.09.30 15:50:47;1664553047119;3655.5;1;0;1;3654.0;3653.75
2022.09.30 15:50:47;1664553047119;3655.5;1;0;1;3654.0;3653.75
2022.09.30 15:50:47;1664553047119;3655.5;1;0;1;3654.0;3653.75
2022.09.30 15:50:47;1664553047119;3655.5;1;0;1;3654.0;3653.75
2022.09.30 15:50:47;1664553047119;3655.5;5;0;1;3654.0;3653.75
2022.09.30 15:50:47;1664553047119;3655.5;1;0;1;3654.0;3653.75
2022.09.30 15:50:47;1664553047119;3655.5;1;0;1;3654.0;3653.75
2022.09.30 15:50:47;1664553047120;3655.5;2;0;1;3654.0;3653.75
2022.09.30 15:50:47;1664553047120;3655.5;1;0;1;3654.0;3653.75
2022.09.30 15:50:47;1664553047384;3655.75;1;1;0;3654.0;3653.75
2022.09.30 15:50:47;1664553047384;3655.75;1;1;0;3654.0;3653.75
2022.09.30 15:50:47;1664553047384;3655.75;1;1;0;3654.0;3653.75
2022.09.30 15:50:47;1664553047384;3655.75;1;1;0;3654.0;3653.75
2022.09.30 15:50:47;1664553047384;3655.75;1;1;0;3654.0;3653.75
2022.09.30 15:50:47;1664553047385;3655.75;1;1;0;3654.0;3653.75
2022.09.30 15:50:47;1664553047385;3655.75;1;1;0;3654.0;3653.75
2022.09.30 15:50:47;1664553047385;3655.75;1;1;0;3654.0;3653.75
2022.09.30 15:50:47;1664553047385;3655.75;1;1;0;3654.0;3653.75
2022.09.30 15:50:47;1664553047385;3655.75;1;1;0;3654.0;3653.75
2022.09.30 15:50:47;1664553047385;3655.75;1;1;0;3654.0;3653.75
2022.09.30 15:50:47;1664553047385;3655.75;1;1;0;3654.0;3653.75
2022.09.30 15:50:47;1664553047385;3655.75;1;1;0;3654.0;3653.75
2022.09.30 15:50:47;1664553047385;3655.75;2;1;0;3654.0;3653.75
2022.09.30 15:50:47;1664553047386;3655.75;1;1;0;3654.0;3653.75
2022.09.30 15:50:47;1664553047386;3655.75;1;1;0;3654.0;3653.75
2022.09.30 15:50:47;1664553047386;3655.75;1;0;1;3654.0;3653.75
2022.09.30 15:50:47;1664553047386;3655.75;5;0;1;3654.0;3653.75
2022.09.30 15:50:47;1664553047386;3655.75;5;0;1;3654.0;3653.75
2022.09.30 15:50:47;1664553047386;3655.75;6;0;1;3654.0;3653.75
2022.09.30 15:50:47;1664553047386;3655.75;4;0;1;3654.0;3653.75
2022.09.30 15:50:47;1664553047386;3655.75;4;0;1;3654.0;3653.75
2022.09.30 15:50:47;1664553047386;3655.75;4;0;0;3654.0;3653.75
2022.09.30 15:50:47;1664553047387;3655.75;1;0;1;3654.0;3653.75
2022.09.30 15:50:47;1664553047387;3655.75;1;0;1;3654.0;3653.75
2022.09.30 15:50:47;1664553047387;3655.75;1;0;1;3654.0;3653.75
2022.09.30 15:50:47;1664553047387;3655.75;1;0;0;3654.0;3653.75
2022.09.30 15:50:47;1664553047388;3655.75;1;1;0;3654.0;3653.75
2022.09.30 15:50:47;1664553047388;3655.75;1;1;0;3654.0;3653.75
2022.09.30 15:50:47;1664553047388;3655.75;1;1;0;3654.0;3653.75
2022.09.30 15:50:47;1664553047389;3655.75;1;1;0;3654.0;3653.75
2022.09.30 15:50:47;1664553047416;3655.5;1;0;1;3654.0;3653.75
2022.09.30 15:50:47;1664553047458;3655.75;1;1;0;3654.0;3653.75
2022.09.30 15:50:47;1664553047468;3655.75;1;1;0;3654.0;3653.75
2022.09.30 15:50:48;1664553048067;3655.75;1;1;0;3654.0;3653.75
2022.09.30 15:50:48;1664553048067;3655.75;1;1;0;3654.0;3653.75
2022.09.30 15:50:48;1664553048067;3655.75;1;0;1;3654.0;3653.75
2022.09.30 15:50:48;1664553048067;3655.75;1;0;1;3654.0;3653.75
2022.09.30 15:50:48;1664553048067;3655.75;1;0;1;3654.0;3653.75
2022.09.30 15:50:48;1664553048067;3655.75;1;0;1;3654.0;3653.75
2022.09.30 15:50:48;1664553048067;3655.75;1;0;1;3654.0;3653.75
2022.09.30 15:50:48;1664553048072;3655.75;3;1;0;3654.0;3653.75
2022.09.30 15:50:48;1664553048077;3655.75;1;1;0;3654.0;3653.75
2022.09.30 15:50:48;1664553048078;3655.75;1;1;0;3654.0;3653.75
2022.09.30 15:50:48;1664553048078;3655.75;1;1;0;3654.0;3653.75
2022.09.30 15:50:48;1664553048293;3655.5;1;0;1;3654.0;3653.75
2022.09.30 15:50:48;1664553048344;3655.75;1;1;0;3654.0;3653.75
2022.09.30 15:50:48;1664553048344;3655.75;1;1;0;3654.0;3653.75
2022.09.30 15:50:48;1664553048403;3655.75;1;1;0;3654.0;3653.75
2022.09.30 15:50:48;1664553048403;3655.75;3;1;0;3654.0;3653.75
2022.09.30 15:50:48;1664553048403;3655.75;1;1;0;3654.0;3653.75
2022.09.30 15:50:48;1664553048416;3655.5;1;0;1;3654.0;3653.75
2022.09.30 15:50:48;1664553048416;3655.5;1;0;1;3654.0;3653.75
2022.09.30 15:50:48;1664553048416;3655.5;1;0;1;3654.0;3653.75
2022.09.30 15:50:48;1664553048416;3655.5;3;0;1;3654.0;3653.75
2022.09.30 15:50:48;1664553048450;3655.75;1;1;0;3654.0;3653.75
2022.09.30 15:50:48;1664553048540;3655.5;1;0;1;3654.0;3653.75
2022.09.30 15:50:48;1664553048540;3655.5;1;0;1;3654.0;3653.75
2022.09.30 15:50:48;1664553048540;3655.5;1;0;1;3654.0;3653.75
2022.09.30 15:50:48;1664553048540;3655.5;1;0;1;3654.0;3653.75
2022.09.30 15:50:48;1664553048540;3655.5;1;0;1;3654.0;3653.75
2022.09.30 15:50:48;1664553048540;3655.5;1;0;1;3654.0;3653.75
2022.09.30 15:50:48;1664553048775;3655.75;1;1;0;3654.0;3653.75
2022.09.30 15:50:48;1664553048824;3655.5;1;0;1;3654.0;3653.75
2022.09.30 15:50:48;1664553048901;3655.75;1;1;0;3654.0;3653.75
2022.09.30 15:50:48;1664553048902;3655.75;2;1;0;3654.0;3653.75
2022.09.30 15:50:48;1664553048941;3655.75;1;1;0;3654.0;3653.75
2022.09.30 15:50:49;1664553049077;3655.75;1;1;0;3654.0;3653.75
2022.09.30 15:50:49;1664553049628;3655.75;1;1;0;3654.0;3653.75
2022.09.30 15:50:49;1664553049628;3655.75;1;1;0;3654.0;3653.75
2022.09.30 15:50:49;1664553049628;3655.75;1;1;0;3654.0;3653.75
2022.09.30 15:50:49;1664553049628;3655.75;1;1;0;3654.0;3653.75
2022.09.30 15:50:49;1664553049628;3655.75;1;1;0;3654.0;3653.75
2022.09.30 15:50:49;1664553049628;3655.75;1;1;0;3654.0;3653.75
2022.09.30 15:50:49;1664553049628;3655.75;1;1;0;3654.0;3653.75
2022.09.30 15:50:49;1664553049628;3655.75;1;0;0;3654.0;3653.75
2022.09.30 15:50:49;1664553049630;3655.75;1;0;0;3654.0;3653.75
2022.09.30 15:50:49;1664553049648;3655.75;1;0;1;3654.0;3653.75
2022.09.30 15:50:49;1664553049649;3655.75;1;0;1;3654.0;3653.75
2022.09.30 15:50:49;1664553049649;3655.75;1;0;1;3654.0;3653.75
2022.09.30 15:50:49;1664553049649;3655.75;3;0;1;3654.0;3653.75
2022.09.30 15:50:49;1664553049649;3655.75;1;0;1;3654.0;3653.75
2022.09.30 15:50:49;1664553049649;3655.75;1;0;0;3654.0;3653.75
2022.09.30 15:50:49;1664553049696;3655.75;1;1;0;3654.0;3653.75
2022.09.30 15:50:49;1664553049696;3655.75;1;1;0;3654.0;3653.75
2022.09.30 15:50:49;1664553049696;3655.75;1;1;0;3654.0;3653.75
2022.09.30 15:50:49;1664553049696;3655.75;1;0;0;3654.0;3653.75
2022.09.30 15:50:49;1664553049918;3655.75;4;0;1;3654.0;3653.75
2022.09.30 15:50:49;1664553049918;3655.75;5;0;1;3654.0;3653.75
2022.09.30 15:50:49;1664553049918;3655.75;1;0;1;3654.0;3653.75
2022.09.30 15:50:49;1664553049948;3655.75;1;0;1;3654.0;3653.75
2022.09.30 15:50:49;1664553049948;3655.75;1;0;1;3654.0;3653.75
2022.09.30 15:50:49;1664553049948;3655.75;1;0;1;3654.0;3653.75
2022.09.30 15:50:49;1664553049948;3655.75;1;0;0;3654.0;3653.75
2022.09.30 15:50:49;1664553049997;3655.75;1;1;0;3654.0;3653.75
2022.09.30 15:50:49;1664553049997;3655.75;1;1;0;3654.0;3653.75
2022.09.30 15:50:49;1664553049997;3655.75;1;1;0;3654.0;3653.75
2022.09.30 15:50:49;1664553049997;3655.75;1;0;0;3654.0;3653.75
2022.09.30 15:50:50;1664553050152;3656.0;1;1;0;3654.0;3653.75
2022.09.30 15:50:50;1664553050152;3656.0;1;1;0;3654.0;3653.75
2022.09.30 15:50:50;1664553050187;3656.0;2;1;0;3654.0;3653.75
2022.09.30 15:50:50;1664553050200;3656.0;1;1;0;3654.0;3653.75
2022.09.30 15:50:50;1664553050377;3655.75;1;0;1;3654.0;3653.75
2022.09.30 15:50:50;1664553050377;3655.75;1;0;1;3654.0;3653.75
2022.09.30 15:50:50;1664553050379;3655.75;1;0;0;3654.0;3653.75
2022.09.30 15:50:50;1664553050448;3655.75;1;0;0;3654.0;3653.75
2022.09.30 15:50:50;1664553050567;3656.0;1;1;0;3654.0;3653.75
2022.09.30 15:50:50;1664553050690;3655.75;1;0;1;3654.0;3653.75
2022.09.30 15:50:50;1664553050690;3655.75;1;0;1;3654.0;3653.75
2022.09.30 15:50:50;1664553050758;3656.0;2;1;0;3654.0;3653.75
2022.09.30 15:50:50;1664553050758;3656.0;1;1;0;3654.0;3653.75
2022.09.30 15:50:50;1664553050758;3656.0;1;1;0;3654.0;3653.75
2022.09.30 15:50:50;1664553050758;3656.0;1;1;0;3654.0;3653.75
2022.09.30 15:50:50;1664553050877;3656.0;2;1;0;3654.0;3653.75
2022.09.30 15:50:50;1664553050877;3656.0;1;1;0;3654.0;3653.75
2022.09.30 15:50:50;1664553050877;3656.0;1;1;0;3654.0;3653.75
2022.09.30 15:50:50;1664553050877;3656.0;20;1;0;3654.0;3653.75
2022.09.30 15:50:50;1664553050877;3656.0;2;1;0;3654.0;3653.75
2022.09.30 15:50:50;1664553050877;3656.0;1;1;0;3654.0;3653.75
2022.09.30 15:50:50;1664553050877;3656.0;1;1;0;3654.0;3653.75
2022.09.30 15:50:50;1664553050877;3656.0;1;1;0;3654.0;3653.75
2022.09.30 15:50:50;1664553050877;3656.0;1;1;0;3654.0;3653.75
2022.09.30 15:50:50;1664553050877;3656.0;1;1;0;3654.0;3653.75
2022.09.30 15:50:50;1664553050877;3656.0;16;1;0;3654.0;3653.75
2022.09.30 15:50:50;1664553050877;3656.0;6;1;0;3654.0;3653.75
2022.09.30 15:50:50;1664553050877;3656.0;6;0;0;3654.0;3653.75
2022.09.30 15:50:50;1664553050878;3656.0;6;0;0;3654.0;3653.75
2022.09.30 15:50:50;1664553050881;3656.0;1;0;1;3654.0;3653.75
2022.09.30 15:50:50;1664553050881;3656.0;1;0;1;3654.0;3653.75
2022.09.30 15:50:50;1664553050881;3656.0;1;0;1;3654.0;3653.75
2022.09.30 15:50:50;1664553050881;3656.0;1;0;1;3654.0;3653.75
2022.09.30 15:50:50;1664553050881;3656.0;1;0;1;3654.0;3653.75
2022.09.30 15:50:50;1664553050881;3656.0;1;0;1;3654.0;3653.75
2022.09.30 15:50:50;1664553050881;3656.0;1;0;1;3654.0;3653.75
2022.09.30 15:50:50;1664553050881;3656.0;1;0;1;3654.0;3653.75
2022.09.30 15:50:50;1664553050881;3656.0;1;0;1;3654.0;3653.75
2022.09.30 15:50:50;1664553050881;3656.0;1;0;0;3654.0;3653.75
2022.09.30 15:50:50;1664553050919;3656.0;1;1;0;3654.0;3653.75
2022.09.30 15:50:50;1664553050919;3656.0;1;1;0;3654.0;3653.75
2022.09.30 15:50:50;1664553050919;3656.0;1;1;0;3654.0;3653.75
2022.09.30 15:50:50;1664553050919;3656.0;1;1;0;3654.0;3653.75
2022.09.30 15:50:50;1664553050919;3656.0;1;1;0;3654.0;3653.75
2022.09.30 15:50:50;1664553050919;3656.0;1;1;0;3654.0;3653.75
2022.09.30 15:50:50;1664553050919;3656.0;1;0;0;3654.0;3653.75
2022.09.30 15:50:50;1664553050919;3656.0;1;0;0;3654.0;3653.75
2022.09.30 15:50:51;1664553051222;3656.0;1;1;0;3654.0;3653.75
2022.09.30 15:50:51;1664553051222;3656.0;1;1;0;3654.0;3653.75
2022.09.30 15:50:51;1664553051222;3656.0;1;1;0;3654.0;3653.75
2022.09.30 15:50:51;1664553051222;3656.0;1;1;0;3654.0;3653.75
2022.09.30 15:50:51;1664553051223;3656.0;1;1;0;3654.0;3653.75
2022.09.30 15:50:51;1664553051223;3656.0;1;1;0;3654.0;3653.75
2022.09.30 15:50:51;1664553051223;3656.0;1;1;0;3654.0;3653.75
2022.09.30 15:50:51;1664553051223;3656.0;1;1;0;3654.0;3653.75
2022.09.30 15:50:51;1664553051223;3656.0;1;1;0;3654.0;3653.75
2022.09.30 15:50:51;1664553051223;3656.0;1;1;0;3654.0;3653.75
2022.09.30 15:50:51;1664553051223;3656.0;1;1;0;3654.0;3653.75
2022.09.30 15:50:51;1664553051223;3656.0;1;1;0;3654.0;3653.75
2022.09.30 15:50:51;1664553051223;3656.0;1;0;0;3654.0;3653.75
2022.09.30 15:50:51;1664553051225;3656.0;4;0;1;3654.0;3653.75
2022.09.30 15:50:51;1664553051225;3656.0;1;0;1;3654.0;3653.75
2022.09.30 15:50:51;1664553051225;3656.0;1;0;1;3654.0;3653.75
2022.09.30 15:50:51;1664553051225;3656.0;3;0;1;3654.0;3653.75
2022.09.30 15:50:51;1664553051225;3656.0;1;0;1;3654.0;3653.75
2022.09.30 15:50:51;1664553051225;3656.0;1;0;0;3654.0;3653.75
2022.09.30 15:50:51;1664553051517;3656.0;1;1;0;3654.0;3653.75
2022.09.30 15:50:51;1664553051517;3656.0;3;1;0;3654.0;3653.75
2022.09.30 15:50:51;1664553051549;3656.0;1;1;0;3654.0;3653.75
2022.09.30 15:50:51;1664553051549;3656.0;1;1;0;3654.0;3653.75
2022.09.30 15:50:51;1664553051549;3656.0;1;1;0;3654.0;3653.75
2022.09.30 15:50:51;1664553051549;3656.0;1;1;0;3654.0;3653.75
2022.09.30 15:50:51;1664553051549;3656.0;1;1;0;3654.0;3653.75
2022.09.30 15:50:51;1664553051549;3656.0;1;0;0;3654.0;3653.75
2022.09.30 15:50:51;1664553051559;3656.0;1;0;1;3654.0;3653.75
2022.09.30 15:50:51;1664553051559;3656.0;1;0;1;3654.0;3653.75
2022.09.30 15:50:51;1664553051559;3656.0;1;0;1;3654.0;3653.75
2022.09.30 15:50:51;1664553051559;3656.0;1;0;1;3654.0;3653.75
2022.09.30 15:50:51;1664553051559;3656.0;1;0;1;3654.0;3653.75
2022.09.30 15:50:51;1664553051559;3656.0;1;1;0;3654.0;3653.75
2022.09.30 15:50:51;1664553051559;3656.0;1;1;0;3654.0;3653.75
2022.09.30 15:50:51;1664553051559;3656.0;1;1;0;3654.0;3653.75
2022.09.30 15:50:51;1664553051559;3656.0;2;1;0;3654.0;3653.75
2022.09.30 15:50:51;1664553051560;3656.0;2;0;0;3654.0;3653.75
2022.09.30 15:50:51;1664553051560;3656.0;1;0;1;3654.0;3653.75
2022.09.30 15:50:51;1664553051560;3656.0;1;1;0;3654.0;3653.75
2022.09.30 15:50:51;1664553051560;3656.0;1;0;0;3654.0;3653.75
2022.09.30 15:50:51;1664553051560;3656.0;1;0;0;3654.0;3653.75
2022.09.30 15:50:51;1664553051560;3656.0;1;0;0;3654.0;3653.75
2022.09.30 15:50:51;1664553051571;3656.0;1;1;0;3654.0;3653.75
2022.09.30 15:50:51;1664553051571;3656.0;1;0;0;3654.0;3653.75
2022.09.30 15:50:51;1664553051576;3656.0;1;0;0;3654.0;3653.75
2022.09.30 15:50:51;1664553051622;3656.0;2;1;0;3654.0;3653.75
2022.09.30 15:50:51;1664553051622;3656.0;1;1;0;3654.0;3653.75
2022.09.30 15:50:51;1664553051622;3656.0;1;0;0;3654.0;3653.75
2022.09.30 15:50:51;1664553051703;3656.25;1;1;0;3654.0;3653.75
2022.09.30 15:50:51;1664553051703;3656.25;1;1;0;3654.0;3653.75
2022.09.30 15:50:51;1664553051794;3656.0;1;0;1;3654.0;3653.75
2022.09.30 15:50:51;1664553051794;3656.0;1;0;1;3654.0;3653.75
2022.09.30 15:50:51;1664553051794;3656.0;1;0;1;3654.0;3653.75
2022.09.30 15:50:51;1664553051794;3656.0;1;0;1;3654.0;3653.75
2022.09.30 15:50:51;1664553051794;3656.0;1;0;1;3654.0;3653.75
2022.09.30 15:50:51;1664553051794;3656.0;3;0;1;3654.0;3653.75
2022.09.30 15:50:51;1664553051795;3656.0;1;0;1;3654.0;3653.75
2022.09.30 15:50:51;1664553051795;3656.0;1;0;1;3654.0;3653.75
2022.09.30 15:50:51;1664553051795;3656.0;4;0;1;3654.0;3653.75
2022.09.30 15:50:51;1664553051795;3656.0;1;0;1;3654.0;3653.75
2022.09.30 15:50:51;1664553051795;3656.0;1;0;1;3654.0;3653.75
2022.09.30 15:50:51;1664553051795;3656.0;1;0;1;3654.0;3653.75
2022.09.30 15:50:51;1664553051795;3656.0;1;0;1;3654.0;3653.75
2022.09.30 15:50:51;1664553051795;3655.75;3;0;1;3654.0;3653.75
2022.09.30 15:50:51;1664553051795;3655.75;1;0;1;3654.0;3653.75
2022.09.30 15:50:51;1664553051795;3655.75;1;0;1;3654.0;3653.75
2022.09.30 15:50:51;1664553051795;3655.75;3;0;1;3654.0;3653.75
2022.09.30 15:50:51;1664553051795;3655.75;1;0;1;3654.0;3653.75
2022.09.30 15:50:51;1664553051795;3655.75;1;0;1;3654.0;3653.75
2022.09.30 15:50:51;1664553051796;3655.75;4;0;1;3654.0;3653.75
2022.09.30 15:50:51;1664553051796;3655.75;1;0;1;3654.0;3653.75
2022.09.30 15:50:51;1664553051796;3655.75;1;0;1;3654.0;3653.75
2022.09.30 15:50:51;1664553051796;3655.75;1;0;1;3654.0;3653.75
2022.09.30 15:50:51;1664553051796;3655.75;1;0;1;3654.0;3653.75
2022.09.30 15:50:51;1664553051796;3655.75;1;0;1;3654.0;3653.75
2022.09.30 15:50:51;1664553051796;3655.75;1;0;1;3654.0;3653.75
2022.09.30 15:50:51;1664553051796;3655.75;1;0;1;3654.0;3653.75
2022.09.30 15:50:51;1664553051796;3655.75;1;0;1;3654.0;3653.75
2022.09.30 15:50:51;1664553051796;3655.75;1;0;1;3654.0;3653.75
2022.09.30 15:50:51;1664553051796;3655.75;1;0;1;3654.0;3653.75
2022.09.30 15:50:51;1664553051796;3655.75;1;0;1;3654.0;3653.75
2022.09.30 15:50:51;1664553051796;3655.75;1;0;1;3654.0;3653.75
2022.09.30 15:50:51;1664553051796;3655.75;1;0;1;3654.0;3653.75
2022.09.30 15:50:51;1664553051796;3655.75;1;0;1;3654.0;3653.75
2022.09.30 15:50:51;1664553051796;3655.75;1;0;1;3654.0;3653.75
2022.09.30 15:50:51;1664553051796;3655.75;1;0;1;3654.0;3653.75
2022.09.30 15:50:51;1664553051796;3655.75;3;0;1;3654.0;3653.75
2022.09.30 15:50:51;1664553051796;3655.75;2;0;1;3654.0;3653.75
2022.09.30 15:50:51;1664553051796;3655.75;5;0;1;3654.0;3653.75
2022.09.30 15:50:51;1664553051798;3655.75;1;0;1;3654.0;3653.75
2022.09.30 15:50:51;1664553051798;3655.75;5;0;1;3654.0;3653.75
2022.09.30 15:50:51;1664553051798;3655.75;2;0;1;3654.0;3653.75
2022.09.30 15:50:51;1664553051798;3655.75;1;0;1;3654.0;3653.75
2022.09.30 15:50:51;1664553051798;3655.75;4;0;1;3654.0;3653.75
2022.09.30 15:50:51;1664553051798;3655.5;1;0;1;3654.0;3653.75
2022.09.30 15:50:51;1664553051798;3655.5;1;0;1;3654.0;3653.75
2022.09.30 15:50:51;1664553051798;3655.5;1;0;1;3654.0;3653.75
2022.09.30 15:50:51;1664553051798;3655.5;4;0;1;3654.0;3653.75
2022.09.30 15:50:51;1664553051798;3655.5;1;0;1;3654.0;3653.75
2022.09.30 15:50:51;1664553051798;3655.5;1;0;1;3654.0;3653.75
2022.09.30 15:50:51;1664553051798;3655.5;1;0;1;3654.0;3653.75
2022.09.30 15:50:51;1664553051798;3655.5;1;0;1;3654.0;3653.75
2022.09.30 15:50:51;1664553051798;3655.5;1;0;1;3654.0;3653.75
2022.09.30 15:50:51;1664553051798;3655.5;1;0;1;3654.0;3653.75
2022.09.30 15:50:51;1664553051798;3655.5;1;0;1;3654.0;3653.75
2022.09.30 15:50:51;1664553051798;3655.5;1;0;1;3654.0;3653.75
2022.09.30 15:50:51;1664553051798;3655.5;3;0;1;3654.0;3653.75
2022.09.30 15:50:51;1664553051798;3655.5;1;0;1;3654.0;3653.75
2022.09.30 15:50:51;1664553051798;3655.5;1;0;1;3654.0;3653.75
2022.09.30 15:50:51;1664553051798;3655.5;1;0;1;3654.0;3653.75
2022.09.30 15:50:51;1664553051799;3655.5;1;0;1;3654.0;3653.75
2022.09.30 15:50:51;1664553051799;3655.5;3;0;1;3654.0;3653.75
2022.09.30 15:50:51;1664553051799;3655.5;1;0;1;3654.0;3653.75
2022.09.30 15:50:51;1664553051799;3655.5;1;0;1;3654.0;3653.75
2022.09.30 15:50:51;1664553051799;3655.5;1;0;1;3654.0;3653.75
2022.09.30 15:50:51;1664553051799;3655.5;1;0;1;3654.0;3653.75
2022.09.30 15:50:51;1664553051799;3655.5;1;0;0;3654.0;3653.75
2022.09.30 15:50:51;1664553051799;3655.75;1;1;1;3654.0;3653.75
2022.09.30 15:50:51;1664553051799;3655.75;1;0;1;3654.0;3653.75
2022.09.30 15:50:51;1664553051799;3655.75;1;0;0;3654.0;3653.75
2022.09.30 15:50:52;1664553052219;3656.0;2;1;0;3654.0;3653.75
2022.09.30 15:50:52;1664553052219;3656.0;2;1;0;3654.0;3653.75
2022.09.30 15:50:52;1664553052219;3656.0;1;1;0;3654.0;3653.75
2022.09.30 15:50:52;1664553052219;3656.0;1;1;0;3654.0;3653.75
2022.09.30 15:50:52;1664553052219;3656.0;4;1;0;3654.0;3653.75
2022.09.30 15:50:52;1664553052219;3656.0;2;1;0;3654.0;3653.75
2022.09.30 15:50:52;1664553052220;3656.0;3;1;0;3654.0;3653.75
2022.09.30 15:50:52;1664553052220;3656.0;1;1;0;3654.0;3653.75
2022.09.30 15:50:52;1664553052220;3656.0;1;1;0;3654.0;3653.75
2022.09.30 15:50:52;1664553052220;3656.0;1;1;0;3654.0;3653.75
2022.09.30 15:50:52;1664553052220;3656.0;1;1;0;3654.0;3653.75
2022.09.30 15:50:52;1664553052220;3656.0;1;1;0;3654.0;3653.75
2022.09.30 15:50:52;1664553052220;3656.0;1;1;0;3654.0;3653.75
2022.09.30 15:50:52;1664553052220;3656.0;1;1;0;3654.0;3653.75
2022.09.30 15:50:52;1664553052220;3656.0;1;1;0;3654.0;3653.75
2022.09.30 15:50:52;1664553052365;3656.0;1;1;0;3654.0;3653.75
2022.09.30 15:50:52;1664553052365;3656.0;1;1;0;3654.0;3653.75
2022.09.30 15:50:52;1664553052365;3656.0;1;1;0;3654.0;3653.75
2022.09.30 15:50:52;1664553052365;3656.0;1;1;0;3654.0;3653.75
2022.09.30 15:50:52;1664553052366;3656.0;1;1;0;3654.0;3653.75
2022.09.30 15:50:52;1664553052366;3656.0;1;1;0;3654.0;3653.75
2022.09.30 15:50:52;1664553052366;3656.0;1;1;0;3654.0;3653.75
2022.09.30 15:50:52;1664553052366;3656.0;1;1;0;3654.0;3653.75
2022.09.30 15:50:52;1664553052366;3656.0;1;1;0;3654.0;3653.75
2022.09.30 15:50:52;1664553052366;3656.0;1;1;0;3654.0;3653.75
2022.09.30 15:50:52;1664553052366;3656.0;1;1;0;3654.0;3653.75
2022.09.30 15:50:52;1664553052366;3656.0;1;0;0;3654.0;3653.75
2022.09.30 15:50:52;1664553052495;3656.25;1;1;0;3654.0;3653.75
2022.09.30 15:50:52;1664553052907;3656.0;1;0;1;3654.0;3653.75
2022.09.30 15:50:53;1664553053200;3656.0;1;0;1;3654.0;3653.75
2022.09.30 15:50:53;1664553053200;3656.0;3;0;1;3654.0;3653.75
2022.09.30 15:50:53;1664553053200;3656.0;2;0;1;3654.0;3653.75
2022.09.30 15:50:53;1664553053200;3656.0;3;0;1;3654.0;3653.75
2022.09.30 15:50:53;1664553053200;3656.0;1;0;1;3654.0;3653.75
2022.09.30 15:50:53;1664553053200;3656.0;1;0;1;3654.0;3653.75
2022.09.30 15:50:53;1664553053200;3656.0;1;0;1;3654.0;3653.75
2022.09.30 15:50:53;1664553053200;3656.0;1;0;1;3654.0;3653.75
2022.09.30 15:50:53;1664553053200;3656.0;1;0;1;3654.0;3653.75
2022.09.30 15:50:53;1664553053200;3656.0;1;0;0;3654.0;3653.75
2022.09.30 15:50:53;1664553053372;3656.0;1;1;0;3654.0;3653.75
2022.09.30 15:50:53;1664553053386;3656.0;3;1;0;3654.0;3653.75
2022.09.30 15:50:53;1664553053386;3656.0;6;1;0;3654.0;3653.75
2022.09.30 15:50:53;1664553053386;3656.0;1;1;0;3654.0;3653.75
2022.09.30 15:50:53;1664553053455;3656.0;1;1;0;3654.0;3653.75
2022.09.30 15:50:53;1664553053455;3656.0;1;1;0;3654.0;3653.75
2022.09.30 15:50:53;1664553053455;3656.0;1;1;0;3654.0;3653.75
2022.09.30 15:50:53;1664553053455;3656.0;1;1;0;3654.0;3653.75
2022.09.30 15:50:53;1664553053455;3656.0;1;1;0;3654.0;3653.75
2022.09.30 15:50:53;1664553053455;3656.0;1;1;0;3654.0;3653.75
2022.09.30 15:50:53;1664553053455;3656.0;2;1;0;3654.0;3653.75
2022.09.30 15:50:53;1664553053455;3656.0;1;1;0;3654.0;3653.75
2022.09.30 15:50:53;1664553053455;3656.0;1;1;0;3654.0;3653.75
2022.09.30 15:50:53;1664553053455;3656.0;1;1;0;3654.0;3653.75
2022.09.30 15:50:53;1664553053455;3656.0;1;1;0;3654.0;3653.75
2022.09.30 15:50:53;1664553053456;3656.0;2;1;0;3654.0;3653.75
2022.09.30 15:50:53;1664553053456;3656.0;1;1;0;3654.0;3653.75
2022.09.30 15:50:53;1664553053456;3656.0;1;1;0;3654.0;3653.75
2022.09.30 15:50:53;1664553053456;3656.0;1;1;0;3654.0;3653.75
2022.09.30 15:50:53;1664553053456;3656.0;2;1;0;3654.0;3653.75
2022.09.30 15:50:53;1664553053456;3656.0;1;1;0;3654.0;3653.75
2022.09.30 15:50:53;1664553053456;3656.0;3;1;0;3654.0;3653.75
2022.09.30 15:50:53;1664553053456;3656.0;1;1;0;3654.0;3653.75
2022.09.30 15:50:53;1664553053457;3656.0;2;1;0;3654.0;3653.75
2022.09.30 15:50:53;1664553053457;3656.0;2;1;0;3654.0;3653.75
2022.09.30 15:50:53;1664553053457;3656.0;1;1;0;3654.0;3653.75
2022.09.30 15:50:53;1664553053457;3656.0;3;1;0;3654.0;3653.75
2022.09.30 15:50:53;1664553053457;3656.0;1;1;0;3654.0;3653.75
2022.09.30 15:50:53;1664553053457;3656.0;3;1;0;3654.0;3653.75
2022.09.30 15:50:53;1664553053457;3656.0;1;1;0;3654.0;3653.75
2022.09.30 15:50:53;1664553053457;3656.0;1;1;0;3654.0;3653.75
2022.09.30 15:50:53;1664553053457;3656.0;1;0;1;3654.0;3653.75
2022.09.30 15:50:53;1664553053457;3656.0;5;0;1;3654.0;3653.75
2022.09.30 15:50:53;1664553053457;3656.0;4;0;1;3654.0;3653.75
2022.09.30 15:50:53;1664553053458;3656.0;5;0;1;3654.0;3653.75
2022.09.30 15:50:53;1664553053458;3656.0;1;0;1;3654.0;3653.75
2022.09.30 15:50:53;1664553053458;3656.0;1;0;1;3654.0;3653.75
2022.09.30 15:50:53;1664553053458;3656.0;1;0;1;3654.0;3653.75
2022.09.30 15:50:53;1664553053458;3656.0;1;0;1;3654.0;3653.75
2022.09.30 15:50:53;1664553053458;3656.0;1;0;1;3654.0;3653.75
2022.09.30 15:50:53;1664553053458;3656.0;1;1;0;3654.0;3653.75
2022.09.30 15:50:53;1664553053564;3656.0;2;1;0;3654.0;3653.75
2022.09.30 15:50:53;1664553053564;3656.0;1;1;0;3654.0;3653.75
2022.09.30 15:50:53;1664553053564;3656.0;1;1;0;3654.0;3653.75
2022.09.30 15:50:53;1664553053564;3656.0;1;1;0;3654.0;3653.75
2022.09.30 15:50:53;1664553053564;3656.0;1;1;0;3654.0;3653.75
2022.09.30 15:50:53;1664553053564;3656.0;1;1;0;3654.0;3653.75
2022.09.30 15:50:53;1664553053564;3656.0;3;1;0;3654.0;3653.75
2022.09.30 15:50:53;1664553053564;3656.0;2;1;0;3654.0;3653.75
2022.09.30 15:50:53;1664553053564;3656.0;1;1;0;3654.0;3653.75
2022.09.30 15:50:53;1664553053564;3656.0;1;1;0;3654.0;3653.75
2022.09.30 15:50:53;1664553053564;3656.0;1;1;0;3654.0;3653.75
2022.09.30 15:50:53;1664553053565;3656.0;1;0;0;3654.0;3653.75
2022.09.30 15:50:53;1664553053575;3656.0;1;0;0;3654.0;3653.75
2022.09.30 15:50:53;1664553053600;3656.0;1;0;1;3654.0;3653.75
2022.09.30 15:50:53;1664553053602;3656.0;1;0;1;3654.0;3653.75
2022.09.30 15:50:53;1664553053602;3656.0;1;0;0;3654.0;3653.75
2022.09.30 15:50:53;1664553053622;3656.0;1;0;0;3654.0;3653.75
2022.09.30 15:50:53;1664553053640;3656.0;1;0;1;3654.0;3653.75
2022.09.30 15:50:53;1664553053674;3656.0;1;0;1;3654.0;3653.75
2022.09.30 15:50:53;1664553053723;3656.25;1;1;0;3654.0;3653.75
2022.09.30 15:50:53;1664553053723;3656.0;1;0;1;3654.0;3653.75
2022.09.30 15:50:53;1664553053723;3656.0;1;0;1;3654.0;3653.75
2022.09.30 15:50:53;1664553053723;3656.0;1;0;1;3654.0;3653.75
2022.09.30 15:50:53;1664553053723;3656.0;1;0;1;3654.0;3653.75
2022.09.30 15:50:53;1664553053736;3656.0;1;0;0;3654.0;3653.75
2022.09.30 15:50:54;1664553054002;3656.0;1;1;0;3654.0;3653.75
2022.09.30 15:50:54;1664553054002;3656.0;1;1;0;3654.0;3653.75
2022.09.30 15:50:54;1664553054002;3656.0;1;1;0;3654.0;3653.75
2022.09.30 15:50:54;1664553054002;3656.0;1;1;0;3654.0;3653.75
2022.09.30 15:50:54;1664553054002;3656.0;1;1;0;3654.0;3653.75
2022.09.30 15:50:54;1664553054003;3656.0;1;1;0;3654.0;3653.75
2022.09.30 15:50:54;1664553054003;3656.0;1;1;0;3654.0;3653.75
2022.09.30 15:50:54;1664553054003;3656.0;1;0;0;3654.0;3653.75
2022.09.30 15:50:54;1664553054248;3656.25;2;1;0;3654.0;3653.75
2022.09.30 15:50:54;1664553054248;3656.25;1;1;0;3654.0;3653.75
2022.09.30 15:50:54;1664553054248;3656.25;1;1;0;3654.0;3653.75
2022.09.30 15:50:54;1664553054248;3656.25;1;1;0;3654.0;3653.75
2022.09.30 15:50:54;1664553054248;3656.25;1;1;0;3654.0;3653.75
2022.09.30 15:50:54;1664553054248;3656.25;1;1;0;3654.0;3653.75
2022.09.30 15:50:54;1664553054248;3656.25;1;1;0;3654.0;3653.75
2022.09.30 15:50:54;1664553054248;3656.25;1;1;0;3654.0;3653.75
2022.09.30 15:50:54;1664553054248;3656.25;1;1;0;3654.0;3653.75
2022.09.30 15:50:54;1664553054248;3656.25;1;1;0;3654.0;3653.75
2022.09.30 15:50:54;1664553054248;3656.25;2;1;0;3654.0;3653.75
2022.09.30 15:50:54;1664553054248;3656.25;4;1;0;3654.0;3653.75
2022.09.30 15:50:54;1664553054249;3656.25;2;1;0;3654.0;3653.75
2022.09.30 15:50:54;1664553054269;3656.25;18;1;0;3654.0;3653.75
2022.09.30 15:50:54;1664553054269;3656.25;1;1;0;3654.0;3653.75
2022.09.30 15:50:54;1664553054269;3656.25;6;1;0;3654.0;3653.75
2022.09.30 15:50:54;1664553054269;3656.25;1;1;0;3654.0;3653.75
2022.09.30 15:50:54;1664553054269;3656.25;1;1;0;3654.0;3653.75
2022.09.30 15:50:54;1664553054269;3656.25;1;1;0;3654.0;3653.75
2022.09.30 15:50:54;1664553054269;3656.25;1;1;0;3654.0;3653.75
2022.09.30 15:50:54;1664553054270;3656.25;1;1;0;3654.0;3653.75
2022.09.30 15:50:54;1664553054270;3656.25;2;1;0;3654.0;3653.75
2022.09.30 15:50:54;1664553054270;3656.25;7;1;0;3654.0;3653.75
2022.09.30 15:50:54;1664553054270;3656.25;7;0;0;3654.0;3653.75
2022.09.30 15:50:54;1664553054275;3656.25;3;0;1;3654.0;3653.75
2022.09.30 15:50:54;1664553054275;3656.25;1;0;1;3654.0;3653.75
2022.09.30 15:50:54;1664553054275;3656.25;1;0;1;3654.0;3653.75
2022.09.30 15:50:54;1664553054276;3656.25;1;0;1;3654.0;3653.75
2022.09.30 15:50:54;1664553054276;3656.25;3;0;1;3654.0;3653.75
2022.09.30 15:50:54;1664553054276;3656.25;1;0;1;3654.0;3653.75
2022.09.30 15:50:54;1664553054276;3656.25;1;0;1;3654.0;3653.75
2022.09.30 15:50:54;1664553054276;3656.25;1;0;1;3654.0;3653.75
2022.09.30 15:50:54;1664553054276;3656.25;1;0;1;3654.0;3653.75
2022.09.30 15:50:54;1664553054276;3656.25;1;0;1;3654.0;3653.75
2022.09.30 15:50:54;1664553054276;3656.25;2;0;1;3654.0;3653.75
2022.09.30 15:50:54;1664553054276;3656.25;1;0;1;3654.0;3653.75
2022.09.30 15:50:54;1664553054276;3656.25;1;0;1;3654.0;3653.75
2022.09.30 15:50:54;1664553054276;3656.25;1;0;1;3654.0;3653.75
2022.09.30 15:50:54;1664553054276;3656.25;1;0;1;3654.0;3653.75
2022.09.30 15:50:54;1664553054276;3656.25;1;0;1;3654.0;3653.75
2022.09.30 15:50:54;1664553054276;3656.25;1;0;1;3654.0;3653.75
2022.09.30 15:50:54;1664553054276;3656.25;2;0;1;3654.0;3653.75
2022.09.30 15:50:54;1664553054276;3656.25;1;0;1;3654.0;3653.75
2022.09.30 15:50:54;1664553054276;3656.25;1;0;1;3654.0;3653.75
2022.09.30 15:50:54;1664553054276;3656.25;1;0;0;3654.0;3653.75
2022.09.30 15:50:54;1664553054473;3656.25;1;1;0;3654.0;3653.75
2022.09.30 15:50:55;1664553055142;3656.25;2;1;0;3654.0;3653.75
2022.09.30 15:50:55;1664553055142;3656.25;4;1;0;3654.0;3653.75
2022.09.30 15:50:55;1664553055142;3656.25;1;1;0;3654.0;3653.75
2022.09.30 15:50:55;1664553055142;3656.25;4;1;0;3654.0;3653.75
2022.09.30 15:50:55;1664553055142;3656.25;1;1;0;3654.0;3653.75
2022.09.30 15:50:55;1664553055142;3656.25;1;1;0;3654.0;3653.75
2022.09.30 15:50:55;1664553055142;3656.25;1;1;0;3654.0;3653.75
2022.09.30 15:50:55;1664553055142;3656.25;1;1;0;3654.0;3653.75
2022.09.30 15:50:55;1664553055142;3656.25;1;1;0;3654.0;3653.75
2022.09.30 15:50:55;1664553055142;3656.25;1;1;0;3654.0;3653.75
2022.09.30 15:50:55;1664553055142;3656.25;1;1;0;3654.0;3653.75
2022.09.30 15:50:55;1664553055142;3656.25;1;1;0;3654.0;3653.75
2022.09.30 15:50:55;1664553055142;3656.25;1;1;0;3654.0;3653.75
2022.09.30 15:50:55;1664553055176;3656.0;1;0;1;3654.0;3653.75
2022.09.30 15:50:55;1664553055176;3656.0;1;0;1;3654.0;3653.75
2022.09.30 15:50:55;1664553055475;3656.25;1;1;0;3654.0;3653.75
2022.09.30 15:50:55;1664553055475;3656.25;1;1;0;3654.0;3653.75
2022.09.30 15:50:55;1664553055476;3656.25;1;1;0;3654.0;3653.75
2022.09.30 15:50:55;1664553055476;3656.25;1;1;0;3654.0;3653.75
2022.09.30 15:50:55;1664553055476;3656.25;1;1;0;3654.0;3653.75
2022.09.30 15:50:55;1664553055476;3656.25;1;1;0;3654.0;3653.75
2022.09.30 15:50:55;1664553055477;3656.25;1;1;0;3654.0;3653.75
2022.09.30 15:50:55;1664553055479;3656.25;5;1;0;3654.0;3653.75
2022.09.30 15:50:55;1664553055479;3656.25;1;1;0;3654.0;3653.75
2022.09.30 15:50:55;1664553055479;3656.25;1;0;0;3654.0;3653.75
2022.09.30 15:50:55;1664553055480;3656.25;1;0;1;3654.0;3653.75
2022.09.30 15:50:55;1664553055480;3656.25;1;0;1;3654.0;3653.75
2022.09.30 15:50:55;1664553055480;3656.25;2;0;1;3654.0;3653.75
2022.09.30 15:50:55;1664553055480;3656.25;2;0;1;3654.0;3653.75
2022.09.30 15:50:55;1664553055480;3656.25;1;0;1;3654.0;3653.75
2022.09.30 15:50:55;1664553055480;3656.25;1;0;1;3654.0;3653.75
2022.09.30 15:50:55;1664553055480;3656.25;1;0;1;3654.0;3653.75
2022.09.30 15:50:55;1664553055480;3656.25;1;0;1;3654.0;3653.75
2022.09.30 15:50:55;1664553055480;3656.25;1;0;1;3654.0;3653.75
2022.09.30 15:50:55;1664553055481;3656.25;1;0;1;3654.0;3653.75
2022.09.30 15:50:55;1664553055482;3656.25;1;1;0;3654.0;3653.75
2022.09.30 15:50:55;1664553055482;3656.25;1;0;0;3654.0;3653.75
2022.09.30 15:50:55;1664553055490;3656.25;2;1;0;3654.0;3653.75
2022.09.30 15:50:55;1664553055490;3656.25;1;1;0;3654.0;3653.75
2022.09.30 15:50:55;1664553055491;3656.25;1;0;0;3654.0;3653.75
2022.09.30 15:50:55;1664553055629;3656.25;1;0;1;3654.0;3653.75
2022.09.30 15:50:55;1664553055629;3656.25;1;0;1;3654.0;3653.75
2022.09.30 15:50:55;1664553055629;3656.25;2;0;1;3654.0;3653.75
2022.09.30 15:50:55;1664553055629;3656.25;2;0;1;3654.0;3653.75
2022.09.30 15:50:55;1664553055629;3656.25;1;0;1;3654.0;3653.75
2022.09.30 15:50:55;1664553055629;3656.25;1;0;1;3654.0;3653.75
2022.09.30 15:50:55;1664553055629;3656.25;1;0;1;3654.0;3653.75
2022.09.30 15:50:55;1664553055630;3656.25;1;0;1;3654.0;3653.75
2022.09.30 15:50:55;1664553055630;3656.25;1;0;1;3654.0;3653.75
2022.09.30 15:50:55;1664553055631;3656.25;1;0;0;3654.0;3653.75
2022.09.30 15:50:55;1664553055647;3656.25;1;1;0;3654.0;3653.75
2022.09.30 15:50:55;1664553055648;3656.25;1;0;0;3654.0;3653.75
2022.09.30 15:50:55;1664553055747;3656.25;1;0;1;3654.0;3653.75
2022.09.30 15:50:55;1664553055748;3656.25;1;0;1;3654.0;3653.75
2022.09.30 15:50:55;1664553055748;3656.25;1;0;1;3654.0;3653.75
2022.09.30 15:50:55;1664553055748;3656.25;1;0;0;3654.0;3653.75
2022.09.30 15:50:55;1664553055782;3656.25;1;0;0;3654.0;3653.75
2022.09.30 15:50:55;1664553055805;3656.0;1;0;1;3654.0;3653.75
2022.09.30 15:50:55;1664553055806;3656.0;1;0;0;3654.0;3653.75
2022.09.30 15:50:55;1664553055832;3656.25;1;0;1;3654.0;3653.75
2022.09.30 15:50:55;1664553055832;3656.25;1;0;1;3654.0;3653.75
2022.09.30 15:50:55;1664553055832;3656.25;1;0;1;3654.0;3653.75
2022.09.30 15:50:55;1664553055832;3656.0;1;0;1;3654.0;3653.75
2022.09.30 15:50:55;1664553055832;3656.0;3;0;1;3654.0;3653.75
2022.09.30 15:50:55;1664553055832;3656.0;1;0;1;3654.0;3653.75
2022.09.30 15:50:55;1664553055832;3656.0;1;0;1;3654.0;3653.75
2022.09.30 15:50:55;1664553055832;3656.0;1;0;1;3654.0;3653.75
2022.09.30 15:50:55;1664553055832;3656.25;1;1;0;3654.0;3653.75
2022.09.30 15:50:55;1664553055832;3656.25;1;0;0;3654.0;3653.75
2022.09.30 15:50:56;1664553056600;3656.25;1;1;0;3654.0;3653.75
2022.09.30 15:50:56;1664553056600;3656.25;1;1;0;3654.0;3653.75
2022.09.30 15:50:56;1664553056600;3656.25;1;1;0;3654.0;3653.75
2022.09.30 15:50:56;1664553056600;3656.25;1;1;0;3654.0;3653.75
2022.09.30 15:50:56;1664553056600;3656.25;2;1;0;3654.0;3653.75
2022.09.30 15:50:56;1664553056601;3656.25;1;1;0;3654.0;3653.75
2022.09.30 15:50:56;1664553056601;3656.25;1;1;0;3654.0;3653.75
2022.09.30 15:50:56;1664553056601;3656.25;1;1;0;3654.0;3653.75
2022.09.30 15:50:56;1664553056601;3656.25;1;1;0;3654.0;3653.75
2022.09.30 15:50:56;1664553056615;3656.25;1;1;0;3654.0;3653.75
2022.09.30 15:50:56;1664553056615;3656.25;1;0;0;3654.0;3653.75
2022.09.30 15:50:56;1664553056615;3656.25;1;0;0;3654.0;3653.75
2022.09.30 15:50:57;1664553057914;3656.25;1;0;1;3654.0;3653.75
2022.09.30 15:50:57;1664553057914;3656.25;1;0;1;3654.0;3653.75
2022.09.30 15:50:57;1664553057914;3656.25;1;0;1;3654.0;3653.75
2022.09.30 15:50:57;1664553057914;3656.25;1;0;1;3654.0;3653.75
2022.09.30 15:50:57;1664553057914;3656.25;1;0;1;3654.0;3653.75
2022.09.30 15:50:57;1664553057914;3656.25;1;0;1;3654.0;3653.75
2022.09.30 15:50:57;1664553057914;3656.25;2;0;1;3654.0;3653.75
2022.09.30 15:50:57;1664553057914;3656.25;1;0;1;3654.0;3653.75
2022.09.30 15:50:57;1664553057914;3656.25;1;0;1;3654.0;3653.75
2022.09.30 15:50:57;1664553057914;3656.25;1;0;1;3654.0;3653.75
2022.09.30 15:50:57;1664553057914;3656.25;1;0;1;3654.0;3653.75
2022.09.30 15:50:57;1664553057915;3656.25;20;0;1;3654.0;3653.75
2022.09.30 15:50:57;1664553057915;3656.25;1;0;1;3654.0;3653.75
2022.09.30 15:50:57;1664553057915;3656.25;2;0;1;3654.0;3653.75
2022.09.30 15:50:57;1664553057915;3656.25;2;0;0;3654.0;3653.75
2022.09.30 15:50:58;1664553058434;3656.0;7;0;1;3654.0;3653.75
2022.09.30 15:50:58;1664553058558;3656.0;7;0;1;3654.0;3653.75
2022.09.30 15:50:58;1664553058558;3656.0;6;0;1;3654.0;3653.75
2022.09.30 15:50:58;1664553058558;3656.0;4;0;1;3654.0;3653.75
2022.09.30 15:50:58;1664553058558;3656.0;1;0;1;3654.0;3653.75
2022.09.30 15:50:58;1664553058558;3656.0;1;0;1;3654.0;3653.75
2022.09.30 15:50:58;1664553058558;3656.0;1;0;1;3654.0;3653.75
2022.09.30 15:50:58;1664553058558;3656.0;1;0;1;3654.0;3653.75
2022.09.30 15:50:58;1664553058558;3656.0;1;0;1;3654.0;3653.75
2022.09.30 15:50:58;1664553058558;3656.0;1;0;1;3654.0;3653.75
2022.09.30 15:50:58;1664553058559;3656.0;1;0;1;3654.0;3653.75
2022.09.30 15:50:58;1664553058559;3656.0;1;0;1;3654.0;3653.75
2022.09.30 15:50:58;1664553058559;3656.0;1;0;1;3654.0;3653.75
2022.09.30 15:50:58;1664553058559;3656.0;1;0;0;3654.0;3653.75
2022.09.30 15:50:58;1664553058580;3655.75;1;0;1;3654.0;3653.75
2022.09.30 15:50:58;1664553058580;3655.75;1;0;1;3654.0;3653.75
2022.09.30 15:50:58;1664553058580;3655.75;4;0;1;3654.0;3653.75
2022.09.30 15:50:58;1664553058580;3655.75;1;0;1;3654.0;3653.75
2022.09.30 15:50:58;1664553058580;3655.75;1;0;1;3654.0;3653.75
2022.09.30 15:50:58;1664553058580;3655.75;1;0;1;3654.0;3653.75
2022.09.30 15:50:58;1664553058580;3655.75;2;0;1;3654.0;3653.75
2022.09.30 15:50:58;1664553058581;3655.75;1;0;1;3654.0;3653.75
2022.09.30 15:50:58;1664553058581;3655.75;1;0;1;3654.0;3653.75
2022.09.30 15:50:58;1664553058581;3655.75;2;0;1;3654.0;3653.75
2022.09.30 15:50:58;1664553058581;3655.75;1;0;1;3654.0;3653.75
2022.09.30 15:50:58;1664553058581;3655.75;3;0;1;3654.0;3653.75
2022.09.30 15:50:58;1664553058581;3655.75;1;0;1;3654.0;3653.75
2022.09.30 15:50:58;1664553058581;3655.75;1;0;1;3654.0;3653.75
2022.09.30 15:50:58;1664553058581;3655.75;2;0;1;3654.0;3653.75
2022.09.30 15:50:58;1664553058581;3655.75;1;0;1;3654.0;3653.75
2022.09.30 15:50:58;1664553058582;3655.75;1;0;0;3654.0;3653.75
2022.09.30 15:50:58;1664553058591;3655.75;6;1;0;3654.0;3653.75
2022.09.30 15:50:58;1664553058591;3655.75;6;1;0;3654.0;3653.75
2022.09.30 15:50:58;1664553058592;3655.75;1;1;0;3654.0;3653.75
2022.09.30 15:50:58;1664553058592;3655.75;1;1;0;3654.0;3653.75
2022.09.30 15:50:58;1664553058592;3655.75;1;1;0;3654.0;3653.75
2022.09.30 15:50:58;1664553058592;3655.75;1;1;0;3654.0;3653.75
2022.09.30 15:50:58;1664553058592;3655.75;1;1;0;3654.0;3653.75
2022.09.30 15:50:58;1664553058592;3655.75;1;0;0;3654.0;3653.75
2022.09.30 15:50:58;1664553058767;3655.75;1;0;1;3654.0;3653.75
2022.09.30 15:50:58;1664553058952;3655.75;1;0;1;3654.0;3653.75
2022.09.30 15:50:58;1664553058952;3655.75;1;0;1;3654.0;3653.75
2022.09.30 15:50:58;1664553058952;3655.75;1;0;1;3654.0;3653.75
2022.09.30 15:50:58;1664553058952;3655.75;1;0;1;3654.0;3653.75
2022.09.30 15:50:58;1664553058952;3655.75;2;0;1;3654.0;3653.75
2022.09.30 15:50:58;1664553058952;3655.75;2;0;0;3654.0;3653.75
2022.09.30 15:50:58;1664553058952;3655.75;2;0;1;3654.0;3653.75
2022.09.30 15:50:58;1664553058952;3655.75;1;0;1;3654.0;3653.75
2022.09.30 15:50:58;1664553058952;3655.75;1;1;0;3654.0;3653.75
2022.09.30 15:50:58;1664553058952;3655.75;1;1;0;3654.0;3653.75
2022.09.30 15:50:58;1664553058952;3655.75;1;1;0;3654.0;3653.75
2022.09.30 15:50:58;1664553058953;3655.75;3;1;0;3654.0;3653.75
2022.09.30 15:50:58;1664553058953;3655.75;1;1;0;3654.0;3653.75
2022.09.30 15:50:58;1664553058953;3655.75;1;1;0;3654.0;3653.75
2022.09.30 15:50:58;1664553058953;3655.75;2;1;0;3654.0;3653.75
2022.09.30 15:50:58;1664553058953;3655.75;3;1;0;3654.0;3653.75
2022.09.30 15:50:58;1664553058961;3655.75;1;1;0;3654.0;3653.75
2022.09.30 15:50:58;1664553058961;3655.75;1;1;0;3654.0;3653.75
2022.09.30 15:50:58;1664553058961;3655.75;5;0;1;3654.0;3653.75
2022.09.30 15:50:58;1664553058961;3655.75;1;0;1;3654.0;3653.75
2022.09.30 15:50:58;1664553058961;3655.75;1;0;1;3654.0;3653.75
2022.09.30 15:50:58;1664553058962;3655.75;1;0;1;3654.0;3653.75
2022.09.30 15:50:58;1664553058962;3655.75;1;0;1;3654.0;3653.75
2022.09.30 15:50:58;1664553058962;3655.75;1;0;1;3654.0;3653.75
2022.09.30 15:50:58;1664553058962;3655.75;1;0;1;3654.0;3653.75
2022.09.30 15:50:58;1664553058962;3655.75;1;0;1;3654.0;3653.75
2022.09.30 15:50:58;1664553058962;3655.75;1;0;1;3654.0;3653.75
2022.09.30 15:50:58;1664553058962;3655.75;1;0;1;3654.0;3653.75
2022.09.30 15:50:58;1664553058962;3655.75;2;1;0;3654.0;3653.75
2022.09.30 15:50:58;1664553058962;3655.75;1;1;0;3654.0;3653.75
2022.09.30 15:50:58;1664553058962;3655.75;1;0;1;3654.0;3653.75
2022.09.30 15:50:58;1664553058962;3655.75;1;0;0;3654.0;3653.75
2022.09.30 15:50:58;1664553058976;3655.75;1;0;1;3654.0;3653.75
2022.09.30 15:50:58;1664553058976;3655.75;1;0;1;3654.0;3653.75
2022.09.30 15:50:58;1664553058976;3655.75;1;0;1;3654.0;3653.75
2022.09.30 15:50:58;1664553058976;3655.75;1;0;0;3654.0;3653.75
2022.09.30 15:50:58;1664553058977;3655.75;1;0;0;3654.0;3653.75
2022.09.30 15:50:59;1664553059026;3655.75;1;0;0;3654.0;3653.75
2022.09.30 15:50:59;1664553059077;3655.75;1;0;1;3654.0;3653.75
2022.09.30 15:50:59;1664553059078;3655.75;1;0;1;3654.0;3653.75
2022.09.30 15:50:59;1664553059078;3655.75;1;0;1;3654.0;3653.75
2022.09.30 15:50:59;1664553059078;3655.75;1;0;1;3654.0;3653.75
2022.09.30 15:50:59;1664553059078;3655.75;1;0;0;3654.0;3653.75
2022.09.30 15:50:59;1664553059086;3655.75;1;1;0;3654.0;3653.75
2022.09.30 15:50:59;1664553059086;3655.75;1;1;0;3654.0;3653.75
2022.09.30 15:50:59;1664553059086;3655.75;1;1;0;3654.0;3653.75
2022.09.30 15:50:59;1664553059086;3655.75;1;1;0;3654.0;3653.75
2022.09.30 15:50:59;1664553059086;3655.75;1;1;0;3654.0;3653.75
2022.09.30 15:50:59;1664553059086;3655.75;1;1;0;3654.0;3653.75
2022.09.30 15:50:59;1664553059086;3655.75;1;0;0;3654.0;3653.75
2022.09.30 15:50:59;1664553059096;3656.0;1;1;0;3654.0;3653.75
2022.09.30 15:50:59;1664553059098;3655.75;2;0;1;3654.0;3653.75
2022.09.30 15:50:59;1664553059098;3655.75;1;0;1;3654.0;3653.75
2022.09.30 15:50:59;1664553059098;3655.75;1;0;1;3654.0;3653.75
2022.09.30 15:50:59;1664553059098;3655.75;1;0;1;3654.0;3653.75
2022.09.30 15:50:59;1664553059098;3655.75;1;0;1;3654.0;3653.75
2022.09.30 15:50:59;1664553059098;3655.75;1;0;0;3654.0;3653.75
2022.09.30 15:50:59;1664553059099;3655.75;1;0;0;3654.0;3653.75
2022.09.30 15:50:59;1664553059192;3655.75;1;1;0;3654.0;3653.75
2022.09.30 15:50:59;1664553059218;3655.5;1;0;1;3654.0;3653.75
2022.09.30 15:50:59;1664553059218;3655.5;1;0;1;3654.0;3653.75
2022.09.30 15:50:59;1664553059330;3655.75;1;1;0;3654.0;3653.75
2022.09.30 15:50:59;1664553059330;3655.75;1;0;0;3654.0;3653.75
2022.09.30 15:50:59;1664553059331;3655.75;4;0;1;3654.0;3653.75
2022.09.30 15:50:59;1664553059331;3655.75;1;0;1;3654.0;3653.75
2022.09.30 15:50:59;1664553059332;3655.75;1;0;1;3654.0;3653.75
2022.09.30 15:50:59;1664553059332;3655.75;1;0;1;3654.0;3653.75
2022.09.30 15:50:59;1664553059332;3655.75;1;0;0;3654.0;3653.75
2022.09.30 15:50:59;1664553059344;3655.75;3;1;0;3654.0;3653.75
2022.09.30 15:50:59;1664553059377;3655.5;1;0;1;3654.0;3653.75
2022.09.30 15:51:00;1664553060007;3655.5;1;0;0;3654.0;3653.75
2022.09.30 15:51:00;1664553060075;3655.75;1;1;0;3654.0;3653.75
2022.09.30 15:51:00;1664553060090;3655.5;1;0;1;3654.0;3653.75
2022.09.30 15:51:00;1664553060091;3655.5;1;0;1;3654.0;3653.75
2022.09.30 15:51:00;1664553060091;3655.5;1;0;1;3654.0;3653.75
2022.09.30 15:51:00;1664553060091;3655.5;1;0;1;3654.0;3653.75
2022.09.30 15:51:00;1664553060091;3655.5;1;0;1;3654.0;3653.75
2022.09.30 15:51:00;1664553060091;3655.5;1;0;1;3654.0;3653.75
2022.09.30 15:51:00;1664553060091;3655.5;2;0;1;3654.0;3653.75
2022.09.30 15:51:00;1664553060091;3655.5;1;0;1;3654.0;3653.75
2022.09.30 15:51:00;1664553060091;3655.5;1;0;1;3654.0;3653.75
2022.09.30 15:51:00;1664553060091;3655.5;1;0;1;3654.0;3653.75
2022.09.30 15:51:00;1664553060096;3655.5;1;0;1;3654.0;3653.75
2022.09.30 15:51:00;1664553060096;3655.5;1;0;1;3654.0;3653.75
2022.09.30 15:51:00;1664553060096;3655.5;1;0;1;3654.0;3653.75
2022.09.30 15:51:00;1664553060096;3655.5;1;0;1;3654.0;3653.75
2022.09.30 15:51:00;1664553060096;3655.5;1;1;0;3654.0;3653.75
2022.09.30 15:51:00;1664553060111;3655.5;1;0;1;3654.0;3653.75
2022.09.30 15:51:00;1664553060111;3655.5;1;0;1;3654.0;3653.75
2022.09.30 15:51:00;1664553060111;3655.5;1;0;0;3654.0;3653.75
2022.09.30 15:51:00;1664553060295;3655.5;1;1;0;3654.0;3653.75
2022.09.30 15:51:00;1664553060295;3655.5;1;1;0;3654.0;3653.75
2022.09.30 15:51:00;1664553060296;3655.5;14;1;0;3654.0;3653.75
2022.09.30 15:51:00;1664553060296;3655.5;1;1;0;3654.0;3653.75
2022.09.30 15:51:00;1664553060296;3655.5;1;1;0;3654.0;3653.75
2022.09.30 15:51:00;1664553060296;3655.5;1;1;0;3654.0;3653.75
2022.09.30 15:51:00;1664553060296;3655.5;1;1;0;3654.0;3653.75
2022.09.30 15:51:00;1664553060296;3655.5;1;1;0;3654.0;3653.75
2022.09.30 15:51:00;1664553060296;3655.5;1;1;0;3654.0;3653.75
2022.09.30 15:51:00;1664553060296;3655.5;2;0;1;3654.0;3653.75
2022.09.30 15:51:00;1664553060297;3655.5;1;0;1;3654.0;3653.75
2022.09.30 15:51:00;1664553060297;3655.5;1;0;1;3654.0;3653.75
2022.09.30 15:51:00;1664553060297;3655.5;1;0;1;3654.0;3653.75
2022.09.30 15:51:00;1664553060297;3655.5;1;0;1;3654.0;3653.75
2022.09.30 15:51:00;1664553060297;3655.5;1;0;1;3654.0;3653.75
2022.09.30 15:51:00;1664553060297;3655.5;1;0;1;3654.0;3653.75
2022.09.30 15:51:00;1664553060298;3655.5;1;0;1;3654.0;3653.75
2022.09.30 15:51:00;1664553060298;3655.5;1;0;1;3654.0;3653.75
2022.09.30 15:51:00;1664553060298;3655.5;1;0;1;3654.0;3653.75
2022.09.30 15:51:00;1664553060298;3655.5;1;0;1;3654.0;3653.75
2022.09.30 15:51:00;1664553060298;3655.5;1;0;1;3654.0;3653.75
2022.09.30 15:51:00;1664553060298;3655.5;1;0;0;3654.0;3653.75
2022.09.30 15:51:00;1664553060299;3655.5;1;0;1;3654.0;3653.75
2022.09.30 15:51:00;1664553060299;3655.5;1;0;0;3654.0;3653.75
2022.09.30 15:51:00;1664553060299;3655.5;1;1;0;3654.0;3653.75
2022.09.30 15:51:00;1664553060299;3655.5;5;1;0;3654.0;3653.75
2022.09.30 15:51:00;1664553060299;3655.5;1;1;0;3654.0;3653.75
2022.09.30 15:51:00;1664553060299;3655.5;1;1;0;3654.0;3653.75
2022.09.30 15:51:00;1664553060300;3655.5;1;0;0;3654.0;3653.75
2022.09.30 15:51:00;1664553060300;3655.5;1;0;1;3654.0;3653.75
2022.09.30 15:51:00;1664553060301;3655.5;1;0;0;3654.0;3653.75
2022.09.30 15:51:00;1664553060313;3655.5;1;1;0;3654.0;3653.75
2022.09.30 15:51:00;1664553060313;3655.5;1;1;0;3654.0;3653.75
2022.09.30 15:51:00;1664553060314;3655.5;1;0;1;3654.0;3653.75
2022.09.30 15:51:00;1664553060314;3655.5;2;0;1;3654.0;3653.75
2022.09.30 15:51:00;1664553060315;3655.5;1;0;1;3654.0;3653.75
2022.09.30 15:51:00;1664553060441;3655.5;1;1;0;3654.0;3653.75
2022.09.30 15:51:00;1664553060523;3655.5;1;1;0;3654.0;3653.75
2022.09.30 15:51:00;1664553060523;3655.5;1;1;0;3654.0;3653.75
2022.09.30 15:51:00;1664553060523;3655.5;1;1;0;3654.0;3653.75
2022.09.30 15:51:00;1664553060523;3655.5;1;1;0;3654.0;3653.75
2022.09.30 15:51:00;1664553060674;3655.5;1;1;0;3654.0;3653.75
2022.09.30 15:51:00;1664553060674;3655.5;1;1;0;3654.0;3653.75
2022.09.30 15:51:00;1664553060674;3655.5;1;1;0;3654.0;3653.75
2022.09.30 15:51:00;1664553060675;3655.5;1;0;0;3654.0;3653.75
2022.09.30 15:51:00;1664553060675;3655.5;1;0;1;3654.0;3653.75
2022.09.30 15:51:00;1664553060675;3655.5;1;0;1;3654.0;3653.75
2022.09.30 15:51:00;1664553060675;3655.5;1;0;1;3654.0;3653.75
2022.09.30 15:51:00;1664553060676;3655.5;1;0;1;3654.0;3653.75
2022.09.30 15:51:00;1664553060676;3655.5;1;0;0;3654.0;3653.75
2022.09.30 15:51:00;1664553060676;3655.5;1;1;0;3654.0;3653.75
2022.09.30 15:51:00;1664553060676;3655.5;1;0;0;3654.0;3653.75
2022.09.30 15:51:00;1664553060786;3655.5;1;0;1;3654.0;3653.75
2022.09.30 15:51:00;1664553060786;3655.5;1;0;1;3654.0;3653.75
2022.09.30 15:51:00;1664553060786;3655.5;1;0;1;3654.0;3653.75
2022.09.30 15:51:00;1664553060786;3655.5;1;1;0;3654.0;3653.75
2022.09.30 15:51:00;1664553060786;3655.5;1;0;1;3654.0;3653.75
2022.09.30 15:51:00;1664553060786;3655.5;1;0;1;3654.0;3653.75
2022.09.30 15:51:00;1664553060786;3655.5;1;0;1;3654.0;3653.75
2022.09.30 15:51:00;1664553060787;3655.5;1;0;0;3654.0;3653.75
2022.09.30 15:51:00;1664553060787;3655.5;1;1;0;3654.0;3653.75
2022.09.30 15:51:00;1664553060788;3655.5;1;1;0;3654.0;3653.75
2022.09.30 15:51:00;1664553060788;3655.5;1;0;0;3654.0;3653.75
2022.09.30 15:51:00;1664553060812;3655.5;1;0;0;3654.0;3653.75
2022.09.30 15:51:00;1664553060824;3655.5;3;1;0;3654.0;3653.75
2022.09.30 15:51:00;1664553060824;3655.5;1;0;1;3654.0;3653.75
2022.09.30 15:51:00;1664553060824;3655.5;1;0;1;3654.0;3653.75
2022.09.30 15:51:00;1664553060824;3655.5;1;0;1;3654.0;3653.75
2022.09.30 15:51:00;1664553060825;3655.5;1;0;1;3654.0;3653.75
2022.09.30 15:51:00;1664553060884;3655.5;3;1;0;3654.0;3653.75
2022.09.30 15:51:00;1664553060884;3655.5;1;1;0;3654.0;3653.75
2022.09.30 15:51:00;1664553060884;3655.5;1;1;0;3654.0;3653.75
2022.09.30 15:51:00;1664553060884;3655.5;1;1;0;3654.0;3653.75
2022.09.30 15:51:00;1664553060884;3655.5;1;0;0;3654.0;3653.75
2022.09.30 15:51:00;1664553060914;3655.5;1;0;1;3654.0;3653.75
2022.09.30 15:51:00;1664553060915;3655.5;1;0;1;3654.0;3653.75
2022.09.30 15:51:00;1664553060915;3655.5;1;0;0;3654.0;3653.75
2022.09.30 15:51:00;1664553060924;3655.5;1;0;0;3654.0;3653.75
2022.09.30 15:51:00;1664553060933;3655.5;1;1;0;3654.0;3653.75
2022.09.30 15:51:01;1664553061012;3655.5;1;1;0;3654.0;3653.75
2022.09.30 15:51:01;1664553061069;3655.25;1;0;1;3654.0;3653.75
2022.09.30 15:51:01;1664553061449;3655.25;1;0;1;3654.0;3653.75
2022.09.30 15:51:01;1664553061665;3655.5;1;1;0;3654.0;3653.75
2022.09.30 15:51:01;1664553061691;3655.25;1;0;1;3654.0;3653.75
2022.09.30 15:51:01;1664553061832;3655.25;1;0;1;3654.0;3653.75
2022.09.30 15:51:01;1664553061832;3655.25;1;0;1;3654.0;3653.75
2022.09.30 15:51:01;1664553061832;3655.25;1;0;1;3654.0;3653.75
2022.09.30 15:51:01;1664553061832;3655.25;1;0;1;3654.0;3653.75
2022.09.30 15:51:01;1664553061832;3655.25;1;0;1;3654.0;3653.75
2022.09.30 15:51:01;1664553061833;3655.25;1;0;1;3654.0;3653.75
2022.09.30 15:51:01;1664553061833;3655.25;1;0;1;3654.0;3653.75
2022.09.30 15:51:01;1664553061833;3655.25;5;0;1;3654.0;3653.75
2022.09.30 15:51:01;1664553061833;3655.25;1;0;1;3654.0;3653.75
2022.09.30 15:51:01;1664553061833;3655.25;1;0;1;3654.0;3653.75
2022.09.30 15:51:01;1664553061833;3655.25;1;0;1;3654.0;3653.75
2022.09.30 15:51:01;1664553061833;3655.25;6;0;1;3654.0;3653.75
2022.09.30 15:51:01;1664553061833;3655.25;1;0;1;3654.0;3653.75
2022.09.30 15:51:01;1664553061833;3655.25;1;0;1;3654.0;3653.75
2022.09.30 15:51:01;1664553061833;3655.25;1;0;1;3654.0;3653.75
2022.09.30 15:51:01;1664553061833;3655.25;6;0;1;3654.0;3653.75
2022.09.30 15:51:01;1664553061833;3655.25;12;0;1;3654.0;3653.75
2022.09.30 15:51:01;1664553061833;3655.25;1;0;1;3654.0;3653.75
2022.09.30 15:51:01;1664553061833;3655.25;1;0;1;3654.0;3653.75
2022.09.30 15:51:01;1664553061833;3655.25;1;0;1;3654.0;3653.75
2022.09.30 15:51:01;1664553061833;3655.25;1;0;1;3654.0;3653.75
2022.09.30 15:51:01;1664553061833;3655.25;7;0;1;3654.0;3653.75
2022.09.30 15:51:01;1664553061833;3655.25;1;0;1;3654.0;3653.75
2022.09.30 15:51:01;1664553061833;3655.25;4;0;1;3654.0;3653.75
2022.09.30 15:51:01;1664553061833;3655.25;1;0;1;3654.0;3653.75
2022.09.30 15:51:01;1664553061833;3655.25;7;0;1;3654.0;3653.75
2022.09.30 15:51:01;1664553061833;3655.25;1;0;1;3654.0;3653.75
2022.09.30 15:51:01;1664553061833;3655.25;1;0;1;3654.0;3653.75
2022.09.30 15:51:01;1664553061833;3655.25;1;0;0;3654.0;3653.75
2022.09.30 15:51:02;1664553062008;3655.25;1;1;0;3654.0;3653.75
2022.09.30 15:51:02;1664553062175;3655.25;4;1;0;3654.0;3653.75
2022.09.30 15:51:02;1664553062175;3655.25;1;1;0;3654.0;3653.75
2022.09.30 15:51:02;1664553062191;3655.25;1;1;0;3654.0;3653.75
2022.09.30 15:51:02;1664553062191;3655.25;1;1;0;3654.0;3653.75
2022.09.30 15:51:02;1664553062191;3655.25;1;1;0;3654.0;3653.75
2022.09.30 15:51:02;1664553062191;3655.25;1;1;0;3654.0;3653.75
2022.09.30 15:51:02;1664553062191;3655.25;2;1;0;3654.0;3653.75
2022.09.30 15:51:02;1664553062191;3655.25;1;1;0;3654.0;3653.75
2022.09.30 15:51:02;1664553062192;3655.25;1;1;0;3654.0;3653.75
2022.09.30 15:51:02;1664553062192;3655.25;1;1;0;3654.0;3653.75
2022.09.30 15:51:02;1664553062192;3655.25;1;1;0;3654.0;3653.75
2022.09.30 15:51:02;1664553062192;3655.25;1;0;0;3654.0;3653.75
2022.09.30 15:51:02;1664553062192;3655.25;1;0;0;3654.0;3653.75
2022.09.30 15:51:02;1664553062192;3655.25;1;0;1;3654.0;3653.75
2022.09.30 15:51:02;1664553062192;3655.25;1;0;1;3654.0;3653.75
2022.09.30 15:51:02;1664553062192;3655.25;1;0;1;3654.0;3653.75
2022.09.30 15:51:02;1664553062193;3655.25;1;0;1;3654.0;3653.75
2022.09.30 15:51:02;1664553062193;3655.25;1;0;1;3654.0;3653.75
2022.09.30 15:51:02;1664553062193;3655.25;1;0;1;3654.0;3653.75
2022.09.30 15:51:02;1664553062193;3655.25;1;0;1;3654.0;3653.75
2022.09.30 15:51:02;1664553062193;3655.25;1;0;1;3654.0;3653.75
2022.09.30 15:51:02;1664553062193;3655.25;1;0;1;3654.0;3653.75
2022.09.30 15:51:02;1664553062193;3655.25;1;0;1;3654.0;3653.75
2022.09.30 15:51:02;1664553062193;3655.25;1;0;1;3654.0;3653.75
2022.09.30 15:51:02;1664553062193;3655.25;1;0;1;3654.0;3653.75
2022.09.30 15:51:02;1664553062193;3655.25;1;0;1;3654.0;3653.75
2022.09.30 15:51:02;1664553062193;3655.25;1;0;1;3654.0;3653.75
2022.09.30 15:51:02;1664553062193;3655.25;1;0;0;3654.0;3653.75
2022.09.30 15:51:02;1664553062193;3655.25;2;1;0;3654.0;3653.75
2022.09.30 15:51:02;1664553062194;3655.25;1;1;0;3654.0;3653.75
2022.09.30 15:51:02;1664553062194;3655.25;1;1;0;3654.0;3653.75
2022.09.30 15:51:02;1664553062194;3655.25;1;1;0;3654.0;3653.75
2022.09.30 15:51:02;1664553062194;3655.25;1;0;1;3654.0;3653.75
2022.09.30 15:51:02;1664553062194;3655.25;1;0;0;3654.0;3653.75
2022.09.30 15:51:02;1664553062201;3655.25;1;0;0;3654.0;3653.75
2022.09.30 15:51:02;1664553062219;3655.25;1;1;0;3654.0;3653.75
2022.09.30 15:51:02;1664553062219;3655.5;1;1;0;3654.0;3653.75
2022.09.30 15:51:02;1664553062219;3655.5;1;0;0;3654.0;3653.75
2022.09.30 15:51:02;1664553062290;3655.25;3;0;1;3654.0;3653.75
2022.09.30 15:51:02;1664553062290;3655.25;1;0;1;3654.0;3653.75
2022.09.30 15:51:02;1664553062290;3655.25;1;0;1;3654.0;3653.75
2022.09.30 15:51:02;1664553062290;3655.25;1;0;1;3654.0;3653.75
2022.09.30 15:51:02;1664553062290;3655.25;1;0;0;3654.0;3653.75
2022.09.30 15:51:02;1664553062312;3655.25;1;1;0;3654.0;3653.75
2022.09.30 15:51:02;1664553062312;3655.25;1;1;0;3654.0;3653.75
2022.09.30 15:51:02;1664553062313;3655.25;1;1;0;3654.0;3653.75
2022.09.30 15:51:02;1664553062313;3655.25;1;1;0;3654.0;3653.75
2022.09.30 15:51:02;1664553062313;3655.25;1;0;0;3654.0;3653.75
2022.09.30 15:51:02;1664553062338;3655.25;1;0;1;3654.0;3653.75
2022.09.30 15:51:02;1664553062338;3655.25;1;0;1;3654.0;3653.75
2022.09.30 15:51:02;1664553062338;3655.25;1;0;1;3654.0;3653.75
2022.09.30 15:51:02;1664553062338;3655.25;1;0;1;3654.0;3653.75
2022.09.30 15:51:02;1664553062338;3655.25;1;0;1;3654.0;3653.75
2022.09.30 15:51:02;1664553062338;3655.25;1;1;0;3654.0;3653.75
2022.09.30 15:51:02;1664553062338;3655.25;1;1;0;3654.0;3653.75
2022.09.30 15:51:02;1664553062338;3655.25;3;1;0;3654.0;3653.75
2022.09.30 15:51:02;1664553062375;3655.25;1;0;1;3654.0;3653.75
2022.09.30 15:51:02;1664553062375;3655.5;1;1;0;3654.0;3653.75
2022.09.30 15:51:02;1664553062433;3655.25;1;0;1;3654.0;3653.75
2022.09.30 15:51:02;1664553062497;3655.25;2;0;1;3654.0;3653.75
2022.09.30 15:51:02;1664553062497;3655.25;1;0;1;3654.0;3653.75
2022.09.30 15:51:02;1664553062497;3655.25;1;0;0;3654.0;3653.75
2022.09.30 15:51:02;1664553062717;3655.0;10;0;1;3654.0;3653.75
2022.09.30 15:51:02;1664553062718;3655.0;1;0;1;3654.0;3653.75
2022.09.30 15:51:02;1664553062768;3655.25;1;1;0;3654.0;3653.75
2022.09.30 15:51:02;1664553062813;3655.0;1;0;1;3654.0;3653.75
2022.09.30 15:51:02;1664553062919;3655.0;1;0;1;3654.0;3653.75
2022.09.30 15:51:02;1664553062919;3655.0;1;0;1;3654.0;3653.75
2022.09.30 15:51:02;1664553062919;3655.0;1;0;1;3654.0;3653.75
2022.09.30 15:51:02;1664553062919;3655.0;1;0;1;3654.0;3653.75
2022.09.30 15:51:02;1664553062919;3655.0;41;0;1;3654.0;3653.75
2022.09.30 15:51:02;1664553062919;3655.0;1;0;1;3654.0;3653.75
2022.09.30 15:51:02;1664553062919;3655.0;1;0;1;3654.0;3653.75
2022.09.30 15:51:02;1664553062920;3655.0;3;0;1;3654.0;3653.75
2022.09.30 15:51:02;1664553062920;3655.25;1;1;0;3654.0;3653.75
2022.09.30 15:51:02;1664553062920;3655.25;3;1;0;3654.0;3653.75
2022.09.30 15:51:02;1664553062920;3655.25;1;1;0;3654.0;3653.75
2022.09.30 15:51:02;1664553062920;3655.25;1;1;0;3654.0;3653.75
2022.09.30 15:51:02;1664553062920;3655.25;1;1;0;3654.0;3653.75
2022.09.30 15:51:02;1664553062920;3655.25;1;1;0;3654.0;3653.75
2022.09.30 15:51:02;1664553062920;3655.25;1;1;0;3654.0;3653.75
2022.09.30 15:51:02;1664553062920;3655.25;1;1;0;3654.0;3653.75
2022.09.30 15:51:02;1664553062920;3655.25;4;1;0;3654.0;3653.75
2022.09.30 15:51:02;1664553062920;3655.25;1;1;0;3654.0;3653.75
2022.09.30 15:51:02;1664553062921;3655.25;1;1;0;3654.0;3653.75
2022.09.30 15:51:02;1664553062921;3655.25;1;1;0;3654.0;3653.75
2022.09.30 15:51:02;1664553062921;3655.25;3;1;0;3654.0;3653.75
2022.09.30 15:51:02;1664553062921;3655.25;3;1;0;3654.0;3653.75
2022.09.30 15:51:02;1664553062921;3655.25;1;1;0;3654.0;3653.75
2022.09.30 15:51:02;1664553062921;3655.25;4;1;0;3654.0;3653.75
2022.09.30 15:51:02;1664553062921;3655.25;5;1;0;3654.0;3653.75
2022.09.30 15:51:02;1664553062921;3655.25;2;1;0;3654.0;3653.75
2022.09.30 15:51:02;1664553062921;3655.25;3;1;0;3654.0;3653.75
2022.09.30 15:51:02;1664553062924;3655.25;1;1;0;3654.0;3653.75
2022.09.30 15:51:02;1664553062924;3655.25;1;1;0;3654.0;3653.75
2022.09.30 15:51:02;1664553062924;3655.25;1;1;0;3654.0;3653.75
2022.09.30 15:51:02;1664553062924;3655.25;1;1;0;3654.0;3653.75
2022.09.30 15:51:02;1664553062924;3655.25;1;1;0;3654.0;3653.75
2022.09.30 15:51:02;1664553062924;3655.25;1;0;0;3654.0;3653.75
2022.09.30 15:51:02;1664553062924;3655.25;1;0;1;3654.0;3653.75
2022.09.30 15:51:02;1664553062925;3655.25;1;0;1;3654.0;3653.75
2022.09.30 15:51:02;1664553062925;3655.25;1;0;0;3654.0;3653.75
2022.09.30 15:51:02;1664553062925;3655.25;2;0;1;3654.0;3653.75
2022.09.30 15:51:02;1664553062925;3655.25;1;0;1;3654.0;3653.75
2022.09.30 15:51:02;1664553062925;3655.25;1;0;1;3654.0;3653.75
2022.09.30 15:51:02;1664553062925;3655.25;1;0;1;3654.0;3653.75
2022.09.30 15:51:02;1664553062925;3655.25;1;0;1;3654.0;3653.75
2022.09.30 15:51:02;1664553062932;3655.25;3;0;1;3654.0;3653.75
2022.09.30 15:51:02;1664553062932;3655.25;1;0;1;3654.0;3653.75
2022.09.30 15:51:02;1664553062932;3655.25;1;0;1;3654.0;3653.75
2022.09.30 15:51:02;1664553062932;3655.25;2;0;1;3654.0;3653.75
2022.09.30 15:51:02;1664553062956;3655.25;2;0;1;3654.0;3653.75
2022.09.30 15:51:02;1664553062956;3655.25;1;0;1;3654.0;3653.75
2022.09.30 15:51:02;1664553062956;3655.25;1;0;1;3654.0;3653.75
2022.09.30 15:51:02;1664553062956;3655.25;1;0;1;3654.0;3653.75
2022.09.30 15:51:02;1664553062956;3655.25;11;0;1;3654.0;3653.75
2022.09.30 15:51:02;1664553062956;3655.25;5;0;1;3654.0;3653.75
2022.09.30 15:51:02;1664553062956;3655.25;2;0;1;3654.0;3653.75
2022.09.30 15:51:02;1664553062956;3655.25;5;0;1;3654.0;3653.75
2022.09.30 15:51:02;1664553062956;3655.25;1;0;1;3654.0;3653.75
2022.09.30 15:51:02;1664553062957;3655.25;1;1;0;3654.0;3653.75
2022.09.30 15:51:02;1664553062957;3655.25;3;1;0;3654.0;3653.75
2022.09.30 15:51:02;1664553062957;3655.25;1;1;0;3654.0;3653.75
2022.09.30 15:51:02;1664553062957;3655.0;1;0;1;3654.0;3653.75
2022.09.30 15:51:02;1664553062957;3655.0;1;0;1;3654.0;3653.75
2022.09.30 15:51:02;1664553062957;3655.0;1;0;1;3654.0;3653.75
2022.09.30 15:51:02;1664553062957;3655.0;1;0;1;3654.0;3653.75
2022.09.30 15:51:02;1664553062957;3655.0;1;0;1;3654.0;3653.75
2022.09.30 15:51:02;1664553062957;3655.0;3;0;1;3654.0;3653.75
2022.09.30 15:51:02;1664553062957;3655.0;2;0;1;3654.0;3653.75
2022.09.30 15:51:02;1664553062958;3655.0;2;0;0;3654.0;3653.75
2022.09.30 15:51:03;1664553063127;3655.0;1;0;1;3654.0;3653.75
2022.09.30 15:51:03;1664553063193;3655.25;1;1;0;3654.0;3653.75
2022.09.30 15:51:03;1664553063270;3655.0;1;0;1;3654.0;3653.75
2022.09.30 15:51:03;1664553063384;3655.0;1;0;1;3654.0;3653.75
2022.09.30 15:51:03;1664553063630;3655.0;1;0;1;3654.0;3653.75
2022.09.30 15:51:03;1664553063816;3655.25;1;1;0;3654.0;3653.75
2022.09.30 15:51:03;1664553063816;3655.25;1;1;0;3654.0;3653.75
2022.09.30 15:51:03;1664553063816;3655.25;1;1;0;3654.0;3653.75
2022.09.30 15:51:04;1664553064402;3655.25;1;1;0;3654.0;3653.75
2022.09.30 15:51:04;1664553064551;3655.25;1;1;0;3654.0;3653.75
2022.09.30 15:51:04;1664553064551;3655.25;1;1;0;3654.0;3653.75
2022.09.30 15:51:04;1664553064551;3655.25;1;1;0;3654.0;3653.75
2022.09.30 15:51:04;1664553064551;3655.25;1;1;0;3654.0;3653.75
2022.09.30 15:51:04;1664553064551;3655.25;1;1;0;3654.0;3653.75
2022.09.30 15:51:04;1664553064551;3655.25;1;1;0;3654.0;3653.75
2022.09.30 15:51:04;1664553064551;3655.25;1;1;0;3654.0;3653.75
2022.09.30 15:51:04;1664553064551;3655.25;1;1;0;3654.0;3653.75
2022.09.30 15:51:04;1664553064551;3655.25;1;1;0;3654.0;3653.75
2022.09.30 15:51:04;1664553064551;3655.25;2;1;0;3654.0;3653.75
2022.09.30 15:51:04;1664553064551;3655.25;1;1;0;3654.0;3653.75
2022.09.30 15:51:04;1664553064551;3655.25;2;1;0;3654.0;3653.75
2022.09.30 15:51:04;1664553064551;3655.25;3;1;0;3654.0;3653.75
2022.09.30 15:51:04;1664553064551;3655.25;1;1;0;3654.0;3653.75
2022.09.30 15:51:04;1664553064551;3655.25;1;0;0;3654.0;3653.75
2022.09.30 15:51:04;1664553064553;3655.25;3;0;1;3654.0;3653.75
2022.09.30 15:51:04;1664553064553;3655.25;1;0;1;3654.0;3653.75
2022.09.30 15:51:04;1664553064553;3655.25;1;0;1;3654.0;3653.75
2022.09.30 15:51:04;1664553064553;3655.25;1;0;1;3654.0;3653.75
2022.09.30 15:51:04;1664553064553;3655.25;1;0;1;3654.0;3653.75
2022.09.30 15:51:04;1664553064553;3655.25;1;0;1;3654.0;3653.75
2022.09.30 15:51:04;1664553064553;3655.25;1;0;1;3654.0;3653.75
2022.09.30 15:51:04;1664553064553;3655.25;1;0;1;3654.0;3653.75
2022.09.30 15:51:04;1664553064553;3655.25;1;0;1;3654.0;3653.75
2022.09.30 15:51:04;1664553064553;3655.25;3;0;1;3654.0;3653.75
2022.09.30 15:51:04;1664553064556;3655.25;1;0;1;3654.0;3653.75
2022.09.30 15:51:04;1664553064556;3655.25;1;0;1;3654.0;3653.75
2022.09.30 15:51:04;1664553064556;3655.25;1;0;1;3654.0;3653.75
2022.09.30 15:51:04;1664553064556;3655.25;1;0;1;3654.0;3653.75
2022.09.30 15:51:04;1664553064556;3655.25;1;0;0;3654.0;3653.75
2022.09.30 15:51:04;1664553064565;3655.25;1;0;0;3654.0;3653.75
2022.09.30 15:51:04;1664553064795;3655.25;1;0;1;3654.0;3653.75
2022.09.30 15:51:04;1664553064795;3655.25;1;0;1;3654.0;3653.75
2022.09.30 15:51:04;1664553064795;3655.25;1;0;1;3654.0;3653.75
2022.09.30 15:51:04;1664553064795;3655.25;1;0;1;3654.0;3653.75
2022.09.30 15:51:04;1664553064795;3655.25;1;0;1;3654.0;3653.75
2022.09.30 15:51:04;1664553064795;3655.25;3;0;1;3654.0;3653.75
2022.09.30 15:51:04;1664553064795;3655.25;1;0;1;3654.0;3653.75
2022.09.30 15:51:04;1664553064795;3655.25;1;0;1;3654.0;3653.75
2022.09.30 15:51:04;1664553064796;3655.25;1;0;0;3654.0;3653.75
2022.09.30 15:51:04;1664553064799;3655.25;1;0;0;3654.0;3653.75
2022.09.30 15:51:04;1664553064903;3655.25;1;0;1;3654.0;3653.75
2022.09.30 15:51:04;1664553064903;3655.25;1;0;1;3654.0;3653.75
2022.09.30 15:51:04;1664553064903;3655.25;1;0;1;3654.0;3653.75
2022.09.30 15:51:04;1664553064903;3655.25;1;0;1;3654.0;3653.75
2022.09.30 15:51:04;1664553064903;3655.25;5;0;1;3654.0;3653.75
2022.09.30 15:51:04;1664553064903;3655.25;5;0;1;3654.0;3653.75
2022.09.30 15:51:04;1664553064903;3655.25;5;0;1;3654.0;3653.75
2022.09.30 15:51:04;1664553064903;3655.25;1;0;1;3654.0;3653.75
2022.09.30 15:51:04;1664553064903;3655.25;1;0;1;3654.0;3653.75
2022.09.30 15:51:04;1664553064903;3655.25;1;0;1;3654.0;3653.75
2022.09.30 15:51:04;1664553064903;3655.25;1;0;1;3654.0;3653.75
2022.09.30 15:51:04;1664553064904;3655.25;1;0;0;3654.0;3653.75
2022.09.30 15:51:04;1664553064904;3655.25;1;0;0;3654.0;3653.75
2022.09.30 15:51:04;1664553064987;3655.25;8;1;0;3654.0;3653.75
2022.09.30 15:51:04;1664553064987;3655.25;1;1;0;3654.0;3653.75
2022.09.30 15:51:04;1664553064987;3655.25;3;1;0;3654.0;3653.75
2022.09.30 15:51:04;1664553064987;3655.25;1;1;0;3654.0;3653.75
2022.09.30 15:51:04;1664553064987;3655.0;1;0;1;3654.0;3653.75
2022.09.30 15:51:05;1664553065075;3655.25;1;1;0;3654.0;3653.75
2022.09.30 15:51:05;1664553065075;3655.25;1;1;0;3654.0;3653.75
2022.09.30 15:51:05;1664553065075;3655.25;1;1;0;3654.0;3653.75
2022.09.30 15:51:05;1664553065075;3655.25;1;1;0;3654.0;3653.75
2022.09.30 15:51:05;1664553065075;3655.25;1;1;0;3654.0;3653.75
2022.09.30 15:51:05;1664553065075;3655.25;1;1;0;3654.0;3653.75
2022.09.30 15:51:05;1664553065075;3655.25;1;1;0;3654.0;3653.75
2022.09.30 15:51:05;1664553065075;3655.25;1;0;1;3654.0;3653.75
2022.09.30 15:51:05;1664553065075;3655.25;3;0;1;3654.0;3653.75
2022.09.30 15:51:05;1664553065075;3655.25;1;0;1;3654.0;3653.75
2022.09.30 15:51:05;1664553065075;3655.25;1;0;1;3654.0;3653.75
2022.09.30 15:51:05;1664553065075;3655.25;1;0;1;3654.0;3653.75
2022.09.30 15:51:05;1664553065075;3655.25;1;0;1;3654.0;3653.75
2022.09.30 15:51:05;1664553065075;3655.25;1;0;1;3654.0;3653.75
2022.09.30 15:51:05;1664553065075;3655.25;2;1;0;3654.0;3653.75
2022.09.30 15:51:05;1664553065080;3655.25;1;1;0;3654.0;3653.75
2022.09.30 15:51:05;1664553065080;3655.25;1;0;1;3654.0;3653.75
2022.09.30 15:51:05;1664553065089;3655.0;1;0;1;3654.0;3653.75
2022.09.30 15:51:05;1664553065148;3655.25;1;1;0;3654.0;3653.75
2022.09.30 15:51:05;1664553065148;3655.25;1;1;0;3654.0;3653.75
2022.09.30 15:51:05;1664553065197;3655.25;1;1;0;3654.0;3653.75
2022.09.30 15:51:05;1664553065197;3655.25;1;1;0;3654.0;3653.75
2022.09.30 15:51:05;1664553065197;3655.25;4;1;0;3654.0;3653.75
2022.09.30 15:51:05;1664553065197;3655.25;1;1;0;3654.0;3653.75
2022.09.30 15:51:05;1664553065426;3655.25;1;1;0;3654.0;3653.75
2022.09.30 15:51:05;1664553065426;3655.25;1;1;0;3654.0;3653.75
2022.09.30 15:51:05;1664553065426;3655.25;3;1;0;3654.0;3653.75
2022.09.30 15:51:05;1664553065426;3655.25;1;1;0;3654.0;3653.75
2022.09.30 15:51:05;1664553065535;3655.25;1;1;0;3654.0;3653.75
2022.09.30 15:51:05;1664553065535;3655.25;3;1;0;3654.0;3653.75
2022.09.30 15:51:05;1664553065535;3655.25;1;1;0;3654.0;3653.75
2022.09.30 15:51:05;1664553065535;3655.25;1;1;0;3654.0;3653.75
2022.09.30 15:51:05;1664553065535;3655.25;1;1;0;3654.0;3653.75
2022.09.30 15:51:05;1664553065535;3655.25;1;1;0;3654.0;3653.75
2022.09.30 15:51:05;1664553065535;3655.25;1;1;0;3654.0;3653.75
2022.09.30 15:51:05;1664553065535;3655.25;1;0;1;3654.0;3653.75
2022.09.30 15:51:05;1664553065535;3655.25;1;0;1;3654.0;3653.75
2022.09.30 15:51:05;1664553065535;3655.25;1;0;1;3654.0;3653.75
2022.09.30 15:51:05;1664553065536;3655.25;1;0;1;3654.0;3653.75
2022.09.30 15:51:05;1664553065536;3655.25;1;0;1;3654.0;3653.75
2022.09.30 15:51:05;1664553065536;3655.25;1;0;1;3654.0;3653.75
2022.09.30 15:51:05;1664553065581;3655.25;1;1;0;3654.0;3653.75
2022.09.30 15:51:05;1664553065581;3655.25;1;1;0;3654.0;3653.75
2022.09.30 15:51:05;1664553065581;3655.25;2;1;0;3654.0;3653.75
2022.09.30 15:51:05;1664553065582;3655.25;1;1;0;3654.0;3653.75
2022.09.30 15:51:05;1664553065582;3655.25;1;1;0;3654.0;3653.75
2022.09.30 15:51:05;1664553065582;3655.25;1;1;0;3654.0;3653.75
2022.09.30 15:51:05;1664553065582;3655.25;4;1;0;3654.0;3653.75
2022.09.30 15:51:05;1664553065582;3655.25;1;1;0;3654.0;3653.75
2022.09.30 15:51:05;1664553065582;3655.25;1;1;0;3654.0;3653.75
2022.09.30 15:51:05;1664553065582;3655.5;2;1;0;3654.0;3653.75
2022.09.30 15:51:05;1664553065582;3655.5;1;1;0;3654.0;3653.75
2022.09.30 15:51:05;1664553065583;3655.5;1;0;0;3654.0;3653.75
2022.09.30 15:51:05;1664553065583;3655.25;1;0;1;3654.0;3653.75
2022.09.30 15:51:05;1664553065583;3655.25;1;0;1;3654.0;3653.75
2022.09.30 15:51:05;1664553065583;3655.25;4;0;1;3654.0;3653.75
2022.09.30 15:51:05;1664553065583;3655.25;1;0;1;3654.0;3653.75
2022.09.30 15:51:05;1664553065583;3655.25;1;0;1;3654.0;3653.75
2022.09.30 15:51:05;1664553065583;3655.25;1;0;0;3654.0;3653.75
2022.09.30 15:51:05;1664553065692;3655.25;1;1;0;3654.0;3653.75
2022.09.30 15:51:05;1664553065692;3655.25;1;0;0;3654.0;3653.75
2022.09.30 15:51:05;1664553065722;3655.5;1;1;0;3654.0;3653.75
2022.09.30 15:51:05;1664553065722;3655.5;1;1;0;3654.0;3653.75
2022.09.30 15:51:05;1664553065722;3655.5;1;1;0;3654.0;3653.75
2022.09.30 15:51:05;1664553065722;3655.5;1;1;0;3654.0;3653.75
2022.09.30 15:51:05;1664553065722;3655.5;1;1;0;3654.0;3653.75
2022.09.30 15:51:05;1664553065722;3655.5;1;1;0;3654.0;3653.75
2022.09.30 15:51:05;1664553065722;3655.5;1;1;0;3654.0;3653.75
2022.09.30 15:51:05;1664553065722;3655.5;1;1;0;3654.0;3653.75
2022.09.30 15:51:05;1664553065722;3655.5;1;1;0;3654.0;3653.75
2022.09.30 15:51:05;1664553065722;3655.5;2;1;0;3654.0;3653.75
2022.09.30 15:51:05;1664553065722;3655.5;1;1;0;3654.0;3653.75
2022.09.30 15:51:05;1664553065722;3655.5;1;1;0;3654.0;3653.75
2022.09.30 15:51:05;1664553065733;3655.5;1;0;1;3654.0;3653.75
2022.09.30 15:51:05;1664553065733;3655.5;2;0;1;3654.0;3653.75
2022.09.30 15:51:05;1664553065733;3655.5;1;1;0;3654.0;3653.75
2022.09.30 15:51:05;1664553065733;3655.5;1;1;0;3654.0;3653.75
2022.09.30 15:51:05;1664553065733;3655.5;1;1;0;3654.0;3653.75
2022.09.30 15:51:05;1664553065734;3655.5;1;1;0;3654.0;3653.75
2022.09.30 15:51:05;1664553065734;3655.5;3;1;0;3654.0;3653.75
2022.09.30 15:51:05;1664553065734;3655.5;1;1;0;3654.0;3653.75
2022.09.30 15:51:05;1664553065734;3655.5;1;1;0;3654.0;3653.75
2022.09.30 15:51:05;1664553065734;3655.5;1;1;0;3654.0;3653.75
2022.09.30 15:51:05;1664553065734;3655.5;2;1;0;3654.0;3653.75
2022.09.30 15:51:05;1664553065734;3655.5;1;1;0;3654.0;3653.75
2022.09.30 15:51:05;1664553065734;3655.5;1;1;0;3654.0;3653.75
2022.09.30 15:51:05;1664553065734;3655.5;1;1;0;3654.0;3653.75
2022.09.30 15:51:05;1664553065734;3655.5;1;0;1;3654.0;3653.75
2022.09.30 15:51:05;1664553065734;3655.5;1;0;0;3654.0;3653.75
2022.09.30 15:51:05;1664553065964;3655.75;1;1;0;3654.0;3653.75
2022.09.30 15:51:06;1664553066094;3655.5;2;0;1;3654.0;3653.75
2022.09.30 15:51:06;1664553066094;3655.5;1;0;1;3654.0;3653.75
2022.09.30 15:51:06;1664553066094;3655.5;1;0;1;3654.0;3653.75
2022.09.30 15:51:06;1664553066094;3655.5;1;0;1;3654.0;3653.75
2022.09.30 15:51:06;1664553066094;3655.5;1;0;1;3654.0;3653.75
2022.09.30 15:51:06;1664553066094;3655.5;2;0;1;3654.0;3653.75
2022.09.30 15:51:06;1664553066094;3655.5;1;0;1;3654.0;3653.75
2022.09.30 15:51:06;1664553066094;3655.5;1;0;1;3654.0;3653.75
2022.09.30 15:51:06;1664553066094;3655.5;1;0;0;3654.0;3653.75
2022.09.30 15:51:06;1664553066097;3655.5;4;1;0;3654.0;3653.75
2022.09.30 15:51:06;1664553066097;3655.5;6;1;0;3654.0;3653.75
2022.09.30 15:51:06;1664553066132;3655.5;1;1;0;3654.0;3653.75
2022.09.30 15:51:06;1664553066132;3655.5;1;1;0;3654.0;3653.75
2022.09.30 15:51:06;1664553066132;3655.5;1;1;0;3654.0;3653.75
2022.09.30 15:51:06;1664553066132;3655.5;1;1;0;3654.0;3653.75
2022.09.30 15:51:06;1664553066132;3655.5;1;1;0;3654.0;3653.75
2022.09.30 15:51:06;1664553066132;3655.5;1;1;0;3654.0;3653.75
2022.09.30 15:51:06;1664553066132;3655.5;1;0;1;3654.0;3653.75
2022.09.30 15:51:06;1664553066132;3655.5;1;0;1;3654.0;3653.75
2022.09.30 15:51:06;1664553066132;3655.5;1;0;1;3654.0;3653.75
2022.09.30 15:51:06;1664553066132;3655.5;1;0;1;3654.0;3653.75
2022.09.30 15:51:06;1664553066133;3655.5;1;0;0;3654.0;3653.75
2022.09.30 15:51:06;1664553066144;3655.5;1;0;1;3654.0;3653.75
2022.09.30 15:51:06;1664553066953;3655.5;1;0;1;3654.0;3653.75
2022.09.30 15:51:07;1664553067017;3655.5;1;0;1;3654.0;3653.75
2022.09.30 15:51:07;1664553067073;3655.5;1;0;1;3654.0;3653.75
2022.09.30 15:51:07;1664553067861;3655.5;4;0;1;3654.0;3653.75
2022.09.30 15:51:07;1664553067861;3655.5;1;0;1;3654.0;3653.75
2022.09.30 15:51:07;1664553067861;3655.5;1;0;1;3654.0;3653.75
2022.09.30 15:51:07;1664553067861;3655.5;1;0;1;3654.0;3653.75
2022.09.30 15:51:07;1664553067861;3655.5;1;0;1;3654.0;3653.75
2022.09.30 15:51:07;1664553067861;3655.5;1;0;1;3654.0;3653.75
2022.09.30 15:51:07;1664553067861;3655.5;1;0;1;3654.0;3653.75
2022.09.30 15:51:07;1664553067863;3655.5;1;0;1;3654.0;3653.75
2022.09.30 15:51:07;1664553067864;3655.5;1;0;0;3654.0;3653.75
2022.09.30 15:51:08;1664553068364;3655.25;2;0;1;3654.0;3653.75
2022.09.30 15:51:08;1664553068464;3655.25;1;0;1;3654.0;3653.75
2022.09.30 15:51:08;1664553068523;3655.25;1;0;1;3654.0;3653.75
2022.09.30 15:51:08;1664553068673;3655.25;1;0;1;3654.0;3653.75
2022.09.30 15:51:09;1664553069003;3655.25;1;0;1;3654.0;3653.75
2022.09.30 15:51:09;1664553069003;3655.25;1;0;1;3654.0;3653.75
2022.09.30 15:51:09;1664553069003;3655.25;1;0;1;3654.0;3653.75
2022.09.30 15:51:09;1664553069003;3655.25;1;0;1;3654.0;3653.75
2022.09.30 15:51:09;1664553069003;3655.25;1;0;1;3654.0;3653.75
2022.09.30 15:51:09;1664553069003;3655.25;1;0;1;3654.0;3653.75
2022.09.30 15:51:09;1664553069003;3655.25;1;0;1;3654.0;3653.75
2022.09.30 15:51:09;1664553069003;3655.25;1;0;1;3654.0;3653.75
2022.09.30 15:51:09;1664553069003;3655.25;1;0;1;3654.0;3653.75
2022.09.30 15:51:09;1664553069003;3655.25;1;0;1;3654.0;3653.75
2022.09.30 15:51:09;1664553069003;3655.25;1;0;1;3654.0;3653.75
2022.09.30 15:51:09;1664553069003;3655.25;1;0;0;3654.0;3653.75
2022.09.30 15:51:09;1664553069003;3655.25;1;0;0;3654.0;3653.75
2022.09.30 15:51:09;1664553069003;3655.25;1;1;0;3654.0;3653.75
2022.09.30 15:51:09;1664553069003;3655.25;1;1;0;3654.0;3653.75
2022.09.30 15:51:09;1664553069003;3655.25;1;0;1;3654.0;3653.75
2022.09.30 15:51:09;1664553069003;3655.25;1;0;1;3654.0;3653.75
2022.09.30 15:51:09;1664553069003;3655.25;1;0;0;3654.0;3653.75
2022.09.30 15:51:09;1664553069072;3655.5;1;1;0;3654.0;3653.75
2022.09.30 15:51:09;1664553069337;3655.25;1;0;1;3654.0;3653.75
2022.09.30 15:51:09;1664553069337;3655.25;4;0;1;3654.0;3653.75
2022.09.30 15:51:09;1664553069419;3655.5;1;1;0;3654.0;3653.75
2022.09.30 15:51:09;1664553069419;3655.5;1;1;0;3654.0;3653.75
2022.09.30 15:51:09;1664553069419;3655.5;1;1;0;3654.0;3653.75
2022.09.30 15:51:09;1664553069531;3655.5;4;1;0;3654.0;3653.75
2022.09.30 15:51:09;1664553069531;3655.5;1;1;0;3654.0;3653.75
2022.09.30 15:51:09;1664553069531;3655.5;1;1;0;3654.0;3653.75
2022.09.30 15:51:09;1664553069531;3655.5;1;1;0;3654.0;3653.75
2022.09.30 15:51:09;1664553069531;3655.5;1;1;0;3654.0;3653.75
2022.09.30 15:51:09;1664553069531;3655.5;1;1;0;3654.0;3653.75
2022.09.30 15:51:09;1664553069531;3655.5;1;1;0;3654.0;3653.75
2022.09.30 15:51:09;1664553069531;3655.5;1;1;0;3654.0;3653.75
2022.09.30 15:51:09;1664553069533;3655.5;1;1;0;3654.0;3653.75
2022.09.30 15:51:09;1664553069533;3655.5;2;1;0;3654.0;3653.75
2022.09.30 15:51:09;1664553069533;3655.5;1;1;0;3654.0;3653.75
2022.09.30 15:51:09;1664553069533;3655.5;5;1;0;3654.0;3653.75
2022.09.30 15:51:09;1664553069533;3655.5;5;1;0;3654.0;3653.75
2022.09.30 15:51:09;1664553069533;3655.5;1;1;0;3654.0;3653.75
2022.09.30 15:51:09;1664553069533;3655.5;2;1;0;3654.0;3653.75
2022.09.30 15:51:09;1664553069533;3655.5;1;1;0;3654.0;3653.75
2022.09.30 15:51:09;1664553069533;3655.5;1;1;0;3654.0;3653.75
2022.09.30 15:51:09;1664553069533;3655.5;4;1;0;3654.0;3653.75
2022.09.30 15:51:09;1664553069533;3655.5;2;1;0;3654.0;3653.75
2022.09.30 15:51:09;1664553069533;3655.5;1;1;0;3654.0;3653.75
2022.09.30 15:51:09;1664553069534;3655.5;1;0;0;3654.0;3653.75
2022.09.30 15:51:09;1664553069534;3655.5;1;0;1;3654.0;3653.75
2022.09.30 15:51:09;1664553069534;3655.5;1;0;1;3654.0;3653.75
2022.09.30 15:51:09;1664553069534;3655.5;5;0;1;3654.0;3653.75
2022.09.30 15:51:09;1664553069534;3655.5;1;0;1;3654.0;3653.75
2022.09.30 15:51:09;1664553069534;3655.5;6;0;1;3654.0;3653.75
2022.09.30 15:51:09;1664553069534;3655.5;1;0;1;3654.0;3653.75
2022.09.30 15:51:09;1664553069534;3655.5;7;0;1;3654.0;3653.75
2022.09.30 15:51:09;1664553069534;3655.5;1;0;1;3654.0;3653.75
2022.09.30 15:51:09;1664553069534;3655.5;1;0;1;3654.0;3653.75
2022.09.30 15:51:09;1664553069534;3655.5;1;0;1;3654.0;3653.75
2022.09.30 15:51:09;1664553069534;3655.5;1;0;1;3654.0;3653.75
2022.09.30 15:51:09;1664553069534;3655.5;1;0;1;3654.0;3653.75
2022.09.30 15:51:09;1664553069534;3655.5;1;0;1;3654.0;3653.75
2022.09.30 15:51:09;1664553069535;3655.5;1;0;1;3654.0;3653.75
2022.09.30 15:51:09;1664553069535;3655.5;1;0;1;3654.0;3653.75
2022.09.30 15:51:09;1664553069535;3655.5;1;0;0;3654.0;3653.75
2022.09.30 15:51:09;1664553069535;3655.5;1;1;0;3654.0;3653.75
2022.09.30 15:51:09;1664553069536;3655.5;1;1;0;3654.0;3653.75
2022.09.30 15:51:09;1664553069536;3655.5;1;0;1;3654.0;3653.75
2022.09.30 15:51:09;1664553069536;3655.5;1;0;1;3654.0;3653.75
2022.09.30 15:51:09;1664553069536;3655.5;1;1;0;3654.0;3653.75
2022.09.30 15:51:09;1664553069536;3655.5;1;0;0;3654.0;3653.75
2022.09.30 15:51:09;1664553069538;3655.5;1;0;0;3654.0;3653.75
2022.09.30 15:51:09;1664553069553;3655.5;1;1;0;3654.0;3653.75
2022.09.30 15:51:09;1664553069556;3655.5;1;0;0;3654.0;3653.75
2022.09.30 15:51:09;1664553069556;3655.5;1;0;1;3654.0;3653.75
2022.09.30 15:51:09;1664553069556;3655.5;1;0;1;3654.0;3653.75
2022.09.30 15:51:09;1664553069556;3655.5;1;0;1;3654.0;3653.75
2022.09.30 15:51:09;1664553069556;3655.5;1;0;1;3654.0;3653.75
2022.09.30 15:51:09;1664553069556;3655.5;1;0;1;3654.0;3653.75
2022.09.30 15:51:09;1664553069562;3655.5;1;0;0;3654.0;3653.75
2022.09.30 15:51:09;1664553069620;3655.25;1;0;1;3654.0;3653.75
2022.09.30 15:51:09;1664553069620;3655.25;1;0;1;3654.0;3653.75
2022.09.30 15:51:09;1664553069620;3655.25;1;0;1;3654.0;3653.75
2022.09.30 15:51:09;1664553069620;3655.25;1;0;1;3654.0;3653.75
2022.09.30 15:51:09;1664553069620;3655.25;1;0;0;3654.0;3653.75
2022.09.30 15:51:09;1664553069690;3655.5;2;1;0;3654.0;3653.75
2022.09.30 15:51:09;1664553069690;3655.5;1;1;0;3654.0;3653.75
2022.09.30 15:51:09;1664553069690;3655.5;1;0;0;3654.0;3653.75
2022.09.30 15:51:10;1664553070075;3655.5;1;0;1;3654.0;3653.75
2022.09.30 15:51:10;1664553070075;3655.5;1;0;1;3654.0;3653.75
2022.09.30 15:51:10;1664553070075;3655.5;1;0;1;3654.0;3653.75
2022.09.30 15:51:10;1664553070075;3655.5;1;0;1;3654.0;3653.75
2022.09.30 15:51:10;1664553070075;3655.5;2;0;1;3654.0;3653.75
2022.09.30 15:51:10;1664553070075;3655.5;1;0;1;3654.0;3653.75
2022.09.30 15:51:10;1664553070075;3655.5;1;0;1;3654.0;3653.75
2022.09.30 15:51:10;1664553070075;3655.5;1;0;1;3654.0;3653.75
2022.09.30 15:51:10;1664553070075;3655.5;1;1;0;3654.0;3653.75
2022.09.30 15:51:10;1664553070075;3655.5;1;1;0;3654.0;3653.75
2022.09.30 15:51:10;1664553070075;3655.5;1;1;0;3654.0;3653.75
2022.09.30 15:51:10;1664553070075;3655.5;1;0;0;3654.0;3653.75
2022.09.30 15:51:10;1664553070078;3655.5;1;1;1;3654.0;3653.75
2022.09.30 15:51:10;1664553070078;3655.5;1;0;1;3654.0;3653.75
2022.09.30 15:51:10;1664553070078;3655.5;1;0;0;3654.0;3653.75
2022.09.30 15:51:10;1664553070097;3655.5;1;1;0;3654.0;3653.75
2022.09.30 15:51:10;1664553070097;3655.5;1;1;0;3654.0;3653.75
2022.09.30 15:51:10;1664553070097;3655.5;1;1;0;3654.0;3653.75
2022.09.30 15:51:10;1664553070097;3655.5;1;1;0;3654.0;3653.75
2022.09.30 15:51:10;1664553070097;3655.5;1;1;0;3654.0;3653.75
2022.09.30 15:51:10;1664553070097;3655.5;1;1;0;3654.0;3653.75
2022.09.30 15:51:10;1664553070097;3655.5;1;1;0;3654.0;3653.75
2022.09.30 15:51:10;1664553070097;3655.5;1;0;0;3654.0;3653.75
2022.09.30 15:51:10;1664553070216;3655.5;1;0;1;3654.0;3653.75
2022.09.30 15:51:10;1664553070216;3655.5;1;0;1;3654.0;3653.75
2022.09.30 15:51:10;1664553070216;3655.5;1;0;1;3654.0;3653.75
2022.09.30 15:51:10;1664553070216;3655.5;3;0;1;3654.0;3653.75
2022.09.30 15:51:10;1664553070216;3655.5;1;0;1;3654.0;3653.75
2022.09.30 15:51:10;1664553070216;3655.5;1;0;1;3654.0;3653.75
2022.09.30 15:51:10;1664553070216;3655.5;1;0;1;3654.0;3653.75
2022.09.30 15:51:10;1664553070216;3655.5;4;0;1;3654.0;3653.75
2022.09.30 15:51:10;1664553070410;3655.5;1;0;1;3654.0;3653.75
2022.09.30 15:51:10;1664553070411;3655.5;1;0;1;3654.0;3653.75
2022.09.30 15:51:10;1664553070423;3655.5;1;0;1;3654.0;3653.75
2022.09.30 15:51:10;1664553070423;3655.5;1;0;1;3654.0;3653.75
2022.09.30 15:51:10;1664553070423;3655.5;1;0;1;3654.0;3653.75
2022.09.30 15:51:10;1664553070423;3655.5;1;0;1;3654.0;3653.75
2022.09.30 15:51:10;1664553070423;3655.5;1;0;1;3654.0;3653.75
2022.09.30 15:51:10;1664553070423;3655.5;1;0;1;3654.0;3653.75
2022.09.30 15:51:10;1664553070423;3655.5;2;0;1;3654.0;3653.75
2022.09.30 15:51:10;1664553070423;3655.5;1;0;1;3654.0;3653.75
2022.09.30 15:51:10;1664553070423;3655.5;1;0;1;3654.0;3653.75
2022.09.30 15:51:10;1664553070423;3655.5;1;0;1;3654.0;3653.75
2022.09.30 15:51:10;1664553070423;3655.5;1;0;1;3654.0;3653.75
2022.09.30 15:51:10;1664553070423;3655.5;1;0;1;3654.0;3653.75
2022.09.30 15:51:10;1664553070423;3655.5;1;0;1;3654.0;3653.75
2022.09.30 15:51:10;1664553070423;3655.5;1;0;1;3654.0;3653.75
2022.09.30 15:51:10;1664553070423;3655.5;1;0;1;3654.0;3653.75
2022.09.30 15:51:10;1664553070423;3655.5;1;0;1;3654.0;3653.75
2022.09.30 15:51:10;1664553070424;3655.5;1;1;0;3654.0;3653.75
2022.09.30 15:51:10;1664553070424;3655.5;1;1;0;3654.0;3653.75
2022.09.30 15:51:10;1664553070424;3655.5;4;1;0;3654.0;3653.75
2022.09.30 15:51:10;1664553070424;3655.5;1;1;0;3654.0;3653.75
2022.09.30 15:51:10;1664553070424;3655.5;1;0;1;3654.0;3653.75
2022.09.30 15:51:10;1664553070424;3655.5;1;0;1;3654.0;3653.75
2022.09.30 15:51:10;1664553070424;3655.5;1;0;1;3654.0;3653.75
2022.09.30 15:51:10;1664553070425;3655.5;1;0;1;3654.0;3653.75
2022.09.30 15:51:10;1664553070583;3655.5;1;0;1;3654.0;3653.75
2022.09.30 15:51:10;1664553070583;3655.5;1;0;1;3654.0;3653.75
2022.09.30 15:51:10;1664553070584;3655.5;2;0;1;3654.0;3653.75
2022.09.30 15:51:10;1664553070614;3655.75;1;1;0;3654.0;3653.75
2022.09.30 15:51:10;1664553070615;3655.75;1;1;0;3654.0;3653.75
2022.09.30 15:51:10;1664553070655;3655.75;1;1;0;3654.0;3653.75
2022.09.30 15:51:10;1664553070923;3655.75;1;1;0;3654.0;3653.75
2022.09.30 15:51:10;1664553070974;3655.75;1;1;0;3654.0;3653.75
2022.09.30 15:51:10;1664553070974;3655.75;1;1;0;3654.0;3653.75
2022.09.30 15:51:10;1664553070975;3655.75;1;1;0;3654.0;3653.75
2022.09.30 15:51:10;1664553070975;3655.75;2;1;0;3654.0;3653.75
2022.09.30 15:51:10;1664553070975;3655.75;1;1;0;3654.0;3653.75
2022.09.30 15:51:10;1664553070975;3655.75;1;1;0;3654.0;3653.75
2022.09.30 15:51:10;1664553070975;3655.75;1;1;0;3654.0;3653.75
2022.09.30 15:51:10;1664553070975;3655.75;1;1;0;3654.0;3653.75
2022.09.30 15:51:10;1664553070975;3655.75;1;1;0;3654.0;3653.75
2022.09.30 15:51:10;1664553070975;3655.75;1;1;0;3654.0;3653.75
2022.09.30 15:51:10;1664553070975;3655.75;3;1;0;3654.0;3653.75
2022.09.30 15:51:10;1664553070975;3655.75;1;1;0;3654.0;3653.75
2022.09.30 15:51:10;1664553070975;3655.75;2;1;0;3654.0;3653.75
2022.09.30 15:51:10;1664553070975;3655.75;1;1;0;3654.0;3653.75
2022.09.30 15:51:10;1664553070975;3655.75;5;1;0;3654.0;3653.75
2022.09.30 15:51:10;1664553070975;3655.75;4;1;0;3654.0;3653.75
2022.09.30 15:51:10;1664553070975;3655.75;1;1;0;3654.0;3653.75
2022.09.30 15:51:10;1664553070975;3655.75;1;1;0;3654.0;3653.75
2022.09.30 15:51:10;1664553070975;3655.75;1;1;0;3654.0;3653.75
2022.09.30 15:51:10;1664553070976;3655.75;1;1;0;3654.0;3653.75
2022.09.30 15:51:10;1664553070976;3655.75;1;1;0;3654.0;3653.75
2022.09.30 15:51:10;1664553070976;3655.75;1;1;0;3654.0;3653.75
2022.09.30 15:51:10;1664553070976;3655.75;1;1;0;3654.0;3653.75
2022.09.30 15:51:10;1664553070976;3655.75;1;1;0;3654.0;3653.75
2022.09.30 15:51:10;1664553070976;3655.75;1;1;0;3654.0;3653.75
2022.09.30 15:51:11;1664553071312;3655.5;2;0;1;3654.0;3653.75
2022.09.30 15:51:11;1664553071461;3655.75;1;1;0;3654.0;3653.75
2022.09.30 15:51:11;1664553071563;3655.5;2;0;1;3654.0;3653.75
2022.09.30 15:51:11;1664553071563;3655.5;1;0;1;3654.0;3653.75
2022.09.30 15:51:11;1664553071563;3655.5;1;0;1;3654.0;3653.75
2022.09.30 15:51:11;1664553071563;3655.5;1;0;1;3654.0;3653.75
2022.09.30 15:51:11;1664553071563;3655.5;1;0;1;3654.0;3653.75
2022.09.30 15:51:11;1664553071563;3655.5;1;0;1;3654.0;3653.75
2022.09.30 15:51:11;1664553071563;3655.5;1;0;1;3654.0;3653.75
2022.09.30 15:51:11;1664553071563;3655.5;3;0;1;3654.0;3653.75
2022.09.30 15:51:11;1664553071563;3655.5;1;0;1;3654.0;3653.75
2022.09.30 15:51:11;1664553071563;3655.5;1;0;1;3654.0;3653.75
2022.09.30 15:51:11;1664553071563;3655.5;1;0;1;3654.0;3653.75
2022.09.30 15:51:11;1664553071563;3655.5;1;0;1;3654.0;3653.75
2022.09.30 15:51:11;1664553071563;3655.5;5;0;1;3654.0;3653.75
2022.09.30 15:51:11;1664553071638;3655.75;1;1;0;3654.0;3653.75
2022.09.30 15:51:11;1664553071651;3655.75;1;1;0;3654.0;3653.75
2022.09.30 15:51:11;1664553071651;3655.75;1;1;0;3654.0;3653.75
2022.09.30 15:51:11;1664553071651;3655.75;1;1;0;3654.0;3653.75
2022.09.30 15:51:11;1664553071651;3655.75;1;1;0;3654.0;3653.75
2022.09.30 15:51:11;1664553071651;3655.75;1;1;0;3654.0;3653.75
2022.09.30 15:51:11;1664553071651;3655.75;1;1;0;3654.0;3653.75
2022.09.30 15:51:11;1664553071651;3655.75;1;1;0;3654.0;3653.75
2022.09.30 15:51:11;1664553071651;3655.75;3;1;0;3654.0;3653.75
2022.09.30 15:51:11;1664553071651;3655.75;1;1;0;3654.0;3653.75
2022.09.30 15:51:11;1664553071651;3655.75;1;1;0;3654.0;3653.75
2022.09.30 15:51:11;1664553071652;3655.75;3;1;0;3654.0;3653.75
2022.09.30 15:51:11;1664553071652;3655.75;3;1;0;3654.0;3653.75
2022.09.30 15:51:11;1664553071652;3655.75;1;1;0;3654.0;3653.75
2022.09.30 15:51:11;1664553071652;3655.75;5;1;0;3654.0;3653.75
2022.09.30 15:51:11;1664553071652;3655.75;1;1;0;3654.0;3653.75
2022.09.30 15:51:11;1664553071652;3655.75;1;1;0;3654.0;3653.75
2022.09.30 15:51:11;1664553071652;3655.75;1;1;0;3654.0;3653.75
2022.09.30 15:51:11;1664553071652;3655.75;3;1;0;3654.0;3653.75
2022.09.30 15:51:11;1664553071652;3655.75;1;1;0;3654.0;3653.75
2022.09.30 15:51:11;1664553071652;3655.75;3;1;0;3654.0;3653.75
2022.09.30 15:51:11;1664553071674;3655.75;1;1;0;3654.0;3653.75
2022.09.30 15:51:11;1664553071674;3655.75;1;1;0;3654.0;3653.75
2022.09.30 15:51:11;1664553071674;3655.75;2;1;0;3654.0;3653.75
2022.09.30 15:51:11;1664553071674;3655.75;3;1;0;3654.0;3653.75
2022.09.30 15:51:11;1664553071674;3655.75;1;1;0;3654.0;3653.75
2022.09.30 15:51:11;1664553071674;3655.75;1;0;1;3654.0;3653.75
2022.09.30 15:51:11;1664553071674;3655.75;1;1;0;3654.0;3653.75
2022.09.30 15:51:11;1664553071674;3655.75;1;1;0;3654.0;3653.75
2022.09.30 15:51:11;1664553071674;3655.75;1;1;0;3654.0;3653.75
2022.09.30 15:51:11;1664553071674;3655.75;2;1;0;3654.0;3653.75
2022.09.30 15:51:11;1664553071674;3655.75;1;1;0;3654.0;3653.75
2022.09.30 15:51:11;1664553071674;3655.75;1;1;0;3654.0;3653.75
2022.09.30 15:51:11;1664553071674;3655.75;1;1;0;3654.0;3653.75
2022.09.30 15:51:11;1664553071675;3655.75;1;0;0;3654.0;3653.75
2022.09.30 15:51:12;1664553072086;3656.0;1;1;0;3654.0;3653.75
2022.09.30 15:51:12;1664553072086;3656.0;1;1;0;3654.0;3653.75
2022.09.30 15:51:12;1664553072086;3656.0;1;1;0;3654.0;3653.75
2022.09.30 15:51:12;1664553072087;3656.0;1;1;0;3654.0;3653.75
2022.09.30 15:51:12;1664553072087;3656.0;1;1;0;3654.0;3653.75
2022.09.30 15:51:12;1664553072087;3656.0;1;1;0;3654.0;3653.75
2022.09.30 15:51:12;1664553072087;3656.0;1;1;0;3654.0;3653.75
2022.09.30 15:51:12;1664553072087;3656.0;1;1;0;3654.0;3653.75
2022.09.30 15:51:12;1664553072087;3656.0;1;1;0;3654.0;3653.75
2022.09.30 15:51:12;1664553072087;3656.0;1;1;0;3654.0;3653.75
2022.09.30 15:51:12;1664553072087;3656.0;1;1;0;3654.0;3653.75
2022.09.30 15:51:12;1664553072087;3656.0;2;1;0;3654.0;3653.75
2022.09.30 15:51:12;1664553072087;3656.0;1;1;0;3654.0;3653.75
2022.09.30 15:51:12;1664553072087;3656.0;3;1;0;3654.0;3653.75
2022.09.30 15:51:12;1664553072087;3656.0;1;1;0;3654.0;3653.75
2022.09.30 15:51:12;1664553072087;3656.0;1;0;0;3654.0;3653.75
2022.09.30 15:51:12;1664553072089;3656.0;1;0;1;3654.0;3653.75
2022.09.30 15:51:12;1664553072089;3656.0;1;0;1;3654.0;3653.75
2022.09.30 15:51:12;1664553072089;3655.75;2;0;1;3654.0;3653.75
2022.09.30 15:51:12;1664553072089;3655.75;4;0;1;3654.0;3653.75
2022.09.30 15:51:12;1664553072089;3655.75;4;0;1;3654.0;3653.75
2022.09.30 15:51:12;1664553072089;3655.75;3;0;1;3654.0;3653.75
2022.09.30 15:51:12;1664553072089;3655.75;3;0;0;3654.0;3653.75
2022.09.30 15:51:12;1664553072089;3656.0;1;1;0;3654.0;3653.75
2022.09.30 15:51:12;1664553072090;3656.0;1;1;0;3654.0;3653.75
2022.09.30 15:51:12;1664553072107;3656.0;1;1;0;3654.0;3653.75
2022.09.30 15:51:12;1664553072107;3656.0;3;1;0;3654.0;3653.75
2022.09.30 15:51:12;1664553072107;3656.0;1;1;0;3654.0;3653.75
2022.09.30 15:51:12;1664553072107;3656.0;1;1;0;3654.0;3653.75
2022.09.30 15:51:12;1664553072107;3656.0;1;0;0;3654.0;3653.75
2022.09.30 15:51:12;1664553072164;3656.25;1;1;0;3654.0;3653.75
2022.09.30 15:51:12;1664553072164;3656.25;1;1;0;3654.0;3653.75
2022.09.30 15:51:12;1664553072164;3656.25;3;1;0;3654.0;3653.75
2022.09.30 15:51:12;1664553072164;3656.25;1;1;0;3654.0;3653.75
2022.09.30 15:51:12;1664553072164;3656.25;1;1;0;3654.0;3653.75
2022.09.30 15:51:12;1664553072164;3656.25;1;1;0;3654.0;3653.75
2022.09.30 15:51:12;1664553072164;3656.25;1;1;0;3654.0;3653.75
2022.09.30 15:51:12;1664553072164;3656.25;1;1;0;3654.0;3653.75
2022.09.30 15:51:12;1664553072164;3656.25;1;1;0;3654.0;3653.75
2022.09.30 15:51:12;1664553072164;3656.25;1;1;0;3654.0;3653.75
2022.09.30 15:51:12;1664553072164;3656.25;1;1;0;3654.0;3653.75
2022.09.30 15:51:12;1664553072164;3656.25;1;1;0;3654.0;3653.75
2022.09.30 15:51:12;1664553072164;3656.25;4;1;0;3654.0;3653.75
2022.09.30 15:51:12;1664553072164;3656.25;2;1;0;3654.0;3653.75
2022.09.30 15:51:12;1664553072164;3656.25;1;1;0;3654.0;3653.75
2022.09.30 15:51:12;1664553072212;3656.25;2;1;0;3654.0;3653.75
2022.09.30 15:51:12;1664553072268;3656.0;1;0;1;3654.0;3653.75
2022.09.30 15:51:12;1664553072268;3656.0;1;0;1;3654.0;3653.75
2022.09.30 15:51:12;1664553072268;3656.0;1;0;1;3654.0;3653.75
2022.09.30 15:51:12;1664553072268;3656.0;1;0;1;3654.0;3653.75
2022.09.30 15:51:12;1664553072268;3656.0;1;0;1;3654.0;3653.75
2022.09.30 15:51:12;1664553072269;3656.0;1;0;0;3654.0;3653.75
2022.09.30 15:51:12;1664553072297;3655.75;1;0;1;3654.0;3653.75
2022.09.30 15:51:12;1664553072297;3655.75;1;0;1;3654.0;3653.75
2022.09.30 15:51:12;1664553072297;3655.75;1;0;1;3654.0;3653.75
2022.09.30 15:51:12;1664553072480;3656.0;1;1;0;3654.0;3653.75
2022.09.30 15:51:12;1664553072590;3656.0;3;1;0;3654.0;3653.75
2022.09.30 15:51:12;1664553072590;3656.0;1;1;0;3654.0;3653.75
2022.09.30 15:51:12;1664553072590;3656.0;1;1;0;3654.0;3653.75
2022.09.30 15:51:12;1664553072591;3656.0;1;1;0;3654.0;3653.75
2022.09.30 15:51:12;1664553072591;3656.0;1;1;0;3654.0;3653.75
2022.09.30 15:51:12;1664553072591;3656.0;1;1;0;3654.0;3653.75
2022.09.30 15:51:12;1664553072591;3656.0;1;1;0;3654.0;3653.75
2022.09.30 15:51:12;1664553072591;3656.0;1;1;0;3654.0;3653.75
2022.09.30 15:51:12;1664553072591;3656.0;2;1;0;3654.0;3653.75
2022.09.30 15:51:12;1664553072591;3656.0;2;0;0;3654.0;3653.75
2022.09.30 15:51:12;1664553072754;3656.0;5;0;1;3654.0;3653.75
2022.09.30 15:51:12;1664553072786;3656.25;1;1;0;3654.0;3653.75
2022.09.30 15:51:12;1664553072975;3656.25;1;1;0;3654.0;3653.75
2022.09.30 15:51:12;1664553072975;3656.0;1;0;1;3654.0;3653.75
2022.09.30 15:51:13;1664553073076;3656.25;1;1;0;3654.0;3653.75
2022.09.30 15:51:13;1664553073511;3656.25;1;1;0;3654.0;3653.75
2022.09.30 15:51:13;1664553073562;3656.25;1;1;0;3654.0;3653.75
2022.09.30 15:51:13;1664553073562;3656.25;3;1;0;3654.0;3653.75
2022.09.30 15:51:13;1664553073562;3656.25;1;1;0;3654.0;3653.75
2022.09.30 15:51:13;1664553073562;3656.25;1;1;0;3654.0;3653.75
2022.09.30 15:51:13;1664553073562;3656.25;1;1;0;3654.0;3653.75
2022.09.30 15:51:13;1664553073562;3656.25;1;1;0;3654.0;3653.75
2022.09.30 15:51:13;1664553073562;3656.25;1;1;0;3654.0;3653.75
2022.09.30 15:51:13;1664553073563;3656.25;2;1;0;3654.0;3653.75
2022.09.30 15:51:13;1664553073726;3656.25;1;1;0;3654.0;3653.75
2022.09.30 15:51:13;1664553073726;3656.25;1;1;0;3654.0;3653.75
2022.09.30 15:51:13;1664553073726;3656.25;3;1;0;3654.0;3653.75
2022.09.30 15:51:13;1664553073726;3656.25;1;1;0;3654.0;3653.75
2022.09.30 15:51:13;1664553073726;3656.25;2;1;0;3654.0;3653.75
2022.09.30 15:51:13;1664553073727;3656.25;1;1;0;3654.0;3653.75
2022.09.30 15:51:13;1664553073727;3656.25;1;1;0;3654.0;3653.75
2022.09.30 15:51:13;1664553073774;3656.25;1;1;0;3654.0;3653.75
2022.09.30 15:51:13;1664553073776;3656.25;1;1;0;3654.0;3653.75
2022.09.30 15:51:13;1664553073776;3656.25;2;1;0;3654.0;3653.75
2022.09.30 15:51:13;1664553073776;3656.25;1;1;0;3654.0;3653.75
2022.09.30 15:51:13;1664553073777;3656.25;1;0;0;3654.0;3653.75
2022.09.30 15:51:13;1664553073789;3656.25;1;0;0;3654.0;3653.75
2022.09.30 15:51:13;1664553073790;3656.25;1;0;0;3654.0;3653.75
2022.09.30 15:51:13;1664553073826;3656.5;1;1;0;3654.0;3653.75
2022.09.30 15:51:13;1664553073826;3656.5;1;1;0;3654.0;3653.75
2022.09.30 15:51:13;1664553073826;3656.5;1;1;0;3654.0;3653.75
2022.09.30 15:51:13;1664553073826;3656.5;1;1;0;3654.0;3653.75
2022.09.30 15:51:13;1664553073826;3656.5;1;1;0;3654.0;3653.75
2022.09.30 15:51:13;1664553073845;3656.25;2;0;1;3654.0;3653.75
2022.09.30 15:51:13;1664553073845;3656.25;1;0;1;3654.0;3653.75
2022.09.30 15:51:13;1664553073845;3656.25;1;0;1;3654.0;3653.75
2022.09.30 15:51:13;1664553073846;3656.25;1;0;1;3654.0;3653.75
2022.09.30 15:51:13;1664553073846;3656.25;1;0;1;3654.0;3653.75
2022.09.30 15:51:13;1664553073846;3656.25;1;0;1;3654.0;3653.75
2022.09.30 15:51:13;1664553073846;3656.25;1;0;1;3654.0;3653.75
2022.09.30 15:51:13;1664553073846;3656.25;1;0;1;3654.0;3653.75
2022.09.30 15:51:13;1664553073846;3656.25;2;0;1;3654.0;3653.75
2022.09.30 15:51:13;1664553073846;3656.25;2;0;1;3654.0;3653.75
2022.09.30 15:51:13;1664553073846;3656.25;1;0;1;3654.0;3653.75
2022.09.30 15:51:13;1664553073846;3656.25;1;0;1;3654.0;3653.75
2022.09.30 15:51:14;1664553074115;3656.5;3;1;0;3654.0;3653.75
2022.09.30 15:51:14;1664553074115;3656.5;5;1;0;3654.0;3653.75
2022.09.30 15:51:14;1664553074115;3656.5;1;1;0;3654.0;3653.75
2022.09.30 15:51:14;1664553074115;3656.5;1;1;0;3654.0;3653.75
2022.09.30 15:51:14;1664553074115;3656.5;1;1;0;3654.0;3653.75
2022.09.30 15:51:14;1664553074116;3656.5;1;1;0;3654.0;3653.75
2022.09.30 15:51:14;1664553074116;3656.5;1;1;0;3654.0;3653.75
2022.09.30 15:51:14;1664553074116;3656.5;1;1;0;3654.0;3653.75
2022.09.30 15:51:14;1664553074116;3656.5;2;1;0;3654.0;3653.75
2022.09.30 15:51:14;1664553074116;3656.5;1;1;0;3654.0;3653.75
2022.09.30 15:51:14;1664553074116;3656.5;1;1;0;3654.0;3653.75
2022.09.30 15:51:14;1664553074116;3656.5;3;1;0;3654.0;3653.75
2022.09.30 15:51:14;1664553074116;3656.5;5;1;0;3654.0;3653.75
2022.09.30 15:51:14;1664553074116;3656.5;7;1;0;3654.0;3653.75
2022.09.30 15:51:14;1664553074116;3656.5;1;1;0;3654.0;3653.75
2022.09.30 15:51:14;1664553074117;3656.5;1;1;0;3654.0;3653.75
2022.09.30 15:51:14;1664553074117;3656.5;1;1;0;3654.0;3653.75
2022.09.30 15:51:14;1664553074117;3656.5;3;1;0;3654.0;3653.75
2022.09.30 15:51:14;1664553074117;3656.5;1;1;0;3654.0;3653.75
2022.09.30 15:51:14;1664553074117;3656.5;17;1;0;3654.0;3653.75
2022.09.30 15:51:14;1664553074117;3656.5;1;1;0;3654.0;3653.75
2022.09.30 15:51:14;1664553074117;3656.5;1;1;0;3654.0;3653.75
2022.09.30 15:51:14;1664553074117;3656.5;1;1;0;3654.0;3653.75
2022.09.30 15:51:14;1664553074118;3656.5;1;1;0;3654.0;3653.75
2022.09.30 15:51:14;1664553074118;3656.5;1;1;0;3654.0;3653.75
2022.09.30 15:51:14;1664553074125;3656.25;2;0;1;3654.0;3653.75
2022.09.30 15:51:14;1664553074125;3656.25;1;0;1;3654.0;3653.75
2022.09.30 15:51:14;1664553074125;3656.25;1;0;1;3654.0;3653.75
2022.09.30 15:51:14;1664553074125;3656.25;1;0;1;3654.0;3653.75
2022.09.30 15:51:14;1664553074126;3656.25;1;0;1;3654.0;3653.75
2022.09.30 15:51:14;1664553074126;3656.25;1;0;1;3654.0;3653.75
2022.09.30 15:51:14;1664553074126;3656.25;1;0;1;3654.0;3653.75
2022.09.30 15:51:14;1664553074126;3656.25;1;0;1;3654.0;3653.75
2022.09.30 15:51:14;1664553074126;3656.25;3;0;1;3654.0;3653.75
2022.09.30 15:51:14;1664553074126;3656.25;5;0;1;3654.0;3653.75
2022.09.30 15:51:14;1664553074126;3656.25;1;0;1;3654.0;3653.75
2022.09.30 15:51:14;1664553074126;3656.25;5;0;1;3654.0;3653.75
2022.09.30 15:51:14;1664553074126;3656.25;1;0;1;3654.0;3653.75
2022.09.30 15:51:14;1664553074126;3656.25;1;0;1;3654.0;3653.75
2022.09.30 15:51:14;1664553074126;3656.25;1;0;1;3654.0;3653.75
2022.09.30 15:51:14;1664553074126;3656.25;1;0;1;3654.0;3653.75
2022.09.30 15:51:14;1664553074127;3656.25;1;0;1;3654.0;3653.75
2022.09.30 15:51:14;1664553074127;3656.25;5;0;1;3654.0;3653.75
2022.09.30 15:51:14;1664553074127;3656.25;2;0;1;3654.0;3653.75
2022.09.30 15:51:14;1664553074127;3656.25;6;0;1;3654.0;3653.75
2022.09.30 15:51:14;1664553074127;3656.25;1;0;1;3654.0;3653.75
2022.09.30 15:51:14;1664553074128;3656.25;1;0;1;3654.0;3653.75
2022.09.30 15:51:14;1664553074128;3656.25;1;0;1;3654.0;3653.75
2022.09.30 15:51:14;1664553074128;3656.25;1;0;1;3654.0;3653.75
2022.09.30 15:51:14;1664553074128;3656.25;1;0;1;3654.0;3653.75
2022.09.30 15:51:14;1664553074128;3656.25;1;0;1;3654.0;3653.75
2022.09.30 15:51:14;1664553074128;3656.25;1;1;0;3654.0;3653.75
2022.09.30 15:51:14;1664553074128;3656.25;2;0;1;3654.0;3653.75
2022.09.30 15:51:14;1664553074128;3656.25;1;1;0;3654.0;3653.75
2022.09.30 15:51:14;1664553074128;3656.25;1;1;0;3654.0;3653.75
2022.09.30 15:51:14;1664553074128;3656.25;1;1;0;3654.0;3653.75
2022.09.30 15:51:14;1664553074128;3656.25;1;1;0;3654.0;3653.75
2022.09.30 15:51:14;1664553074128;3656.25;1;1;0;3654.0;3653.75
2022.09.30 15:51:14;1664553074128;3656.25;1;1;0;3654.0;3653.75
2022.09.30 15:51:14;1664553074128;3656.25;1;1;0;3654.0;3653.75
2022.09.30 15:51:14;1664553074131;3656.25;1;0;1;3654.0;3653.75
2022.09.30 15:51:14;1664553074132;3656.25;1;0;1;3654.0;3653.75
2022.09.30 15:51:14;1664553074132;3656.25;1;0;1;3654.0;3653.75
2022.09.30 15:51:14;1664553074132;3656.25;1;0;1;3654.0;3653.75
2022.09.30 15:51:14;1664553074132;3656.25;1;0;1;3654.0;3653.75
2022.09.30 15:51:14;1664553074132;3656.25;1;0;1;3654.0;3653.75
2022.09.30 15:51:14;1664553074132;3656.25;1;0;1;3654.0;3653.75
2022.09.30 15:51:14;1664553074132;3656.25;1;0;1;3654.0;3653.75
2022.09.30 15:51:14;1664553074132;3656.25;1;0;0;3654.0;3653.75
2022.09.30 15:51:14;1664553074135;3656.25;1;1;0;3654.0;3653.75
2022.09.30 15:51:14;1664553074141;3656.25;1;1;0;3654.0;3653.75
2022.09.30 15:51:14;1664553074141;3656.25;1;1;0;3654.0;3653.75
2022.09.30 15:51:14;1664553074141;3656.25;1;0;0;3654.0;3653.75
2022.09.30 15:51:14;1664553074141;3656.25;1;0;1;3654.0;3653.75
2022.09.30 15:51:14;1664553074142;3656.25;1;0;1;3654.0;3653.75
2022.09.30 15:51:14;1664553074142;3656.25;1;1;0;3654.0;3653.75
2022.09.30 15:51:14;1664553074142;3656.25;1;1;0;3654.0;3653.75
2022.09.30 15:51:14;1664553074142;3656.25;1;1;0;3654.0;3653.75
2022.09.30 15:51:14;1664553074142;3656.25;1;1;0;3654.0;3653.75
2022.09.30 15:51:14;1664553074142;3656.25;1;1;0;3654.0;3653.75
2022.09.30 15:51:14;1664553074143;3656.25;1;1;0;3654.0;3653.75
2022.09.30 15:51:14;1664553074143;3656.25;1;1;0;3654.0;3653.75
2022.09.30 15:51:14;1664553074143;3656.25;1;0;0;3654.0;3653.75
2022.09.30 15:51:14;1664553074151;3656.25;1;1;1;3654.0;3653.75
2022.09.30 15:51:14;1664553074151;3656.25;1;0;0;3654.0;3653.75
2022.09.30 15:51:14;1664553074157;3656.25;1;0;1;3654.0;3653.75
2022.09.30 15:51:14;1664553074157;3656.25;1;0;0;3654.0;3653.75
2022.09.30 15:51:14;1664553074228;3656.25;1;0;1;3654.0;3653.75
2022.09.30 15:51:14;1664553074228;3656.25;1;0;1;3654.0;3653.75
2022.09.30 15:51:14;1664553074228;3656.25;1;0;1;3654.0;3653.75
2022.09.30 15:51:14;1664553074228;3656.25;1;0;1;3654.0;3653.75
2022.09.30 15:51:14;1664553074228;3656.25;3;0;1;3654.0;3653.75
2022.09.30 15:51:14;1664553074228;3656.25;3;0;0;3654.0;3653.75
2022.09.30 15:51:14;1664553074228;3656.25;2;1;0;3654.0;3653.75
2022.09.30 15:51:14;1664553074228;3656.25;1;1;0;3654.0;3653.75
2022.09.30 15:51:14;1664553074228;3656.25;1;1;0;3654.0;3653.75
2022.09.30 15:51:14;1664553074228;3656.25;1;0;0;3654.0;3653.75
2022.09.30 15:51:14;1664553074297;3656.5;1;1;0;3654.0;3653.75
2022.09.30 15:51:14;1664553074324;3656.5;1;1;0;3654.0;3653.75
2022.09.30 15:51:14;1664553074335;3656.5;1;1;0;3654.0;3653.75
2022.09.30 15:51:14;1664553074343;3656.25;1;0;1;3654.0;3653.75
2022.09.30 15:51:14;1664553074343;3656.25;2;0;1;3654.0;3653.75
2022.09.30 15:51:14;1664553074343;3656.25;1;0;1;3654.0;3653.75
2022.09.30 15:51:14;1664553074343;3656.25;1;0;1;3654.0;3653.75
2022.09.30 15:51:14;1664553074343;3656.25;3;0;1;3654.0;3653.75
2022.09.30 15:51:14;1664553074343;3656.25;3;0;0;3654.0;3653.75
2022.09.30 15:51:14;1664553074378;3656.25;1;1;0;3654.0;3653.75
2022.09.30 15:51:14;1664553074378;3656.25;1;1;0;3654.0;3653.75
2022.09.30 15:51:14;1664553074386;3656.25;1;1;0;3654.0;3653.75
2022.09.30 15:51:14;1664553074386;3656.25;1;1;0;3654.0;3653.75
2022.09.30 15:51:14;1664553074386;3656.25;1;1;0;3654.0;3653.75
2022.09.30 15:51:14;1664553074386;3656.25;4;1;0;3654.0;3653.75
2022.09.30 15:51:14;1664553074387;3656.25;4;0;0;3654.0;3653.75
2022.09.30 15:51:14;1664553074387;3656.25;1;0;1;3654.0;3653.75
2022.09.30 15:51:14;1664553074747;3656.25;1;0;1;3654.0;3653.75
2022.09.30 15:51:14;1664553074747;3656.25;1;0;1;3654.0;3653.75
2022.09.30 15:51:14;1664553074747;3656.25;1;0;1;3654.0;3653.75
2022.09.30 15:51:14;1664553074747;3656.25;1;0;1;3654.0;3653.75
2022.09.30 15:51:14;1664553074747;3656.25;1;0;1;3654.0;3653.75
2022.09.30 15:51:14;1664553074747;3656.25;1;0;1;3654.0;3653.75
2022.09.30 15:51:14;1664553074747;3656.25;4;0;1;3654.0;3653.75
2022.09.30 15:51:14;1664553074747;3656.25;1;0;1;3654.0;3653.75
2022.09.30 15:51:14;1664553074747;3656.25;3;0;1;3654.0;3653.75
2022.09.30 15:51:14;1664553074748;3656.25;1;0;1;3654.0;3653.75
2022.09.30 15:51:14;1664553074748;3656.25;1;0;1;3654.0;3653.75
2022.09.30 15:51:14;1664553074748;3656.25;4;0;1;3654.0;3653.75
2022.09.30 15:51:14;1664553074748;3656.25;1;0;1;3654.0;3653.75
2022.09.30 15:51:14;1664553074748;3656.25;1;0;1;3654.0;3653.75
2022.09.30 15:51:14;1664553074748;3656.25;2;0;1;3654.0;3653.75
2022.09.30 15:51:14;1664553074748;3656.25;1;0;1;3654.0;3653.75
2022.09.30 15:51:14;1664553074748;3656.25;1;0;1;3654.0;3653.75
2022.09.30 15:51:14;1664553074748;3656.25;1;0;1;3654.0;3653.75
2022.09.30 15:51:14;1664553074748;3656.25;1;0;1;3654.0;3653.75
2022.09.30 15:51:14;1664553074748;3656.25;1;0;1;3654.0;3653.75
2022.09.30 15:51:14;1664553074748;3656.25;1;0;1;3654.0;3653.75
2022.09.30 15:51:14;1664553074748;3656.25;1;0;1;3654.0;3653.75
2022.09.30 15:51:14;1664553074748;3656.25;4;0;1;3654.0;3653.75
2022.09.30 15:51:14;1664553074748;3656.25;1;0;1;3654.0;3653.75
2022.09.30 15:51:14;1664553074748;3656.25;1;0;1;3654.0;3653.75
2022.09.30 15:51:14;1664553074748;3656.25;1;0;0;3654.0;3653.75
2022.09.30 15:51:14;1664553074760;3656.25;1;1;0;3654.0;3653.75
2022.09.30 15:51:14;1664553074776;3656.25;5;1;0;3654.0;3653.75
2022.09.30 15:51:14;1664553074776;3656.25;1;1;0;3654.0;3653.75
2022.09.30 15:51:14;1664553074776;3656.25;1;1;0;3654.0;3653.75
2022.09.30 15:51:14;1664553074776;3656.25;1;1;0;3654.0;3653.75
2022.09.30 15:51:14;1664553074776;3656.25;1;1;0;3654.0;3653.75
2022.09.30 15:51:14;1664553074998;3656.0;1;0;1;3654.0;3653.75
2022.09.30 15:51:15;1664553075534;3656.25;1;1;0;3654.0;3653.75
2022.09.30 15:51:15;1664553075844;3656.0;1;0;1;3654.0;3653.75
2022.09.30 15:51:15;1664553075844;3656.0;1;0;1;3654.0;3653.75
2022.09.30 15:51:15;1664553075844;3656.0;1;0;1;3654.0;3653.75
2022.09.30 15:51:15;1664553075844;3656.0;4;0;1;3654.0;3653.75
2022.09.30 15:51:15;1664553075860;3656.25;1;1;0;3654.0;3653.75
2022.09.30 15:51:15;1664553075861;3656.25;1;1;0;3654.0;3653.75
2022.09.30 15:51:15;1664553075861;3656.25;1;1;0;3654.0;3653.75
2022.09.30 15:51:15;1664553075861;3656.25;1;1;0;3654.0;3653.75
2022.09.30 15:51:15;1664553075861;3656.25;1;1;0;3654.0;3653.75
2022.09.30 15:51:15;1664553075861;3656.25;1;1;0;3654.0;3653.75
2022.09.30 15:51:15;1664553075861;3656.25;1;1;0;3654.0;3653.75
2022.09.30 15:51:15;1664553075861;3656.25;1;1;0;3654.0;3653.75
2022.09.30 15:51:15;1664553075861;3656.25;1;0;1;3654.0;3653.75
2022.09.30 15:51:15;1664553075861;3656.25;1;0;0;3654.0;3653.75
2022.09.30 15:51:15;1664553075863;3656.25;1;0;1;3654.0;3653.75
2022.09.30 15:51:15;1664553075863;3656.25;1;0;1;3654.0;3653.75
2022.09.30 15:51:15;1664553075863;3656.25;1;0;1;3654.0;3653.75
2022.09.30 15:51:15;1664553075864;3656.25;3;1;0;3654.0;3653.75
2022.09.30 15:51:15;1664553075864;3656.25;1;1;0;3654.0;3653.75
2022.09.30 15:51:15;1664553075864;3656.25;1;1;0;3654.0;3653.75
2022.09.30 15:51:15;1664553075864;3656.25;2;1;0;3654.0;3653.75
2022.09.30 15:51:15;1664553075864;3656.25;2;1;0;3654.0;3653.75
2022.09.30 15:51:15;1664553075864;3656.25;2;0;0;3654.0;3653.75
2022.09.30 15:51:15;1664553075864;3656.25;2;0;0;3654.0;3653.75
2022.09.30 15:51:15;1664553075954;3656.25;1;0;1;3654.0;3653.75
2022.09.30 15:51:16;1664553076108;3656.25;1;0;1;3654.0;3653.75
2022.09.30 15:51:16;1664553076108;3656.25;2;0;1;3654.0;3653.75
2022.09.30 15:51:16;1664553076108;3656.25;2;0;1;3654.0;3653.75
2022.09.30 15:51:16;1664553076108;3656.25;1;0;1;3654.0;3653.75
2022.09.30 15:51:16;1664553076108;3656.25;1;0;1;3654.0;3653.75
2022.09.30 15:51:16;1664553076108;3656.25;1;0;1;3654.0;3653.75
2022.09.30 15:51:16;1664553076108;3656.25;1;0;1;3654.0;3653.75
2022.09.30 15:51:16;1664553076108;3656.25;1;0;1;3654.0;3653.75
2022.09.30 15:51:16;1664553076108;3656.25;1;0;1;3654.0;3653.75
2022.09.30 15:51:16;1664553076108;3656.25;3;0;1;3654.0;3653.75
2022.09.30 15:51:16;1664553076108;3656.25;1;0;1;3654.0;3653.75
2022.09.30 15:51:16;1664553076108;3656.25;1;0;1;3654.0;3653.75
2022.09.30 15:51:16;1664553076108;3656.25;1;0;1;3654.0;3653.75
2022.09.30 15:51:16;1664553076108;3656.25;1;0;0;3654.0;3653.75
2022.09.30 15:51:16;1664553076126;3656.25;1;1;0;3654.0;3653.75
2022.09.30 15:51:16;1664553076126;3656.25;1;1;0;3654.0;3653.75
2022.09.30 15:51:16;1664553076126;3656.25;1;1;0;3654.0;3653.75
2022.09.30 15:51:16;1664553076126;3656.25;1;1;0;3654.0;3653.75
2022.09.30 15:51:16;1664553076126;3656.25;1;1;0;3654.0;3653.75
2022.09.30 15:51:16;1664553076126;3656.25;1;1;0;3654.0;3653.75
2022.09.30 15:51:16;1664553076126;3656.25;1;1;0;3654.0;3653.75
2022.09.30 15:51:16;1664553076126;3656.25;1;1;0;3654.0;3653.75
2022.09.30 15:51:16;1664553076126;3656.25;3;1;0;3654.0;3653.75
2022.09.30 15:51:16;1664553076126;3656.25;3;0;0;3654.0;3653.75
2022.09.30 15:51:16;1664553076137;3656.5;5;1;0;3654.0;3653.75
2022.09.30 15:51:16;1664553076205;3656.25;1;0;1;3654.0;3653.75
2022.09.30 15:51:16;1664553076205;3656.25;3;0;1;3654.0;3653.75
2022.09.30 15:51:16;1664553076205;3656.25;1;0;1;3654.0;3653.75
2022.09.30 15:51:16;1664553076205;3656.25;1;0;1;3654.0;3653.75
2022.09.30 15:51:16;1664553076205;3656.25;1;0;1;3654.0;3653.75
2022.09.30 15:51:16;1664553076205;3656.25;3;0;1;3654.0;3653.75
2022.09.30 15:51:16;1664553076205;3656.25;1;0;1;3654.0;3653.75
2022.09.30 15:51:16;1664553076205;3656.25;1;0;0;3654.0;3653.75
2022.09.30 15:51:16;1664553076241;3656.25;1;0;0;3654.0;3653.75
2022.09.30 15:51:16;1664553076378;3656.25;1;0;1;3654.0;3653.75
2022.09.30 15:51:16;1664553076379;3656.25;3;0;1;3654.0;3653.75
2022.09.30 15:51:16;1664553076379;3656.25;1;0;1;3654.0;3653.75
2022.09.30 15:51:16;1664553076379;3656.25;1;0;1;3654.0;3653.75
2022.09.30 15:51:16;1664553076379;3656.25;1;0;1;3654.0;3653.75
2022.09.30 15:51:16;1664553076379;3656.25;1;0;1;3654.0;3653.75
2022.09.30 15:51:16;1664553076379;3656.25;1;0;1;3654.0;3653.75
2022.09.30 15:51:16;1664553076379;3656.25;1;0;1;3654.0;3653.75
2022.09.30 15:51:16;1664553076379;3656.25;1;0;0;3654.0;3653.75
2022.09.30 15:51:16;1664553076724;3656.0;1;0;1;3654.0;3653.75
2022.09.30 15:51:16;1664553076970;3656.0;1;0;1;3654.0;3653.75
2022.09.30 15:51:16;1664553076970;3656.0;1;0;1;3654.0;3653.75
2022.09.30 15:51:16;1664553076970;3656.0;2;0;1;3654.0;3653.75
2022.09.30 15:51:16;1664553076970;3656.0;1;0;1;3654.0;3653.75
2022.09.30 15:51:16;1664553076970;3656.0;3;0;1;3654.0;3653.75
2022.09.30 15:51:17;1664553077121;3656.25;1;1;0;3654.0;3653.75
2022.09.30 15:51:17;1664553077198;3656.25;1;1;0;3654.0;3653.75
2022.09.30 15:51:17;1664553077198;3656.25;1;1;0;3654.0;3653.75
2022.09.30 15:51:17;1664553077198;3656.25;1;1;0;3654.0;3653.75
2022.09.30 15:51:17;1664553077198;3656.25;1;1;0;3654.0;3653.75
2022.09.30 15:51:17;1664553077198;3656.25;1;1;0;3654.0;3653.75
2022.09.30 15:51:17;1664553077198;3656.25;2;1;0;3654.0;3653.75
2022.09.30 15:51:17;1664553077199;3656.25;1;1;0;3654.0;3653.75
2022.09.30 15:51:17;1664553077199;3656.25;1;0;0;3654.0;3653.75
2022.09.30 15:51:17;1664553077199;3656.25;1;0;0;3654.0;3653.75
2022.09.30 15:51:17;1664553077216;3656.25;2;0;1;3654.0;3653.75
2022.09.30 15:51:17;1664553077216;3656.25;1;0;1;3654.0;3653.75
2022.09.30 15:51:17;1664553077216;3656.25;1;0;1;3654.0;3653.75
2022.09.30 15:51:17;1664553077216;3656.25;1;0;1;3654.0;3653.75
2022.09.30 15:51:17;1664553077216;3656.25;1;0;1;3654.0;3653.75
2022.09.30 15:51:17;1664553077216;3656.25;1;0;1;3654.0;3653.75
2022.09.30 15:51:17;1664553077216;3656.25;1;0;1;3654.0;3653.75
2022.09.30 15:51:17;1664553077216;3656.25;1;0;0;3654.0;3653.75
2022.09.30 15:51:17;1664553077252;3656.25;1;1;0;3654.0;3653.75
2022.09.30 15:51:17;1664553077290;3656.25;1;1;0;3654.0;3653.75
2022.09.30 15:51:17;1664553077290;3656.25;1;1;0;3654.0;3653.75
2022.09.30 15:51:17;1664553077290;3656.25;1;1;0;3654.0;3653.75
2022.09.30 15:51:17;1664553077290;3656.25;1;1;0;3654.0;3653.75
2022.09.30 15:51:17;1664553077290;3656.25;1;1;0;3654.0;3653.75
2022.09.30 15:51:17;1664553077290;3656.25;1;0;0;3654.0;3653.75
2022.09.30 15:51:17;1664553077347;3656.5;1;1;0;3654.0;3653.75
2022.09.30 15:51:17;1664553077347;3656.5;1;1;0;3654.0;3653.75
2022.09.30 15:51:17;1664553077385;3656.25;1;0;1;3654.0;3653.75
2022.09.30 15:51:17;1664553077385;3656.25;4;0;1;3654.0;3653.75
2022.09.30 15:51:17;1664553077385;3656.25;3;0;1;3654.0;3653.75
2022.09.30 15:51:17;1664553077385;3656.25;1;0;1;3654.0;3653.75
2022.09.30 15:51:17;1664553077386;3656.25;1;0;1;3654.0;3653.75
2022.09.30 15:51:17;1664553077386;3656.25;2;0;1;3654.0;3653.75
2022.09.30 15:51:17;1664553077386;3656.25;1;0;1;3654.0;3653.75
2022.09.30 15:51:17;1664553077386;3656.25;1;0;1;3654.0;3653.75
2022.09.30 15:51:17;1664553077386;3656.25;1;0;1;3654.0;3653.75
2022.09.30 15:51:17;1664553077386;3656.25;1;0;1;3654.0;3653.75
2022.09.30 15:51:17;1664553077386;3656.25;4;0;1;3654.0;3653.75
2022.09.30 15:51:17;1664553077386;3656.25;1;0;1;3654.0;3653.75
2022.09.30 15:51:17;1664553077386;3656.25;1;0;1;3654.0;3653.75
2022.09.30 15:51:17;1664553077386;3656.0;1;0;1;3654.0;3653.75
2022.09.30 15:51:17;1664553077386;3656.0;3;0;1;3654.0;3653.75
2022.09.30 15:51:17;1664553077386;3656.0;1;0;1;3654.0;3653.75
2022.09.30 15:51:17;1664553077386;3656.0;1;0;1;3654.0;3653.75
2022.09.30 15:51:17;1664553077386;3656.0;1;0;1;3654.0;3653.75
2022.09.30 15:51:17;1664553077386;3656.0;1;0;1;3654.0;3653.75
2022.09.30 15:51:17;1664553077387;3656.0;1;0;1;3654.0;3653.75
2022.09.30 15:51:17;1664553077387;3656.0;1;0;1;3654.0;3653.75
2022.09.30 15:51:17;1664553077387;3656.0;1;0;1;3654.0;3653.75
2022.09.30 15:51:17;1664553077387;3656.0;1;0;1;3654.0;3653.75
2022.09.30 15:51:17;1664553077387;3656.0;5;0;1;3654.0;3653.75
2022.09.30 15:51:17;1664553077387;3656.0;1;0;1;3654.0;3653.75
2022.09.30 15:51:17;1664553077387;3656.0;1;0;1;3654.0;3653.75
2022.09.30 15:51:17;1664553077387;3656.0;4;0;1;3654.0;3653.75
2022.09.30 15:51:17;1664553077387;3656.0;1;0;1;3654.0;3653.75
2022.09.30 15:51:17;1664553077387;3656.0;1;0;1;3654.0;3653.75
2022.09.30 15:51:17;1664553077387;3656.0;1;0;1;3654.0;3653.75
2022.09.30 15:51:17;1664553077387;3656.0;4;0;1;3654.0;3653.75
2022.09.30 15:51:17;1664553077387;3656.0;1;0;1;3654.0;3653.75
2022.09.30 15:51:17;1664553077387;3656.0;2;0;1;3654.0;3653.75
2022.09.30 15:51:17;1664553077388;3656.0;2;0;0;3654.0;3653.75
2022.09.30 15:51:17;1664553077392;3656.25;1;1;0;3654.0;3653.75
2022.09.30 15:51:17;1664553077392;3656.25;4;1;0;3654.0;3653.75
2022.09.30 15:51:17;1664553077392;3656.25;1;1;0;3654.0;3653.75
2022.09.30 15:51:17;1664553077392;3656.25;2;1;0;3654.0;3653.75
2022.09.30 15:51:17;1664553077392;3656.25;5;1;0;3654.0;3653.75
2022.09.30 15:51:17;1664553077392;3656.25;1;1;0;3654.0;3653.75
2022.09.30 15:51:17;1664553077392;3656.25;3;1;0;3654.0;3653.75
2022.09.30 15:51:17;1664553077392;3656.25;1;1;0;3654.0;3653.75
2022.09.30 15:51:17;1664553077392;3656.25;1;1;0;3654.0;3653.75
2022.09.30 15:51:17;1664553077393;3656.25;1;1;0;3654.0;3653.75
2022.09.30 15:51:17;1664553077393;3656.25;1;1;0;3654.0;3653.75
2022.09.30 15:51:17;1664553077393;3656.25;1;1;0;3654.0;3653.75
2022.09.30 15:51:17;1664553077393;3656.25;1;0;1;3654.0;3653.75
2022.09.30 15:51:17;1664553077393;3656.25;2;0;1;3654.0;3653.75
2022.09.30 15:51:17;1664553077393;3656.25;1;0;1;3654.0;3653.75
2022.09.30 15:51:17;1664553077393;3656.25;1;1;0;3654.0;3653.75
2022.09.30 15:51:17;1664553077537;3656.25;1;1;0;3654.0;3653.75
2022.09.30 15:51:17;1664553077537;3656.25;1;1;0;3654.0;3653.75
2022.09.30 15:51:17;1664553077537;3656.25;3;1;0;3654.0;3653.75
2022.09.30 15:51:17;1664553077537;3656.25;1;1;0;3654.0;3653.75
2022.09.30 15:51:17;1664553077537;3656.25;1;0;0;3654.0;3653.75
2022.09.30 15:51:17;1664553077658;3656.25;1;0;1;3654.0;3653.75
2022.09.30 15:51:17;1664553077658;3656.25;4;0;1;3654.0;3653.75
2022.09.30 15:51:17;1664553077658;3656.25;1;0;1;3654.0;3653.75
2022.09.30 15:51:17;1664553077658;3656.25;1;0;1;3654.0;3653.75
2022.09.30 15:51:17;1664553077658;3656.25;1;0;1;3654.0;3653.75
2022.09.30 15:51:17;1664553077658;3656.25;2;0;1;3654.0;3653.75
2022.09.30 15:51:17;1664553077658;3656.25;1;0;1;3654.0;3653.75
2022.09.30 15:51:17;1664553077658;3656.25;1;0;0;3654.0;3653.75
2022.09.30 15:51:17;1664553077810;3656.0;3;0;1;3654.0;3653.75
2022.09.30 15:51:17;1664553077810;3656.0;1;0;1;3654.0;3653.75
2022.09.30 15:51:17;1664553077811;3656.0;1;0;1;3654.0;3653.75
2022.09.30 15:51:17;1664553077811;3656.0;1;0;1;3654.0;3653.75
2022.09.30 15:51:17;1664553077811;3656.0;1;0;1;3654.0;3653.75
2022.09.30 15:51:17;1664553077811;3656.0;5;0;1;3654.0;3653.75
2022.09.30 15:51:17;1664553077811;3656.0;1;0;1;3654.0;3653.75
2022.09.30 15:51:17;1664553077811;3656.0;1;0;1;3654.0;3653.75
2022.09.30 15:51:17;1664553077812;3656.0;1;0;1;3654.0;3653.75
2022.09.30 15:51:17;1664553077812;3656.0;1;0;1;3654.0;3653.75
2022.09.30 15:51:17;1664553077812;3656.0;1;0;1;3654.0;3653.75
2022.09.30 15:51:17;1664553077812;3656.0;1;0;1;3654.0;3653.75
2022.09.30 15:51:17;1664553077812;3656.0;1;0;1;3654.0;3653.75
2022.09.30 15:51:17;1664553077812;3656.0;1;0;1;3654.0;3653.75
2022.09.30 15:51:17;1664553077812;3656.0;4;0;1;3654.0;3653.75
2022.09.30 15:51:17;1664553077812;3656.0;1;0;1;3654.0;3653.75
2022.09.30 15:51:17;1664553077812;3656.0;1;0;1;3654.0;3653.75
2022.09.30 15:51:17;1664553077812;3656.0;1;0;1;3654.0;3653.75
2022.09.30 15:51:17;1664553077815;3656.0;1;0;1;3654.0;3653.75
2022.09.30 15:51:17;1664553077815;3656.0;1;0;1;3654.0;3653.75
2022.09.30 15:51:17;1664553077815;3656.0;4;0;1;3654.0;3653.75
2022.09.30 15:51:17;1664553077815;3656.0;1;0;1;3654.0;3653.75
2022.09.30 15:51:17;1664553077815;3656.0;1;0;1;3654.0;3653.75
2022.09.30 15:51:17;1664553077815;3656.0;2;0;1;3654.0;3653.75
2022.09.30 15:51:17;1664553077815;3656.0;1;0;1;3654.0;3653.75
2022.09.30 15:51:17;1664553077815;3656.0;1;0;1;3654.0;3653.75
2022.09.30 15:51:17;1664553077816;3656.0;1;0;1;3654.0;3653.75
2022.09.30 15:51:17;1664553077816;3656.0;1;0;0;3654.0;3653.75
2022.09.30 15:51:17;1664553077828;3656.0;1;1;0;3654.0;3653.75
2022.09.30 15:51:17;1664553077829;3656.0;1;1;0;3654.0;3653.75
2022.09.30 15:51:17;1664553077829;3656.0;1;1;0;3654.0;3653.75
2022.09.30 15:51:17;1664553077829;3656.0;1;1;0;3654.0;3653.75
2022.09.30 15:51:17;1664553077829;3656.0;1;1;0;3654.0;3653.75
2022.09.30 15:51:17;1664553077829;3656.0;1;1;0;3654.0;3653.75
2022.09.30 15:51:17;1664553077829;3656.0;1;1;0;3654.0;3653.75
2022.09.30 15:51:17;1664553077829;3656.0;1;0;0;3654.0;3653.75
2022.09.30 15:51:17;1664553077839;3656.0;1;0;1;3654.0;3653.75
2022.09.30 15:51:17;1664553077839;3656.0;1;0;1;3654.0;3653.75
2022.09.30 15:51:17;1664553077839;3656.0;1;0;0;3654.0;3653.75
2022.09.30 15:51:17;1664553077868;3655.75;1;0;1;3654.0;3653.75
2022.09.30 15:51:17;1664553077926;3655.75;1;0;1;3654.0;3653.75
2022.09.30 15:51:17;1664553077926;3655.75;1;0;1;3654.0;3653.75
2022.09.30 15:51:17;1664553077926;3655.75;1;0;1;3654.0;3653.75
2022.09.30 15:51:17;1664553077926;3655.75;1;0;1;3654.0;3653.75
2022.09.30 15:51:17;1664553077926;3655.75;1;0;1;3654.0;3653.75
2022.09.30 15:51:17;1664553077926;3655.75;1;0;1;3654.0;3653.75
2022.09.30 15:51:17;1664553077926;3655.75;1;0;1;3654.0;3653.75
2022.09.30 15:51:17;1664553077926;3655.75;1;0;1;3654.0;3653.75
2022.09.30 15:51:17;1664553077926;3655.75;1;0;1;3654.0;3653.75
2022.09.30 15:51:17;1664553077926;3655.75;2;0;1;3654.0;3653.75
2022.09.30 15:51:17;1664553077926;3655.75;1;1;0;3654.0;3653.75
2022.09.30 15:51:17;1664553077927;3655.75;2;1;0;3654.0;3653.75
2022.09.30 15:51:17;1664553077927;3655.75;1;1;0;3654.0;3653.75
2022.09.30 15:51:17;1664553077927;3655.75;1;0;0;3654.0;3653.75
2022.09.30 15:51:17;1664553077927;3655.75;1;1;1;3654.0;3653.75
2022.09.30 15:51:17;1664553077928;3655.75;1;0;0;3654.0;3653.75
2022.09.30 15:51:17;1664553077930;3655.75;1;0;1;3654.0;3653.75
2022.09.30 15:51:17;1664553077990;3656.0;1;1;0;3654.0;3653.75
2022.09.30 15:51:18;1664553078259;3656.0;3;1;0;3654.0;3653.75
2022.09.30 15:51:18;1664553078270;3655.75;2;0;1;3654.0;3653.75
2022.09.30 15:51:18;1664553078538;3655.75;1;0;1;3654.0;3653.75
2022.09.30 15:51:18;1664553078701;3655.75;1;0;1;3654.0;3653.75
2022.09.30 15:51:18;1664553078702;3655.75;1;0;1;3654.0;3653.75
2022.09.30 15:51:18;1664553078702;3655.75;4;0;1;3654.0;3653.75
2022.09.30 15:51:18;1664553078797;3655.75;1;0;1;3654.0;3653.75
2022.09.30 15:51:18;1664553078797;3655.75;1;0;1;3654.0;3653.75
2022.09.30 15:51:18;1664553078797;3655.75;1;0;1;3654.0;3653.75
2022.09.30 15:51:18;1664553078797;3655.75;1;0;1;3654.0;3653.75
2022.09.30 15:51:18;1664553078797;3655.75;1;0;1;3654.0;3653.75
2022.09.30 15:51:18;1664553078797;3655.75;1;0;1;3654.0;3653.75
2022.09.30 15:51:18;1664553078797;3655.75;2;0;1;3654.0;3653.75
2022.09.30 15:51:18;1664553078797;3655.75;1;1;0;3654.0;3653.75
2022.09.30 15:51:18;1664553078797;3655.75;2;0;1;3654.0;3653.75
2022.09.30 15:51:18;1664553078797;3655.75;2;0;1;3654.0;3653.75
2022.09.30 15:51:18;1664553078797;3655.75;1;0;1;3654.0;3653.75
2022.09.30 15:51:18;1664553078999;3655.75;4;0;1;3654.0;3653.75
2022.09.30 15:51:18;1664553078999;3655.75;1;0;1;3654.0;3653.75
2022.09.30 15:51:18;1664553078999;3655.75;1;0;1;3654.0;3653.75
2022.09.30 15:51:18;1664553078999;3655.75;1;0;1;3654.0;3653.75
2022.09.30 15:51:19;1664553079000;3655.75;1;0;1;3654.0;3653.75
2022.09.30 15:51:19;1664553079000;3655.75;5;1;0;3654.0;3653.75
2022.09.30 15:51:19;1664553079000;3655.75;1;1;0;3654.0;3653.75
2022.09.30 15:51:19;1664553079000;3655.75;1;1;0;3654.0;3653.75
2022.09.30 15:51:19;1664553079000;3655.75;2;1;0;3654.0;3653.75
2022.09.30 15:51:19;1664553079000;3655.75;6;1;0;3654.0;3653.75
2022.09.30 15:51:19;1664553079000;3655.75;4;1;0;3654.0;3653.75
2022.09.30 15:51:19;1664553079000;3655.75;1;0;1;3654.0;3653.75
2022.09.30 15:51:19;1664553079000;3655.75;1;0;0;3654.0;3653.75
2022.09.30 15:51:19;1664553079000;3655.75;1;1;0;3654.0;3653.75
2022.09.30 15:51:19;1664553079000;3655.75;1;0;0;3654.0;3653.75
2022.09.30 15:51:19;1664553079002;3655.75;1;0;1;3654.0;3653.75
2022.09.30 15:51:19;1664553079129;3655.75;1;0;1;3654.0;3653.75
2022.09.30 15:51:19;1664553079211;3656.0;1;1;0;3654.0;3653.75
2022.09.30 15:51:19;1664553079211;3656.0;1;1;0;3654.0;3653.75
2022.09.30 15:51:19;1664553079211;3656.0;1;1;0;3654.0;3653.75
2022.09.30 15:51:19;1664553079211;3656.0;1;1;0;3654.0;3653.75
2022.09.30 15:51:19;1664553079211;3656.0;1;1;0;3654.0;3653.75
2022.09.30 15:51:19;1664553079211;3656.0;1;0;1;3654.0;3653.75
2022.09.30 15:51:19;1664553079211;3656.0;1;1;0;3654.0;3653.75
2022.09.30 15:51:19;1664553079211;3656.0;1;0;0;3654.0;3653.75
2022.09.30 15:51:19;1664553079211;3656.0;1;0;0;3654.0;3653.75
2022.09.30 15:51:19;1664553079211;3656.0;1;1;0;3654.0;3653.75
2022.09.30 15:51:19;1664553079211;3656.0;1;1;0;3654.0;3653.75
2022.09.30 15:51:19;1664553079214;3656.0;1;1;0;3654.0;3653.75
2022.09.30 15:51:19;1664553079214;3656.0;2;1;0;3654.0;3653.75
2022.09.30 15:51:19;1664553079214;3656.0;1;1;0;3654.0;3653.75
2022.09.30 15:51:19;1664553079214;3656.0;1;1;0;3654.0;3653.75
2022.09.30 15:51:19;1664553079214;3656.0;1;1;0;3654.0;3653.75
2022.09.30 15:51:19;1664553079214;3656.0;1;1;0;3654.0;3653.75
2022.09.30 15:51:19;1664553079215;3656.0;1;1;0;3654.0;3653.75
2022.09.30 15:51:19;1664553079215;3656.0;1;0;0;3654.0;3653.75
2022.09.30 15:51:19;1664553079225;3656.0;1;0;1;3654.0;3653.75
2022.09.30 15:51:19;1664553079225;3656.0;1;0;0;3654.0;3653.75
2022.09.30 15:51:19;1664553079225;3656.0;1;0;0;3654.0;3653.75
2022.09.30 15:51:19;1664553079230;3656.0;1;1;0;3654.0;3653.75
2022.09.30 15:51:19;1664553079230;3656.0;1;0;0;3654.0;3653.75
2022.09.30 15:51:19;1664553079254;3656.0;1;0;0;3654.0;3653.75
2022.09.30 15:51:19;1664553079437;3655.75;1;0;1;3654.0;3653.75
2022.09.30 15:51:19;1664553079437;3655.75;1;0;1;3654.0;3653.75
2022.09.30 15:51:19;1664553079437;3655.75;1;0;1;3654.0;3653.75
2022.09.30 15:51:19;1664553079437;3655.75;1;0;1;3654.0;3653.75
2022.09.30 15:51:19;1664553079437;3655.75;1;0;1;3654.0;3653.75
2022.09.30 15:51:19;1664553079437;3655.75;1;0;1;3654.0;3653.75
2022.09.30 15:51:19;1664553079437;3655.75;1;0;0;3654.0;3653.75
2022.09.30 15:51:19;1664553079439;3655.75;1;0;0;3654.0;3653.75
2022.09.30 15:51:19;1664553079443;3655.75;1;1;0;3654.0;3653.75
2022.09.30 15:51:19;1664553079444;3655.75;1;0;0;3654.0;3653.75
2022.09.30 15:51:19;1664553079528;3655.75;1;0;0;3654.0;3653.75
2022.09.30 15:51:19;1664553079549;3655.5;1;0;1;3654.0;3653.75
2022.09.30 15:51:19;1664553079549;3655.5;1;0;1;3654.0;3653.75
2022.09.30 15:51:19;1664553079549;3655.5;1;0;1;3654.0;3653.75
2022.09.30 15:51:19;1664553079549;3655.5;1;0;1;3654.0;3653.75
2022.09.30 15:51:19;1664553079549;3655.5;3;0;1;3654.0;3653.75
2022.09.30 15:51:20;1664553080121;3655.5;1;0;1;3654.0;3653.75
2022.09.30 15:51:20;1664553080121;3655.5;1;0;1;3654.0;3653.75
2022.09.30 15:51:20;1664553080121;3655.5;1;0;1;3654.0;3653.75
2022.09.30 15:51:20;1664553080121;3655.5;1;0;1;3654.0;3653.75
2022.09.30 15:51:20;1664553080121;3655.5;1;0;1;3654.0;3653.75
2022.09.30 15:51:20;1664553080121;3655.5;1;0;1;3654.0;3653.75
2022.09.30 15:51:20;1664553080121;3655.5;2;0;1;3654.0;3653.75
2022.09.30 15:51:20;1664553080122;3655.5;8;0;1;3654.0;3653.75
2022.09.30 15:51:20;1664553080122;3655.5;4;0;1;3654.0;3653.75
2022.09.30 15:51:20;1664553080123;3655.5;8;0;1;3654.0;3653.75
2022.09.30 15:51:20;1664553080124;3655.5;8;0;0;3654.0;3653.75
2022.09.30 15:51:20;1664553080275;3655.25;1;0;1;3654.0;3653.75
2022.09.30 15:51:20;1664553080275;3655.25;1;0;1;3654.0;3653.75
2022.09.30 15:51:20;1664553080368;3655.5;1;1;0;3654.0;3653.75
2022.09.30 15:51:20;1664553080368;3655.5;1;1;0;3654.0;3653.75
2022.09.30 15:51:20;1664553080368;3655.5;1;1;0;3654.0;3653.75
2022.09.30 15:51:20;1664553080368;3655.5;1;1;0;3654.0;3653.75
2022.09.30 15:51:20;1664553080368;3655.5;1;1;0;3654.0;3653.75
2022.09.30 15:51:20;1664553080368;3655.5;1;1;0;3654.0;3653.75
2022.09.30 15:51:20;1664553080369;3655.5;2;1;0;3654.0;3653.75
2022.09.30 15:51:20;1664553080369;3655.5;1;1;0;3654.0;3653.75
2022.09.30 15:51:20;1664553080369;3655.5;1;1;0;3654.0;3653.75
2022.09.30 15:51:20;1664553080369;3655.5;1;0;0;3654.0;3653.75
2022.09.30 15:51:20;1664553080370;3655.5;1;0;0;3654.0;3653.75
2022.09.30 15:51:20;1664553080370;3655.5;4;0;1;3654.0;3653.75
2022.09.30 15:51:20;1664553080370;3655.5;4;0;0;3654.0;3653.75
2022.09.30 15:51:20;1664553080371;3655.5;4;0;0;3654.0;3653.75
2022.09.30 15:51:20;1664553080794;3655.25;1;0;1;3654.0;3653.75
2022.09.30 15:51:20;1664553080794;3655.25;1;0;1;3654.0;3653.75
2022.09.30 15:51:20;1664553080795;3655.25;1;0;1;3654.0;3653.75
2022.09.30 15:51:20;1664553080795;3655.25;1;0;1;3654.0;3653.75
2022.09.30 15:51:20;1664553080795;3655.25;1;0;1;3654.0;3653.75
2022.09.30 15:51:20;1664553080795;3655.25;2;0;1;3654.0;3653.75
2022.09.30 15:51:20;1664553080795;3655.25;1;0;1;3654.0;3653.75
2022.09.30 15:51:20;1664553080795;3655.25;1;0;1;3654.0;3653.75
2022.09.30 15:51:20;1664553080795;3655.25;1;0;1;3654.0;3653.75
2022.09.30 15:51:20;1664553080795;3655.25;1;0;1;3654.0;3653.75
2022.09.30 15:51:20;1664553080795;3655.25;1;0;1;3654.0;3653.75
2022.09.30 15:51:20;1664553080795;3655.25;1;0;1;3654.0;3653.75
2022.09.30 15:51:20;1664553080795;3655.25;1;0;1;3654.0;3653.75
2022.09.30 15:51:20;1664553080796;3655.25;12;0;1;3654.0;3653.75
2022.09.30 15:51:20;1664553080796;3655.25;1;0;1;3654.0;3653.75
2022.09.30 15:51:20;1664553080796;3655.25;20;0;1;3654.0;3653.75
2022.09.30 15:51:20;1664553080796;3655.25;1;0;1;3654.0;3653.75
2022.09.30 15:51:20;1664553080796;3655.25;1;0;1;3654.0;3653.75
2022.09.30 15:51:20;1664553080796;3655.25;1;0;1;3654.0;3653.75
2022.09.30 15:51:20;1664553080796;3655.25;1;0;1;3654.0;3653.75
2022.09.30 15:51:20;1664553080796;3655.25;1;0;1;3654.0;3653.75
2022.09.30 15:51:20;1664553080796;3655.25;1;0;1;3654.0;3653.75
2022.09.30 15:51:20;1664553080796;3655.25;1;0;1;3654.0;3653.75
2022.09.30 15:51:20;1664553080796;3655.25;4;0;1;3654.0;3653.75
2022.09.30 15:51:20;1664553080796;3655.25;4;0;1;3654.0;3653.75
2022.09.30 15:51:20;1664553080796;3655.25;1;0;1;3654.0;3653.75
2022.09.30 15:51:20;1664553080796;3655.25;1;0;1;3654.0;3653.75
2022.09.30 15:51:20;1664553080796;3655.25;1;0;1;3654.0;3653.75
2022.09.30 15:51:20;1664553080796;3655.25;4;0;1;3654.0;3653.75
2022.09.30 15:51:20;1664553080797;3655.25;1;0;1;3654.0;3653.75
2022.09.30 15:51:20;1664553080797;3655.25;1;0;1;3654.0;3653.75
2022.09.30 15:51:20;1664553080797;3655.25;1;0;0;3654.0;3653.75
2022.09.30 15:51:20;1664553080957;3655.25;1;1;0;3654.0;3653.75
2022.09.30 15:51:20;1664553080989;3655.0;1;0;1;3654.0;3653.75
2022.09.30 15:51:20;1664553080989;3655.0;1;0;1;3654.0;3653.75
2022.09.30 15:51:20;1664553080990;3655.0;1;0;1;3654.0;3653.75
2022.09.30 15:51:20;1664553080990;3655.0;7;0;1;3654.0;3653.75
2022.09.30 15:51:20;1664553080990;3655.0;1;0;1;3654.0;3653.75
2022.09.30 15:51:20;1664553080990;3655.0;1;0;1;3654.0;3653.75
2022.09.30 15:51:20;1664553080990;3655.0;1;0;1;3654.0;3653.75
2022.09.30 15:51:20;1664553080990;3655.0;2;0;1;3654.0;3653.75
2022.09.30 15:51:20;1664553080990;3655.0;10;0;1;3654.0;3653.75
2022.09.30 15:51:20;1664553080990;3655.0;1;0;1;3654.0;3653.75
2022.09.30 15:51:20;1664553080990;3655.0;1;0;1;3654.0;3653.75
2022.09.30 15:51:20;1664553080990;3655.0;1;0;1;3654.0;3653.75
2022.09.30 15:51:20;1664553080990;3655.0;1;0;1;3654.0;3653.75
2022.09.30 15:51:20;1664553080990;3655.0;1;0;1;3654.0;3653.75
2022.09.30 15:51:20;1664553080990;3655.0;1;0;1;3654.0;3653.75
2022.09.30 15:51:21;1664553081020;3655.25;1;1;0;3654.0;3653.75
2022.09.30 15:51:21;1664553081095;3655.0;1;0;1;3654.0;3653.75
2022.09.30 15:51:21;1664553081111;3655.0;1;0;1;3654.0;3653.75
2022.09.30 15:51:21;1664553081111;3655.0;1;0;1;3654.0;3653.75
2022.09.30 15:51:21;1664553081111;3655.0;1;0;1;3654.0;3653.75
2022.09.30 15:51:21;1664553081111;3655.0;1;0;1;3654.0;3653.75
2022.09.30 15:51:21;1664553081111;3655.0;1;0;1;3654.0;3653.75
2022.09.30 15:51:21;1664553081111;3655.0;2;0;1;3654.0;3653.75
2022.09.30 15:51:21;1664553081143;3655.0;1;0;1;3654.0;3653.75
2022.09.30 15:51:21;1664553081143;3655.0;1;0;1;3654.0;3653.75
2022.09.30 15:51:21;1664553081143;3655.0;1;0;1;3654.0;3653.75
2022.09.30 15:51:21;1664553081143;3655.0;1;0;1;3654.0;3653.75
2022.09.30 15:51:21;1664553081143;3655.0;1;0;1;3654.0;3653.75
2022.09.30 15:51:21;1664553081143;3655.0;1;0;1;3654.0;3653.75
2022.09.30 15:51:21;1664553081143;3655.0;1;0;1;3654.0;3653.75
2022.09.30 15:51:21;1664553081143;3655.0;1;0;1;3654.0;3653.75
2022.09.30 15:51:21;1664553081143;3655.0;1;0;1;3654.0;3653.75
2022.09.30 15:51:21;1664553081143;3655.0;12;0;1;3654.0;3653.75
2022.09.30 15:51:21;1664553081143;3655.0;1;0;1;3654.0;3653.75
2022.09.30 15:51:21;1664553081143;3655.0;2;0;1;3654.0;3653.75
2022.09.30 15:51:21;1664553081155;3655.0;1;0;1;3654.0;3653.75
2022.09.30 15:51:21;1664553081155;3655.0;1;0;1;3654.0;3653.75
2022.09.30 15:51:21;1664553081155;3655.0;4;0;1;3654.0;3653.75
2022.09.30 15:51:21;1664553081279;3655.0;1;0;1;3654.0;3653.75
2022.09.30 15:51:21;1664553081280;3655.0;1;0;1;3654.0;3653.75
2022.09.30 15:51:21;1664553081280;3655.0;1;0;1;3654.0;3653.75
2022.09.30 15:51:21;1664553081280;3655.0;1;0;1;3654.0;3653.75
2022.09.30 15:51:21;1664553081280;3655.0;1;0;1;3654.0;3653.75
2022.09.30 15:51:21;1664553081280;3655.0;5;0;1;3654.0;3653.75
2022.09.30 15:51:21;1664553081280;3654.75;1;0;1;3654.0;3653.75
2022.09.30 15:51:21;1664553081280;3654.75;2;0;1;3654.0;3653.75
2022.09.30 15:51:21;1664553081280;3654.75;3;0;1;3654.0;3653.75
2022.09.30 15:51:21;1664553081280;3654.75;1;0;1;3654.0;3653.75
2022.09.30 15:51:21;1664553081280;3654.75;1;0;1;3654.0;3653.75
2022.09.30 15:51:21;1664553081280;3654.75;1;0;1;3654.0;3653.75
2022.09.30 15:51:21;1664553081281;3654.75;1;0;1;3654.0;3653.75
2022.09.30 15:51:21;1664553081281;3654.75;1;0;1;3654.0;3653.75
2022.09.30 15:51:21;1664553081281;3654.75;1;0;1;3654.0;3653.75
2022.09.30 15:51:21;1664553081281;3654.75;2;0;1;3654.0;3653.75
2022.09.30 15:51:21;1664553081281;3654.75;1;0;1;3654.0;3653.75
2022.09.30 15:51:21;1664553081281;3654.75;1;0;1;3654.0;3653.75
2022.09.30 15:51:21;1664553081281;3654.75;1;0;1;3654.0;3653.75
2022.09.30 15:51:21;1664553081281;3654.75;1;0;1;3654.0;3653.75
2022.09.30 15:51:21;1664553081281;3654.75;1;0;1;3654.0;3653.75
2022.09.30 15:51:21;1664553081281;3654.75;1;0;1;3654.0;3653.75
2022.09.30 15:51:21;1664553081281;3654.75;1;0;0;3654.0;3653.75
2022.09.30 15:51:21;1664553081282;3654.75;1;0;1;3654.0;3653.75
2022.09.30 15:51:21;1664553081282;3654.75;1;0;1;3654.0;3653.75
2022.09.30 15:51:21;1664553081282;3654.75;1;0;1;3654.0;3653.75
2022.09.30 15:51:21;1664553081282;3654.75;4;0;1;3654.0;3653.75
2022.09.30 15:51:21;1664553081282;3654.75;1;0;1;3654.0;3653.75
2022.09.30 15:51:21;1664553081282;3654.75;1;0;1;3654.0;3653.75
2022.09.30 15:51:21;1664553081282;3654.75;1;0;1;3654.0;3653.75
2022.09.30 15:51:21;1664553081282;3654.75;1;0;1;3654.0;3653.75
2022.09.30 15:51:21;1664553081282;3654.75;1;0;1;3654.0;3653.75
2022.09.30 15:51:21;1664553081282;3654.75;1;0;1;3654.0;3653.75
2022.09.30 15:51:21;1664553081282;3654.75;1;0;1;3654.0;3653.75
2022.09.30 15:51:21;1664553081282;3654.75;2;0;1;3654.0;3653.75
2022.09.30 15:51:21;1664553081282;3654.75;1;0;1;3654.0;3653.75
2022.09.30 15:51:21;1664553081282;3654.75;1;0;1;3654.0;3653.75
2022.09.30 15:51:21;1664553081283;3654.75;5;0;1;3654.0;3653.75
2022.09.30 15:51:21;1664553081283;3654.75;1;0;1;3654.0;3653.75
2022.09.30 15:51:21;1664553081283;3654.75;2;0;1;3654.0;3653.75
2022.09.30 15:51:21;1664553081283;3654.75;1;0;1;3654.0;3653.75
2022.09.30 15:51:21;1664553081283;3654.75;1;0;1;3654.0;3653.75
2022.09.30 15:51:21;1664553081283;3654.75;1;0;1;3654.0;3653.75
2022.09.30 15:51:21;1664553081283;3654.75;1;0;1;3654.0;3653.75
2022.09.30 15:51:21;1664553081283;3654.75;1;0;1;3654.0;3653.75
2022.09.30 15:51:21;1664553081283;3654.75;2;0;1;3654.0;3653.75
2022.09.30 15:51:21;1664553081283;3654.75;1;0;1;3654.0;3653.75
2022.09.30 15:51:21;1664553081283;3654.75;2;0;1;3654.0;3653.75
2022.09.30 15:51:21;1664553081283;3654.75;1;0;1;3654.0;3653.75
2022.09.30 15:51:21;1664553081283;3654.75;4;0;1;3654.0;3653.75
2022.09.30 15:51:21;1664553081283;3654.5;1;0;1;3654.0;3653.75
2022.09.30 15:51:21;1664553081283;3654.5;1;0;1;3654.0;3653.75
2022.09.30 15:51:21;1664553081283;3654.5;5;0;1;3654.0;3653.75
2022.09.30 15:51:21;1664553081283;3654.5;1;0;1;3654.0;3653.75
2022.09.30 15:51:21;1664553081283;3654.5;1;0;1;3654.0;3653.75
2022.09.30 15:51:21;1664553081283;3654.5;1;0;1;3654.0;3653.75
2022.09.30 15:51:21;1664553081283;3654.5;1;0;1;3654.0;3653.75
2022.09.30 15:51:21;1664553081283;3654.5;1;0;1;3654.0;3653.75
2022.09.30 15:51:21;1664553081283;3654.5;1;0;1;3654.0;3653.75
2022.09.30 15:51:21;1664553081283;3654.5;1;0;1;3654.0;3653.75
2022.09.30 15:51:21;1664553081283;3654.5;1;0;1;3654.0;3653.75
2022.09.30 15:51:21;1664553081283;3654.5;1;0;1;3654.0;3653.75
2022.09.30 15:51:21;1664553081283;3654.5;1;0;1;3654.0;3653.75
2022.09.30 15:51:21;1664553081283;3654.5;1;0;1;3654.0;3653.75
2022.09.30 15:51:21;1664553081283;3654.5;1;0;1;3654.0;3653.75
2022.09.30 15:51:21;1664553081283;3654.5;1;0;1;3654.0;3653.75
2022.09.30 15:51:21;1664553081283;3654.75;1;0;1;3654.0;3653.75
2022.09.30 15:51:21;1664553081283;3654.75;3;0;1;3654.0;3653.75
2022.09.30 15:51:21;1664553081283;3654.5;1;0;1;3654.0;3653.75
2022.09.30 15:51:21;1664553081283;3654.5;1;0;1;3654.0;3653.75
2022.09.30 15:51:21;1664553081283;3654.5;1;0;1;3654.0;3653.75
2022.09.30 15:51:21;1664553081283;3654.5;4;0;1;3654.0;3653.75
2022.09.30 15:51:21;1664553081283;3654.5;1;0;1;3654.0;3653.75
2022.09.30 15:51:21;1664553081283;3654.5;1;0;1;3654.0;3653.75
2022.09.30 15:51:21;1664553081283;3654.5;1;0;1;3654.0;3653.75
2022.09.30 15:51:21;1664553081283;3654.5;1;0;1;3654.0;3653.75
2022.09.30 15:51:21;1664553081283;3654.5;1;0;1;3654.0;3653.75
2022.09.30 15:51:21;1664553081283;3654.5;1;0;1;3654.0;3653.75
2022.09.30 15:51:21;1664553081283;3654.5;1;0;1;3654.0;3653.75
2022.09.30 15:51:21;1664553081283;3654.5;1;0;1;3654.0;3653.75
2022.09.30 15:51:21;1664553081283;3654.5;1;0;1;3654.0;3653.75
2022.09.30 15:51:21;1664553081283;3654.5;1;0;1;3654.0;3653.75
2022.09.30 15:51:21;1664553081283;3654.5;1;0;1;3654.0;3653.75
2022.09.30 15:51:21;1664553081283;3654.5;1;0;1;3654.0;3653.75
2022.09.30 15:51:21;1664553081283;3654.5;4;0;1;3654.0;3653.75
2022.09.30 15:51:21;1664553081283;3654.5;1;0;1;3654.0;3653.75
2022.09.30 15:51:21;1664553081283;3654.5;1;0;0;3654.0;3653.75
2022.09.30 15:51:21;1664553081304;3654.75;1;1;0;3654.0;3653.75
2022.09.30 15:51:21;1664553081304;3654.5;1;0;1;3654.0;3653.75
2022.09.30 15:51:21;1664553081304;3654.5;1;0;1;3654.0;3653.75
2022.09.30 15:51:21;1664553081305;3654.75;1;1;0;3654.0;3653.75
2022.09.30 15:51:21;1664553081305;3654.5;1;0;1;3654.0;3653.75
2022.09.30 15:51:21;1664553081305;3654.5;1;0;1;3654.0;3653.75
2022.09.30 15:51:21;1664553081305;3654.5;1;0;1;3654.0;3653.75
2022.09.30 15:51:21;1664553081305;3654.5;1;0;1;3654.0;3653.75
2022.09.30 15:51:21;1664553081305;3654.75;1;1;0;3654.0;3653.75
2022.09.30 15:51:21;1664553081305;3654.75;1;1;0;3654.0;3653.75
2022.09.30 15:51:21;1664553081305;3654.75;1;1;0;3654.0;3653.75
2022.09.30 15:51:21;1664553081305;3654.75;3;1;0;3654.0;3653.75
2022.09.30 15:51:21;1664553081305;3654.75;3;1;0;3654.0;3653.75
2022.09.30 15:51:21;1664553081305;3654.75;2;1;0;3654.0;3653.75
2022.09.30 15:51:21;1664553081305;3654.75;1;1;0;3654.0;3653.75
2022.09.30 15:51:21;1664553081305;3654.75;2;1;0;3654.0;3653.75
2022.09.30 15:51:21;1664553081305;3654.75;5;1;0;3654.0;3653.75
2022.09.30 15:51:21;1664553081305;3654.75;1;1;0;3654.0;3653.75
2022.09.30 15:51:21;1664553081305;3654.75;3;1;0;3654.0;3653.75
2022.09.30 15:51:21;1664553081305;3654.75;1;1;0;3654.0;3653.75
2022.09.30 15:51:21;1664553081305;3654.5;1;0;1;3654.0;3653.75
2022.09.30 15:51:21;1664553081305;3654.5;7;0;1;3654.0;3653.75
2022.09.30 15:51:21;1664553081305;3654.5;10;0;1;3654.0;3653.75
2022.09.30 15:51:21;1664553081305;3654.5;1;0;1;3654.0;3653.75
2022.09.30 15:51:21;1664553081305;3654.5;1;0;1;3654.0;3653.75
2022.09.30 15:51:21;1664553081306;3654.5;20;0;1;3654.0;3653.75
2022.09.30 15:51:21;1664553081306;3654.5;1;0;1;3654.0;3653.75
2022.09.30 15:51:21;1664553081306;3654.75;1;1;0;3654.0;3653.75
2022.09.30 15:51:21;1664553081306;3654.75;2;1;0;3654.0;3653.75
2022.09.30 15:51:21;1664553081306;3654.75;4;1;0;3654.0;3653.75
2022.09.30 15:51:21;1664553081306;3654.75;1;1;0;3654.0;3653.75
2022.09.30 15:51:21;1664553081306;3654.75;1;1;0;3654.0;3653.75
2022.09.30 15:51:21;1664553081306;3654.75;1;1;0;3654.0;3653.75
2022.09.30 15:51:21;1664553081306;3654.75;1;1;0;3654.0;3653.75
2022.09.30 15:51:21;1664553081306;3654.75;1;1;0;3654.0;3653.75
2022.09.30 15:51:21;1664553081464;3654.5;1;0;1;3654.0;3653.75
2022.09.30 15:51:21;1664553081501;3654.5;9;0;1;3654.0;3653.75
2022.09.30 15:51:21;1664553081501;3654.5;6;0;1;3654.0;3653.75
2022.09.30 15:51:21;1664553081501;3654.5;1;0;1;3654.0;3653.75
2022.09.30 15:51:21;1664553081501;3654.5;2;0;1;3654.0;3653.75
2022.09.30 15:51:21;1664553081501;3654.5;1;0;1;3654.0;3653.75
2022.09.30 15:51:21;1664553081501;3654.5;1;0;1;3654.0;3653.75
2022.09.30 15:51:21;1664553081501;3654.5;1;0;1;3654.0;3653.75
2022.09.30 15:51:21;1664553081501;3654.5;1;0;1;3654.0;3653.75
2022.09.30 15:51:21;1664553081501;3654.5;1;0;1;3654.0;3653.75
2022.09.30 15:51:21;1664553081501;3654.5;2;0;1;3654.0;3653.75
2022.09.30 15:51:21;1664553081501;3654.5;1;0;1;3654.0;3653.75
2022.09.30 15:51:21;1664553081501;3654.5;4;0;1;3654.0;3653.75
2022.09.30 15:51:21;1664553081501;3654.5;2;0;1;3654.0;3653.75
2022.09.30 15:51:21;1664553081502;3654.5;3;0;1;3654.0;3653.75
2022.09.30 15:51:21;1664553081502;3654.5;3;0;0;3654.0;3653.75
2022.09.30 15:51:21;1664553081502;3654.5;3;0;0;3654.0;3653.75
2022.09.30 15:51:21;1664553081502;3654.5;1;1;0;3654.0;3653.75
2022.09.30 15:51:21;1664553081502;3654.5;2;1;0;3654.0;3653.75
2022.09.30 15:51:21;1664553081502;3654.5;1;1;0;3654.0;3653.75
2022.09.30 15:51:21;1664553081502;3654.5;1;1;0;3654.0;3653.75
2022.09.30 15:51:21;1664553081502;3654.5;2;1;0;3654.0;3653.75
2022.09.30 15:51:21;1664553081502;3654.5;1;1;0;3654.0;3653.75
2022.09.30 15:51:21;1664553081502;3654.5;3;1;0;3654.0;3653.75
2022.09.30 15:51:21;1664553081502;3654.5;1;1;0;3654.0;3653.75
2022.09.30 15:51:21;1664553081502;3654.5;1;1;0;3654.0;3653.75
2022.09.30 15:51:21;1664553081502;3654.5;3;1;0;3654.0;3653.75
2022.09.30 15:51:21;1664553081502;3654.5;1;1;0;3654.0;3653.75
2022.09.30 15:51:21;1664553081502;3654.5;1;1;0;3654.0;3653.75
2022.09.30 15:51:21;1664553081502;3654.5;3;1;0;3654.0;3653.75
2022.09.30 15:51:21;1664553081502;3654.5;1;1;0;3654.0;3653.75
2022.09.30 15:51:21;1664553081502;3654.5;2;1;0;3654.0;3653.75
2022.09.30 15:51:21;1664553081502;3654.5;2;0;0;3654.0;3653.75
2022.09.30 15:51:21;1664553081518;3654.25;1;0;1;3654.0;3653.75
2022.09.30 15:51:21;1664553081519;3654.25;1;0;1;3654.0;3653.75
2022.09.30 15:51:21;1664553081519;3654.25;1;0;1;3654.0;3653.75
2022.09.30 15:51:21;1664553081519;3654.25;1;0;1;3654.0;3653.75
2022.09.30 15:51:21;1664553081520;3654.25;1;0;1;3654.0;3653.75
2022.09.30 15:51:21;1664553081536;3654.5;1;1;0;3654.0;3653.75
2022.09.30 15:51:21;1664553081591;3654.5;1;1;0;3654.0;3653.75
2022.09.30 15:51:21;1664553081591;3654.5;1;1;0;3654.0;3653.75
2022.09.30 15:51:21;1664553081591;3654.5;1;1;0;3654.0;3653.75
2022.09.30 15:51:21;1664553081591;3654.5;1;0;0;3654.0;3653.75
2022.09.30 15:51:21;1664553081591;3654.5;1;0;1;3654.0;3653.75
2022.09.30 15:51:21;1664553081592;3654.5;5;0;1;3654.0;3653.75
2022.09.30 15:51:21;1664553081592;3654.5;2;0;1;3654.0;3653.75
2022.09.30 15:51:21;1664553081592;3654.5;3;0;1;3654.0;3653.75
2022.09.30 15:51:21;1664553081592;3654.5;2;0;1;3654.0;3653.75
2022.09.30 15:51:21;1664553081592;3654.5;1;0;1;3654.0;3653.75
2022.09.30 15:51:21;1664553081592;3654.5;1;0;1;3654.0;3653.75
2022.09.30 15:51:21;1664553081592;3654.5;3;0;1;3654.0;3653.75
2022.09.30 15:51:21;1664553081592;3654.5;1;0;1;3654.0;3653.75
2022.09.30 15:51:21;1664553081592;3654.5;1;1;0;3654.0;3653.75
2022.09.30 15:51:21;1664553081592;3654.5;2;1;0;3654.0;3653.75
2022.09.30 15:51:21;1664553081592;3654.5;1;1;0;3654.0;3653.75
2022.09.30 15:51:21;1664553081592;3654.5;2;1;0;3654.0;3653.75
2022.09.30 15:51:21;1664553081592;3654.5;1;0;1;3654.0;3653.75
2022.09.30 15:51:21;1664553081592;3654.5;1;0;1;3654.0;3653.75
2022.09.30 15:51:21;1664553081592;3654.5;1;0;1;3654.0;3653.75
2022.09.30 15:51:21;1664553081592;3654.5;1;0;1;3654.0;3653.75
2022.09.30 15:51:21;1664553081592;3654.5;2;0;1;3654.0;3653.75
2022.09.30 15:51:21;1664553081592;3654.5;2;0;0;3654.0;3653.75
2022.09.30 15:51:21;1664553081614;3654.25;1;0;1;3654.0;3653.75
2022.09.30 15:51:21;1664553081633;3654.25;1;0;1;3654.0;3653.75
2022.09.30 15:51:21;1664553081644;3654.25;1;0;1;3654.0;3653.75
2022.09.30 15:51:21;1664553081805;3654.5;1;1;0;3654.0;3653.75
2022.09.30 15:51:21;1664553081805;3654.5;1;1;0;3654.0;3653.75
2022.09.30 15:51:21;1664553081805;3654.5;1;1;0;3654.0;3653.75
2022.09.30 15:51:21;1664553081806;3654.5;1;1;0;3654.0;3653.75
2022.09.30 15:51:21;1664553081806;3654.5;1;1;0;3654.0;3653.75
2022.09.30 15:51:21;1664553081806;3654.5;1;1;0;3654.0;3653.75
2022.09.30 15:51:21;1664553081806;3654.5;1;1;0;3654.0;3653.75
2022.09.30 15:51:21;1664553081810;3654.5;1;1;0;3654.0;3653.75
2022.09.30 15:51:21;1664553081810;3654.5;1;1;0;3654.0;3653.75
2022.09.30 15:51:21;1664553081810;3654.5;1;1;0;3654.0;3653.75
2022.09.30 15:51:21;1664553081884;3654.25;1;0;1;3654.0;3653.75
2022.09.30 15:51:21;1664553081884;3654.25;2;0;1;3654.0;3653.75
2022.09.30 15:51:21;1664553081884;3654.25;2;0;1;3654.0;3653.75
2022.09.30 15:51:21;1664553081996;3654.25;1;0;1;3654.0;3653.75
2022.09.30 15:51:21;1664553081996;3654.5;1;1;0;3654.0;3653.75
2022.09.30 15:51:22;1664553082052;3654.25;1;0;1;3654.0;3653.75
2022.09.30 15:51:22;1664553082137;3654.25;1;0;1;3654.0;3653.75
2022.09.30 15:51:22;1664553082185;3654.25;3;0;1;3654.0;3653.75
2022.09.30 15:51:22;1664553082185;3654.25;1;0;1;3654.0;3653.75
2022.09.30 15:51:22;1664553082221;3654.25;1;0;1;3654.0;3653.75
2022.09.30 15:51:22;1664553082221;3654.25;1;0;1;3654.0;3653.75
2022.09.30 15:51:22;1664553082221;3654.25;1;0;1;3654.0;3653.75
2022.09.30 15:51:22;1664553082221;3654.25;1;0;1;3654.0;3653.75
2022.09.30 15:51:22;1664553082221;3654.25;1;0;1;3654.0;3653.75
2022.09.30 15:51:22;1664553082221;3654.25;1;0;1;3654.0;3653.75
2022.09.30 15:51:22;1664553082221;3654.25;1;0;1;3654.0;3653.75
2022.09.30 15:51:22;1664553082221;3654.25;1;0;1;3654.0;3653.75
2022.09.30 15:51:22;1664553082221;3654.25;1;0;1;3654.0;3653.75
2022.09.30 15:51:22;1664553082221;3654.25;1;0;1;3654.0;3653.75
2022.09.30 15:51:22;1664553082221;3654.25;1;0;1;3654.0;3653.75
2022.09.30 15:51:22;1664553082221;3654.25;5;0;1;3654.0;3653.75
2022.09.30 15:51:22;1664553082221;3654.25;1;0;1;3654.0;3653.75
2022.09.30 15:51:22;1664553082221;3654.25;1;0;1;3654.0;3653.75
2022.09.30 15:51:22;1664553082221;3654.25;1;0;1;3654.0;3653.75
2022.09.30 15:51:22;1664553082221;3654.25;1;0;1;3654.0;3653.75
2022.09.30 15:51:22;1664553082221;3654.25;1;0;1;3654.0;3653.75
2022.09.30 15:51:22;1664553082222;3654.25;1;0;1;3654.0;3653.75
2022.09.30 15:51:22;1664553082222;3654.25;1;0;1;3654.0;3653.75
2022.09.30 15:51:22;1664553082222;3654.25;1;0;0;3654.0;3653.75
2022.09.30 15:51:22;1664553082240;3654.25;1;1;0;3654.0;3653.75
2022.09.30 15:51:22;1664553082240;3654.25;1;1;0;3654.0;3653.75
2022.09.30 15:51:22;1664553082241;3654.25;1;1;0;3654.0;3653.75
2022.09.30 15:51:22;1664553082241;3654.25;1;1;0;3654.0;3653.75
2022.09.30 15:51:22;1664553082241;3654.25;1;1;0;3654.0;3653.75
2022.09.30 15:51:22;1664553082241;3654.25;1;1;0;3654.0;3653.75
2022.09.30 15:51:22;1664553082241;3654.25;1;0;0;3654.0;3653.75
2022.09.30 15:51:22;1664553082242;3654.25;1;0;1;3654.0;3653.75
2022.09.30 15:51:22;1664553082262;3654.5;1;1;0;3654.0;3653.75
2022.09.30 15:51:22;1664553082262;3654.5;1;1;0;3654.0;3653.75
2022.09.30 15:51:22;1664553082262;3654.5;4;1;0;3654.0;3653.75
2022.09.30 15:51:22;1664553082299;3654.25;1;0;1;3654.0;3653.75
2022.09.30 15:51:22;1664553082299;3654.25;1;0;1;3654.0;3653.75
2022.09.30 15:51:22;1664553082299;3654.25;1;0;1;3654.0;3653.75
2022.09.30 15:51:22;1664553082299;3654.25;1;0;1;3654.0;3653.75
2022.09.30 15:51:22;1664553082299;3654.25;1;0;1;3654.0;3653.75
2022.09.30 15:51:22;1664553082299;3654.25;1;0;1;3654.0;3653.75
2022.09.30 15:51:22;1664553082299;3654.25;1;0;1;3654.0;3653.75
2022.09.30 15:51:22;1664553082299;3654.25;1;0;1;3654.0;3653.75
2022.09.30 15:51:22;1664553082299;3654.25;1;0;1;3654.0;3653.75
2022.09.30 15:51:22;1664553082299;3654.25;1;0;1;3654.0;3653.75
2022.09.30 15:51:22;1664553082299;3654.25;3;0;1;3654.0;3653.75
2022.09.30 15:51:22;1664553082300;3654.25;1;0;1;3654.0;3653.75
2022.09.30 15:51:22;1664553082300;3654.25;1;0;0;3654.0;3653.75
2022.09.30 15:51:22;1664553082325;3654.25;1;1;0;3654.0;3653.75
2022.09.30 15:51:22;1664553082399;3654.0;1;0;1;3654.0;3653.75
2022.09.30 15:51:22;1664553082399;3654.0;1;0;1;3654.0;3653.75
2022.09.30 15:51:22;1664553082399;3654.0;1;0;1;3654.0;3653.75
2022.09.30 15:51:22;1664553082399;3654.0;4;0;1;3654.0;3653.75
2022.09.30 15:51:22;1664553082399;3654.0;1;0;1;3654.0;3653.75
2022.09.30 15:51:22;1664553082399;3654.0;1;0;1;3654.0;3653.75
2022.09.30 15:51:22;1664553082399;3654.0;1;0;1;3654.0;3653.75
2022.09.30 15:51:22;1664553082399;3654.0;1;0;1;3654.0;3653.75
2022.09.30 15:51:22;1664553082399;3654.0;1;0;1;3654.0;3653.75
2022.09.30 15:51:22;1664553082400;3654.0;1;0;1;3654.0;3653.75
2022.09.30 15:51:22;1664553082400;3654.0;1;0;1;3654.0;3653.75
2022.09.30 15:51:22;1664553082482;3654.25;1;1;0;3654.0;3653.75
2022.09.30 15:51:22;1664553082493;3654.0;1;0;1;3654.0;3653.75
2022.09.30 15:51:22;1664553082493;3654.0;1;0;1;3654.0;3653.75
2022.09.30 15:51:22;1664553082496;3654.0;1;0;1;3654.0;3653.75
2022.09.30 15:51:22;1664553082507;3654.0;1;0;1;3654.0;3653.75
2022.09.30 15:51:22;1664553082507;3654.0;1;0;1;3654.0;3653.75
2022.09.30 15:51:22;1664553082507;3654.0;1;0;1;3654.0;3653.75
2022.09.30 15:51:22;1664553082507;3654.0;1;0;1;3654.0;3653.75
2022.09.30 15:51:22;1664553082507;3654.0;3;0;1;3654.0;3653.75
2022.09.30 15:51:22;1664553082630;3654.0;1;0;1;3654.0;3653.75
2022.09.30 15:51:22;1664553082630;3654.0;1;0;1;3654.0;3653.75
2022.09.30 15:51:22;1664553082631;3654.0;1;0;1;3654.0;3653.75
2022.09.30 15:51:22;1664553082632;3654.0;4;0;1;3654.0;3653.75
2022.09.30 15:51:22;1664553082632;3654.0;1;0;1;3654.0;3653.75
2022.09.30 15:51:22;1664553082632;3654.0;1;0;1;3654.0;3653.75
2022.09.30 15:51:22;1664553082632;3654.0;1;0;1;3654.0;3653.75
2022.09.30 15:51:22;1664553082639;3654.0;1;0;1;3654.0;3653.75
2022.09.30 15:51:22;1664553082639;3654.0;1;0;1;3654.0;3653.75
2022.09.30 15:51:22;1664553082639;3654.0;2;0;1;3654.0;3653.75
2022.09.30 15:51:22;1664553082639;3654.0;1;0;1;3654.0;3653.75
2022.09.30 15:51:22;1664553082639;3654.0;1;0;1;3654.0;3653.75
2022.09.30 15:51:22;1664553082639;3654.0;1;0;1;3654.0;3653.75
2022.09.30 15:51:22;1664553082639;3654.0;2;0;1;3654.0;3653.75
2022.09.30 15:51:22;1664553082639;3654.0;1;0;1;3654.0;3653.75
2022.09.30 15:51:22;1664553082639;3654.0;1;0;1;3654.0;3653.75
2022.09.30 15:51:22;1664553082639;3654.0;1;0;1;3654.0;3653.75
2022.09.30 15:51:22;1664553082646;3654.0;1;0;0;3654.0;3653.75
2022.09.30 15:51:22;1664553082646;3654.0;1;1;0;3654.0;3653.75
2022.09.30 15:51:22;1664553082646;3654.0;1;1;0;3654.0;3653.75
2022.09.30 15:51:22;1664553082686;3654.0;1;1;0;3654.0;3653.75
2022.09.30 15:51:22;1664553082762;3654.0;1;1;0;3654.0;3653.75
2022.09.30 15:51:22;1664553082763;3654.0;1;1;0;3654.0;3653.75
2022.09.30 15:51:22;1664553082763;3654.0;3;1;0;3654.0;3653.75
2022.09.30 15:51:22;1664553082763;3654.0;1;1;0;3654.0;3653.75
2022.09.30 15:51:22;1664553082763;3654.0;1;1;0;3654.0;3653.75
2022.09.30 15:51:22;1664553082763;3654.0;1;1;0;3654.0;3653.75
2022.09.30 15:51:22;1664553082763;3654.0;1;1;0;3654.0;3653.75
2022.09.30 15:51:22;1664553082763;3654.0;3;1;0;3654.0;3653.75
2022.09.30 15:51:22;1664553082763;3654.0;2;1;0;3654.0;3653.75
2022.09.30 15:51:22;1664553082763;3654.0;1;1;0;3654.0;3653.75
2022.09.30 15:51:22;1664553082763;3654.0;1;1;0;3654.0;3653.75
2022.09.30 15:51:22;1664553082763;3654.0;2;0;1;3654.0;3653.75
2022.09.30 15:51:22;1664553082763;3654.0;1;0;1;3654.0;3653.75
2022.09.30 15:51:22;1664553082763;3654.0;1;0;1;3654.0;3653.75
2022.09.30 15:51:22;1664553082763;3654.0;1;0;1;3654.0;3653.75
2022.09.30 15:51:22;1664553082763;3654.0;1;1;0;3654.0;3653.75
2022.09.30 15:51:22;1664553082763;3654.0;1;1;0;3654.0;3653.75
2022.09.30 15:51:22;1664553082764;3654.0;1;1;0;3654.0;3653.75
2022.09.30 15:51:22;1664553082764;3654.0;1;1;0;3654.0;3653.75
2022.09.30 15:51:22;1664553082764;3654.0;1;1;0;3654.0;3653.75
2022.09.30 15:51:22;1664553082764;3654.0;1;1;0;3654.0;3653.75
2022.09.30 15:51:22;1664553082764;3654.0;1;0;1;3654.0;3653.75
2022.09.30 15:51:22;1664553082764;3654.0;1;0;1;3654.0;3653.75
2022.09.30 15:51:22;1664553082764;3654.0;1;0;1;3654.0;3653.75
2022.09.30 15:51:22;1664553082764;3654.0;1;0;1;3654.0;3653.75
2022.09.30 15:51:22;1664553082764;3654.0;1;1;0;3654.0;3653.75
2022.09.30 15:51:22;1664553082764;3654.0;1;1;0;3654.0;3653.75
2022.09.30 15:51:22;1664553082764;3654.0;1;0;0;3654.0;3653.75
2022.09.30 15:51:22;1664553082798;3654.0;1;0;1;3654.0;3653.75
2022.09.30 15:51:22;1664553082834;3654.0;4;0;1;3654.0;3653.75
2022.09.30 15:51:22;1664553082835;3654.0;1;0;1;3654.0;3653.75
2022.09.30 15:51:22;1664553082840;3654.0;1;0;1;3654.0;3653.75
2022.09.30 15:51:22;1664553082840;3654.0;3;0;1;3654.0;3653.75
2022.09.30 15:51:22;1664553082840;3654.0;6;0;1;3654.0;3653.75
2022.09.30 15:51:22;1664553082840;3654.0;1;0;1;3654.0;3653.75
2022.09.30 15:51:22;1664553082903;3654.25;1;1;0;3654.0;3653.75
2022.09.30 15:51:22;1664553082923;3654.25;1;1;0;3654.0;3653.75
2022.09.30 15:51:22;1664553082923;3654.25;1;1;0;3654.0;3653.75
2022.09.30 15:51:22;1664553082923;3654.25;1;1;0;3654.0;3653.75
2022.09.30 15:51:22;1664553082923;3654.25;1;1;0;3654.0;3653.75
2022.09.30 15:51:22;1664553082923;3654.25;1;1;0;3654.0;3653.75
2022.09.30 15:51:22;1664553082923;3654.25;2;1;0;3654.0;3653.75
2022.09.30 15:51:22;1664553082923;3654.25;1;1;0;3654.0;3653.75
2022.09.30 15:51:22;1664553082923;3654.25;1;1;0;3654.0;3653.75
2022.09.30 15:51:22;1664553082923;3654.25;1;1;0;3654.0;3653.75
2022.09.30 15:51:22;1664553082923;3654.25;1;1;0;3654.0;3653.75
2022.09.30 15:51:22;1664553082923;3654.25;1;1;0;3654.0;3653.75
2022.09.30 15:51:22;1664553082924;3654.25;2;1;0;3654.0;3653.75
2022.09.30 15:51:22;1664553082924;3654.25;5;1;0;3654.0;3653.75
2022.09.30 15:51:22;1664553082924;3654.25;1;1;0;3654.0;3653.75
2022.09.30 15:51:22;1664553082924;3654.25;1;1;0;3654.0;3653.75
2022.09.30 15:51:22;1664553082924;3654.25;2;0;1;3654.0;3653.75
2022.09.30 15:51:22;1664553082924;3654.25;4;0;1;3654.0;3653.75
2022.09.30 15:51:22;1664553082924;3654.25;6;0;1;3654.0;3653.75
2022.09.30 15:51:22;1664553082924;3654.25;1;0;1;3654.0;3653.75
2022.09.30 15:51:22;1664553082924;3654.25;1;0;1;3654.0;3653.75
2022.09.30 15:51:22;1664553082924;3654.25;1;0;1;3654.0;3653.75
2022.09.30 15:51:22;1664553082924;3654.25;1;0;1;3654.0;3653.75
2022.09.30 15:51:22;1664553082925;3654.25;1;1;0;3654.0;3653.75
2022.09.30 15:51:22;1664553082928;3654.25;4;1;0;3654.0;3653.75
2022.09.30 15:51:22;1664553082928;3654.25;1;1;0;3654.0;3653.75
2022.09.30 15:51:22;1664553082930;3654.25;4;1;0;3654.0;3653.75
2022.09.30 15:51:22;1664553082930;3654.25;1;1;0;3654.0;3653.75
2022.09.30 15:51:22;1664553082945;3654.25;5;1;0;3654.0;3653.75
2022.09.30 15:51:22;1664553082945;3654.25;1;1;0;3654.0;3653.75
2022.09.30 15:51:22;1664553082945;3654.25;1;1;0;3654.0;3653.75
2022.09.30 15:51:22;1664553082945;3654.25;1;1;0;3654.0;3653.75
2022.09.30 15:51:22;1664553082945;3654.25;1;1;0;3654.0;3653.75
2022.09.30 15:51:22;1664553082945;3654.25;1;1;0;3654.0;3653.75
2022.09.30 15:51:22;1664553082945;3654.25;1;1;0;3654.0;3653.75
2022.09.30 15:51:22;1664553082945;3654.25;2;1;0;3654.0;3653.75
2022.09.30 15:51:22;1664553082945;3654.5;1;1;0;3654.0;3653.75
2022.09.30 15:51:22;1664553082945;3654.5;1;1;0;3654.0;3653.75
2022.09.30 15:51:22;1664553082945;3654.5;3;1;0;3654.0;3653.75
2022.09.30 15:51:22;1664553082945;3654.5;1;1;0;3654.0;3653.75
2022.09.30 15:51:22;1664553082945;3654.5;1;1;0;3654.0;3653.75
2022.09.30 15:51:22;1664553082945;3654.5;1;1;0;3654.0;3653.75
2022.09.30 15:51:22;1664553082946;3654.5;1;1;0;3654.0;3653.75
2022.09.30 15:51:22;1664553082946;3654.5;1;1;0;3654.0;3653.75
2022.09.30 15:51:22;1664553082946;3654.5;1;0;0;3654.0;3653.75
2022.09.30 15:51:22;1664553082948;3654.5;4;1;0;3654.0;3653.75
2022.09.30 15:51:22;1664553082948;3654.5;1;1;0;3654.0;3653.75
2022.09.30 15:51:22;1664553082948;3654.5;1;1;0;3654.0;3653.75
2022.09.30 15:51:22;1664553082948;3654.5;1;1;0;3654.0;3653.75
2022.09.30 15:51:22;1664553082948;3654.5;2;1;0;3654.0;3653.75
2022.09.30 15:51:22;1664553082948;3654.5;1;1;0;3654.0;3653.75
2022.09.30 15:51:22;1664553082966;3654.5;1;1;0;3654.0;3653.75
2022.09.30 15:51:22;1664553082966;3654.5;4;1;0;3654.0;3653.75
2022.09.30 15:51:22;1664553082976;3654.5;1;1;0;3654.0;3653.75
2022.09.30 15:51:22;1664553082976;3654.5;1;1;0;3654.0;3653.75
2022.09.30 15:51:22;1664553082976;3654.5;1;1;0;3654.0;3653.75
2022.09.30 15:51:22;1664553082976;3654.5;1;1;0;3654.0;3653.75
2022.09.30 15:51:22;1664553082976;3654.5;1;1;0;3654.0;3653.75
2022.09.30 15:51:22;1664553082980;3654.25;1;0;1;3654.0;3653.75
2022.09.30 15:51:22;1664553082985;3654.5;1;1;0;3654.0;3653.75
2022.09.30 15:51:22;1664553082985;3654.5;1;1;0;3654.0;3653.75
2022.09.30 15:51:22;1664553082985;3654.5;1;1;0;3654.0;3653.75
2022.09.30 15:51:22;1664553082985;3654.5;2;1;0;3654.0;3653.75
2022.09.30 15:51:22;1664553082986;3654.25;1;0;1;3654.0;3653.75
2022.09.30 15:51:22;1664553082986;3654.25;1;0;1;3654.0;3653.75
2022.09.30 15:51:22;1664553082986;3654.25;1;0;1;3654.0;3653.75
2022.09.30 15:51:22;1664553082986;3654.25;1;0;1;3654.0;3653.75
2022.09.30 15:51:22;1664553082986;3654.25;1;0;1;3654.0;3653.75
2022.09.30 15:51:22;1664553082986;3654.25;1;0;1;3654.0;3653.75
2022.09.30 15:51:22;1664553082986;3654.25;4;0;1;3654.0;3653.75
2022.09.30 15:51:23;1664553083072;3654.5;1;1;0;3654.0;3653.75
2022.09.30 15:51:23;1664553083080;3654.25;1;0;1;3654.0;3653.75
2022.09.30 15:51:23;1664553083080;3654.25;1;0;1;3654.0;3653.75
2022.09.30 15:51:23;1664553083080;3654.25;1;0;1;3654.0;3653.75
2022.09.30 15:51:23;1664553083080;3654.25;1;0;1;3654.0;3653.75
2022.09.30 15:51:23;1664553083080;3654.25;1;0;1;3654.0;3653.75
2022.09.30 15:51:23;1664553083080;3654.25;1;0;1;3654.0;3653.75
2022.09.30 15:51:23;1664553083080;3654.25;1;0;1;3654.0;3653.75
2022.09.30 15:51:23;1664553083081;3654.25;1;0;1;3654.0;3653.75
2022.09.30 15:51:23;1664553083120;3654.25;1;0;1;3654.0;3653.75
2022.09.30 15:51:23;1664553083120;3654.25;1;0;1;3654.0;3653.75
2022.09.30 15:51:23;1664553083120;3654.25;4;0;1;3654.0;3653.75
2022.09.30 15:51:23;1664553083120;3654.25;1;0;1;3654.0;3653.75
2022.09.30 15:51:23;1664553083120;3654.25;1;0;1;3654.0;3653.75
2022.09.30 15:51:23;1664553083120;3654.25;1;0;1;3654.0;3653.75
2022.09.30 15:51:23;1664553083179;3654.25;1;0;1;3654.0;3653.75
2022.09.30 15:51:23;1664553083282;3654.25;1;0;1;3654.0;3653.75
2022.09.30 15:51:23;1664553083303;3654.5;1;1;0;3654.0;3653.75
2022.09.30 15:51:23;1664553083304;3654.25;2;0;1;3654.0;3653.75
2022.09.30 15:51:23;1664553083320;3654.5;3;1;0;3654.0;3653.75
2022.09.30 15:51:23;1664553083320;3654.5;1;1;0;3654.0;3653.75
2022.09.30 15:51:23;1664553083320;3654.5;1;1;0;3654.0;3653.75
2022.09.30 15:51:23;1664553083320;3654.5;1;1;0;3654.0;3653.75
2022.09.30 15:51:23;1664553083320;3654.5;1;1;0;3654.0;3653.75
2022.09.30 15:51:23;1664553083320;3654.5;1;1;0;3654.0;3653.75
2022.09.30 15:51:23;1664553083320;3654.5;1;1;0;3654.0;3653.75
2022.09.30 15:51:23;1664553083320;3654.5;5;1;0;3654.0;3653.75
2022.09.30 15:51:23;1664553083501;3654.5;1;1;0;3654.0;3653.75
2022.09.30 15:51:23;1664553083501;3654.5;1;1;0;3654.0;3653.75
2022.09.30 15:51:23;1664553083501;3654.5;1;1;0;3654.0;3653.75
2022.09.30 15:51:23;1664553083501;3654.5;1;1;0;3654.0;3653.75
2022.09.30 15:51:23;1664553083501;3654.5;1;1;0;3654.0;3653.75
2022.09.30 15:51:23;1664553083502;3654.5;1;0;0;3654.0;3653.75
2022.09.30 15:51:23;1664553083503;3654.5;1;0;1;3654.0;3653.75
2022.09.30 15:51:23;1664553083503;3654.5;1;0;1;3654.0;3653.75
2022.09.30 15:51:23;1664553083503;3654.5;1;0;1;3654.0;3653.75
2022.09.30 15:51:23;1664553083503;3654.5;1;0;1;3654.0;3653.75
2022.09.30 15:51:23;1664553083503;3654.5;1;0;1;3654.0;3653.75
2022.09.30 15:51:23;1664553083503;3654.5;1;0;1;3654.0;3653.75
2022.09.30 15:51:23;1664553083503;3654.5;1;0;1;3654.0;3653.75
2022.09.30 15:51:23;1664553083503;3654.5;1;0;1;3654.0;3653.75
2022.09.30 15:51:23;1664553083503;3654.5;1;0;1;3654.0;3653.75
2022.09.30 15:51:23;1664553083503;3654.5;1;0;1;3654.0;3653.75
2022.09.30 15:51:23;1664553083503;3654.5;1;0;0;3654.0;3653.75
2022.09.30 15:51:23;1664553083558;3654.5;3;1;0;3654.0;3653.75
2022.09.30 15:51:23;1664553083558;3654.5;1;1;0;3654.0;3653.75
2022.09.30 15:51:23;1664553083558;3654.5;1;1;0;3654.0;3653.75
2022.09.30 15:51:23;1664553083558;3654.5;1;1;0;3654.0;3653.75
2022.09.30 15:51:23;1664553083559;3654.5;1;1;0;3654.0;3653.75
2022.09.30 15:51:23;1664553083559;3654.5;1;1;0;3654.0;3653.75
2022.09.30 15:51:23;1664553083559;3654.5;1;1;0;3654.0;3653.75
2022.09.30 15:51:23;1664553083559;3654.5;1;1;0;3654.0;3653.75
2022.09.30 15:51:23;1664553083559;3654.5;3;1;0;3654.0;3653.75
2022.09.30 15:51:23;1664553083559;3654.5;1;0;1;3654.0;3653.75
2022.09.30 15:51:23;1664553083559;3654.5;1;0;1;3654.0;3653.75
2022.09.30 15:51:23;1664553083559;3654.5;1;0;0;3654.0;3653.75
2022.09.30 15:51:23;1664553083561;3654.5;1;0;1;3654.0;3653.75
2022.09.30 15:51:23;1664553083561;3654.5;1;0;0;3654.0;3653.75
2022.09.30 15:51:23;1664553083687;3654.25;1;0;1;3654.0;3653.75
2022.09.30 15:51:23;1664553083687;3654.25;1;0;1;3654.0;3653.75
2022.09.30 15:51:23;1664553083688;3654.5;3;1;0;3654.0;3653.75
2022.09.30 15:51:23;1664553083688;3654.5;1;1;0;3654.0;3653.75
2022.09.30 15:51:23;1664553083688;3654.5;1;1;0;3654.0;3653.75
2022.09.30 15:51:23;1664553083688;3654.5;1;1;0;3654.0;3653.75
2022.09.30 15:51:23;1664553083688;3654.5;1;1;0;3654.0;3653.75
2022.09.30 15:51:23;1664553083688;3654.5;1;1;0;3654.0;3653.75
2022.09.30 15:51:23;1664553083688;3654.5;1;1;0;3654.0;3653.75
2022.09.30 15:51:23;1664553083688;3654.5;1;1;0;3654.0;3653.75
2022.09.30 15:51:23;1664553083688;3654.5;1;1;0;3654.0;3653.75
2022.09.30 15:51:23;1664553083688;3654.5;2;1;0;3654.0;3653.75
2022.09.30 15:51:23;1664553083688;3654.5;1;0;1;3654.0;3653.75
2022.09.30 15:51:23;1664553083688;3654.5;1;0;0;3654.0;3653.75
2022.09.30 15:51:23;1664553083690;3654.5;1;0;1;3654.0;3653.75
2022.09.30 15:51:23;1664553083690;3654.5;1;0;1;3654.0;3653.75
2022.09.30 15:51:23;1664553083690;3654.5;2;0;1;3654.0;3653.75
2022.09.30 15:51:23;1664553083690;3654.5;1;0;1;3654.0;3653.75
2022.09.30 15:51:23;1664553083722;3654.5;6;0;1;3654.0;3653.75
2022.09.30 15:51:23;1664553083722;3654.5;4;0;1;3654.0;3653.75
2022.09.30 15:51:23;1664553083722;3654.5;1;0;1;3654.0;3653.75
2022.09.30 15:51:23;1664553083722;3654.5;1;0;1;3654.0;3653.75
2022.09.30 15:51:23;1664553083722;3654.5;1;0;0;3654.0;3653.75
2022.09.30 15:51:23;1664553083785;3654.25;1;0;1;3654.0;3653.75
2022.09.30 15:51:23;1664553083789;3654.5;1;1;0;3654.0;3653.75
2022.09.30 15:51:23;1664553083789;3654.5;1;1;0;3654.0;3653.75
2022.09.30 15:51:23;1664553083789;3654.5;1;1;0;3654.0;3653.75
2022.09.30 15:51:23;1664553083789;3654.5;1;1;0;3654.0;3653.75
2022.09.30 15:51:23;1664553083789;3654.5;1;1;0;3654.0;3653.75
2022.09.30 15:51:23;1664553083789;3654.5;1;1;0;3654.0;3653.75
2022.09.30 15:51:23;1664553083789;3654.5;1;1;0;3654.0;3653.75
2022.09.30 15:51:23;1664553083789;3654.5;1;0;0;3654.0;3653.75
2022.09.30 15:51:23;1664553083842;3654.5;1;0;0;3654.0;3653.75
2022.09.30 15:51:23;1664553083996;3654.5;2;0;1;3654.0;3653.75
2022.09.30 15:51:23;1664553083997;3654.5;2;0;0;3654.0;3653.75
2022.09.30 15:51:24;1664553084151;3654.25;1;0;1;3654.0;3653.75
2022.09.30 15:51:24;1664553084168;3654.25;2;0;1;3654.0;3653.75
2022.09.30 15:51:24;1664553084505;3654.5;5;1;0;3654.0;3653.75
2022.09.30 15:51:24;1664553084505;3654.5;1;1;0;3654.0;3653.75
2022.09.30 15:51:24;1664553084505;3654.5;3;1;0;3654.0;3653.75
2022.09.30 15:51:24;1664553084719;3654.25;1;0;1;3654.0;3653.75
2022.09.30 15:51:24;1664553084719;3654.25;1;0;1;3654.0;3653.75
2022.09.30 15:51:24;1664553084719;3654.25;1;0;1;3654.0;3653.75
2022.09.30 15:51:24;1664553084719;3654.25;1;0;1;3654.0;3653.75
2022.09.30 15:51:24;1664553084719;3654.25;1;0;1;3654.0;3653.75
2022.09.30 15:51:24;1664553084719;3654.25;1;0;1;3654.0;3653.75
2022.09.30 15:51:24;1664553084719;3654.25;1;0;1;3654.0;3653.75
2022.09.30 15:51:24;1664553084719;3654.25;1;0;1;3654.0;3653.75
2022.09.30 15:51:24;1664553084719;3654.25;2;0;1;3654.0;3653.75
2022.09.30 15:51:24;1664553084719;3654.25;1;0;1;3654.0;3653.75
2022.09.30 15:51:24;1664553084719;3654.25;1;0;1;3654.0;3653.75
2022.09.30 15:51:24;1664553084719;3654.25;1;0;1;3654.0;3653.75
2022.09.30 15:51:24;1664553084719;3654.25;1;0;1;3654.0;3653.75
2022.09.30 15:51:24;1664553084719;3654.25;3;0;1;3654.0;3653.75
2022.09.30 15:51:24;1664553084719;3654.25;1;0;1;3654.0;3653.75
2022.09.30 15:51:24;1664553084719;3654.25;1;0;0;3654.0;3653.75
2022.09.30 15:51:24;1664553084863;3654.0;1;0;1;3654.0;3653.75
2022.09.30 15:51:25;1664553085072;3654.25;6;1;0;3654.0;3653.75
2022.09.30 15:51:25;1664553085072;3654.25;1;1;0;3654.0;3653.75
2022.09.30 15:51:25;1664553085072;3654.25;1;1;0;3654.0;3653.75
2022.09.30 15:51:25;1664553085072;3654.25;1;1;0;3654.0;3653.75
2022.09.30 15:51:25;1664553085074;3654.0;1;0;1;3654.0;3653.75
2022.09.30 15:51:25;1664553085097;3654.0;1;0;1;3654.0;3653.75
2022.09.30 15:51:25;1664553085097;3654.0;1;0;1;3654.0;3653.75
2022.09.30 15:51:25;1664553085097;3654.0;1;0;1;3654.0;3653.75
2022.09.30 15:51:25;1664553085097;3654.0;1;0;1;3654.0;3653.75
2022.09.30 15:51:25;1664553085097;3654.0;1;0;1;3654.0;3653.75
2022.09.30 15:51:25;1664553085097;3654.0;1;0;1;3654.0;3653.75
2022.09.30 15:51:25;1664553085097;3654.0;3;0;1;3654.0;3653.75
2022.09.30 15:51:25;1664553085097;3654.0;1;0;1;3654.0;3653.75
2022.09.30 15:51:25;1664553085097;3654.0;3;0;1;3654.0;3653.75
2022.09.30 15:51:25;1664553085097;3654.0;1;0;1;3654.0;3653.75
2022.09.30 15:51:25;1664553085097;3654.0;1;0;1;3654.0;3653.75
2022.09.30 15:51:25;1664553085097;3654.0;1;0;1;3654.0;3653.75
2022.09.30 15:51:25;1664553085097;3654.0;5;0;1;3654.0;3653.75
2022.09.30 15:51:25;1664553085097;3654.0;1;0;1;3654.0;3653.75
2022.09.30 15:51:25;1664553085097;3654.0;1;0;1;3654.0;3653.75
2022.09.30 15:51:25;1664553085097;3654.0;1;0;1;3654.0;3653.75
2022.09.30 15:51:25;1664553085097;3654.0;1;0;1;3654.0;3653.75
2022.09.30 15:51:25;1664553085098;3654.0;1;0;1;3654.0;3653.75
2022.09.30 15:51:25;1664553085098;3654.0;1;0;1;3654.0;3653.75
2022.09.30 15:51:25;1664553085098;3654.0;1;0;1;3654.0;3653.75
2022.09.30 15:51:25;1664553085098;3654.0;1;0;1;3654.0;3653.75
2022.09.30 15:51:25;1664553085098;3654.0;5;0;1;3654.0;3653.75
2022.09.30 15:51:25;1664553085098;3654.0;1;0;1;3654.0;3653.75
2022.09.30 15:51:25;1664553085098;3654.0;1;0;1;3654.0;3653.75
2022.09.30 15:51:25;1664553085098;3654.0;1;0;1;3654.0;3653.75
2022.09.30 15:51:25;1664553085098;3654.0;35;0;1;3654.0;3653.75
2022.09.30 15:51:25;1664553085098;3653.75;1;0;1;3654.0;3653.75
2022.09.30 15:51:25;1664553085098;3653.75;1;0;1;3654.0;3653.75
2022.09.30 15:51:25;1664553085098;3653.75;5;0;1;3654.0;3653.75
2022.09.30 15:51:25;1664553085098;3653.75;1;0;1;3654.0;3653.75
2022.09.30 15:51:25;1664553085099;3653.75;1;0;1;3654.0;3653.75
2022.09.30 15:51:25;1664553085100;3653.75;1;0;1;3654.0;3653.75
2022.09.30 15:51:25;1664553085100;3653.75;1;0;1;3654.0;3653.75
2022.09.30 15:51:25;1664553085100;3653.75;1;0;1;3654.0;3653.75
2022.09.30 15:51:25;1664553085100;3653.75;2;0;1;3654.0;3653.75
2022.09.30 15:51:25;1664553085100;3653.75;3;0;1;3654.0;3653.75
2022.09.30 15:51:25;1664553085100;3653.75;1;0;1;3654.0;3653.75
2022.09.30 15:51:25;1664553085100;3653.75;1;0;1;3654.0;3653.75
2022.09.30 15:51:25;1664553085100;3653.75;2;0;1;3654.0;3653.75
2022.09.30 15:51:25;1664553085100;3653.75;1;0;1;3654.0;3653.75
2022.09.30 15:51:25;1664553085100;3653.75;1;0;1;3654.0;3653.75
2022.09.30 15:51:25;1664553085100;3653.75;1;0;1;3654.0;3653.75
2022.09.30 15:51:25;1664553085100;3653.75;1;0;1;3654.0;3653.75
2022.09.30 15:51:25;1664553085100;3653.75;1;0;1;3654.0;3653.75
2022.09.30 15:51:25;1664553085100;3653.75;1;0;1;3654.0;3653.75
2022.09.30 15:51:25;1664553085100;3653.75;1;0;1;3654.0;3653.75
2022.09.30 15:51:25;1664553085100;3653.75;1;0;1;3654.0;3653.75
2022.09.30 15:51:25;1664553085100;3653.75;1;0;1;3654.0;3653.75
2022.09.30 15:51:25;1664553085100;3653.75;1;0;1;3654.0;3653.75
2022.09.30 15:51:25;1664553085100;3653.75;1;0;1;3654.0;3653.75
2022.09.30 15:51:25;1664553085101;3653.75;1;0;1;3654.0;3653.75
2022.09.30 15:51:25;1664553085101;3653.75;1;0;1;3654.0;3653.75
2022.09.30 15:51:25;1664553085101;3653.75;1;0;1;3654.0;3653.75
2022.09.30 15:51:25;1664553085102;3653.75;1;0;1;3654.0;3653.75
2022.09.30 15:51:25;1664553085103;3653.75;1;0;1;3654.0;3653.75
2022.09.30 15:51:25;1664553085103;3653.75;3;0;1;3654.0;3653.75
2022.09.30 15:51:25;1664553085103;3654.0;3;0;1;3654.0;3653.75
2022.09.30 15:51:25;1664553085103;3654.0;3;0;0;3654.0;3653.75
2022.09.30 15:51:25;1664553085103;3654.0;1;1;0;3654.0;3653.75
2022.09.30 15:51:25;1664553085103;3654.0;1;1;0;3654.0;3653.75
2022.09.30 15:51:25;1664553085103;3654.0;1;1;0;3654.0;3653.75
2022.09.30 15:51:25;1664553085103;3654.0;1;1;0;3654.0;3653.75
2022.09.30 15:51:25;1664553085103;3654.0;1;1;0;3654.0;3653.75
2022.09.30 15:51:25;1664553085103;3654.0;3;1;0;3654.0;3653.75
2022.09.30 15:51:25;1664553085103;3654.0;2;1;0;3654.0;3653.75
2022.09.30 15:51:25;1664553085103;3654.0;1;1;0;3654.0;3653.75
2022.09.30 15:51:25;1664553085103;3654.0;1;1;0;3654.0;3653.75
2022.09.30 15:51:25;1664553085103;3654.0;1;1;0;3654.0;3653.75
2022.09.30 15:51:25;1664553085103;3654.0;2;1;0;3654.0;3653.75
2022.09.30 15:51:25;1664553085105;3654.0;2;1;0;3654.0;3653.75
2022.09.30 15:51:25;1664553085106;3654.0;1;1;0;3654.0;3653.75
2022.09.30 15:51:25;1664553085106;3654.0;1;1;0;3654.0;3653.75
2022.09.30 15:51:25;1664553085106;3654.0;1;1;0;3654.0;3653.75
2022.09.30 15:51:25;1664553085106;3654.0;1;1;0;3654.0;3653.75
2022.09.30 15:51:25;1664553085106;3654.0;1;0;1;3654.0;3653.75
2022.09.30 15:51:25;1664553085106;3654.0;1;0;0;3654.0;3653.75
2022.09.30 15:51:25;1664553085113;3654.0;1;0;1;3654.0;3653.75
2022.09.30 15:51:25;1664553085113;3654.0;1;0;1;3654.0;3653.75
2022.09.30 15:51:25;1664553085113;3654.0;1;0;1;3654.0;3653.75
2022.09.30 15:51:25;1664553085113;3654.0;1;0;1;3654.0;3653.75
2022.09.30 15:51:25;1664553085114;3654.0;2;0;1;3654.0;3653.75
2022.09.30 15:51:25;1664553085130;3654.0;1;0;1;3654.0;3653.75
2022.09.30 15:51:25;1664553085130;3654.0;1;0;1;3654.0;3653.75
2022.09.30 15:51:25;1664553085163;3654.25;1;1;0;3654.0;3653.75
2022.09.30 15:51:25;1664553085170;3654.0;2;0;1;3654.0;3653.75
2022.09.30 15:51:25;1664553085170;3654.0;2;0;1;3654.0;3653.75
2022.09.30 15:51:25;1664553085201;3654.0;2;0;1;3654.0;3653.75
2022.09.30 15:51:25;1664553085234;3654.0;1;0;1;3654.0;3653.75
2022.09.30 15:51:25;1664553085234;3654.0;1;0;1;3654.0;3653.75
2022.09.30 15:51:25;1664553085270;3654.25;1;1;0;3654.0;3653.75
2022.09.30 15:51:25;1664553085396;3654.0;1;0;1;3654.0;3653.75
2022.09.30 15:51:25;1664553085441;3654.0;1;0;1;3654.0;3653.75
2022.09.30 15:51:25;1664553085462;3654.25;1;1;0;3654.0;3653.75
2022.09.30 15:51:25;1664553085462;3654.25;1;1;0;3654.0;3653.75
2022.09.30 15:51:25;1664553085462;3654.25;1;1;0;3654.0;3653.75
2022.09.30 15:51:25;1664553085462;3654.25;2;1;0;3654.0;3653.75
2022.09.30 15:51:25;1664553085462;3654.25;1;1;0;3654.0;3653.75
2022.09.30 15:51:25;1664553085462;3654.25;1;1;0;3654.0;3653.75
2022.09.30 15:51:25;1664553085462;3654.25;1;1;0;3654.0;3653.75
2022.09.30 15:51:25;1664553085479;3654.0;1;0;1;3654.0;3653.75
2022.09.30 15:51:25;1664553085510;3654.25;2;1;0;3654.0;3653.75
2022.09.30 15:51:25;1664553085559;3654.25;1;1;0;3654.0;3653.75
2022.09.30 15:51:25;1664553085560;3654.25;1;1;0;3654.0;3653.75
2022.09.30 15:51:25;1664553085560;3654.25;1;1;0;3654.0;3653.75
2022.09.30 15:51:25;1664553085560;3654.25;1;0;1;3654.0;3653.75
2022.09.30 15:51:25;1664553085560;3654.25;1;0;1;3654.0;3653.75
2022.09.30 15:51:25;1664553085560;3654.25;1;0;1;3654.0;3653.75
2022.09.30 15:51:25;1664553085560;3654.25;1;0;0;3654.0;3653.75
2022.09.30 15:51:25;1664553085570;3654.25;2;0;1;3654.0;3653.75
2022.09.30 15:51:25;1664553085972;3654.25;1;0;1;3654.0;3653.75
2022.09.30 15:51:25;1664553085972;3654.25;1;0;1;3654.0;3653.75
2022.09.30 15:51:26;1664553086079;3654.25;1;0;1;3654.0;3653.75
2022.09.30 15:51:26;1664553086079;3654.25;1;0;1;3654.0;3653.75
2022.09.30 15:51:26;1664553086151;3654.25;1;0;1;3654.0;3653.75
2022.09.30 15:51:26;1664553086151;3654.25;1;0;1;3654.0;3653.75
2022.09.30 15:51:26;1664553086166;3654.25;1;0;1;3654.0;3653.75
2022.09.30 15:51:26;1664553086166;3654.25;1;0;1;3654.0;3653.75
2022.09.30 15:51:26;1664553086166;3654.25;1;0;1;3654.0;3653.75
2022.09.30 15:51:26;1664553086166;3654.25;1;0;1;3654.0;3653.75
2022.09.30 15:51:26;1664553086166;3654.25;1;0;1;3654.0;3653.75
2022.09.30 15:51:26;1664553086167;3654.25;1;0;0;3654.0;3653.75
2022.09.30 15:51:26;1664553086636;3654.25;7;1;0;3654.0;3653.75
2022.09.30 15:51:26;1664553086636;3654.25;1;1;0;3654.0;3653.75
2022.09.30 15:51:26;1664553086636;3654.25;1;1;0;3654.0;3653.75
2022.09.30 15:51:26;1664553086636;3654.25;1;1;0;3654.0;3653.75
2022.09.30 15:51:26;1664553086636;3654.25;1;1;0;3654.0;3653.75
2022.09.30 15:51:26;1664553086636;3654.25;1;1;0;3654.0;3653.75
2022.09.30 15:51:26;1664553086636;3654.25;1;1;0;3654.0;3653.75
2022.09.30 15:51:26;1664553086636;3654.25;3;1;0;3654.0;3653.75
2022.09.30 15:51:26;1664553086636;3654.25;3;0;0;3654.0;3653.75
2022.09.30 15:51:26;1664553086851;3654.25;1;0;1;3654.0;3653.75
2022.09.30 15:51:26;1664553086851;3654.25;1;0;1;3654.0;3653.75
2022.09.30 15:51:26;1664553086851;3654.25;2;0;1;3654.0;3653.75
2022.09.30 15:51:26;1664553086851;3654.25;1;0;1;3654.0;3653.75
2022.09.30 15:51:26;1664553086855;3654.25;1;0;1;3654.0;3653.75
2022.09.30 15:51:26;1664553086855;3654.25;1;0;1;3654.0;3653.75
2022.09.30 15:51:26;1664553086855;3654.25;1;0;1;3654.0;3653.75
2022.09.30 15:51:26;1664553086855;3654.25;1;0;1;3654.0;3653.75
2022.09.30 15:51:26;1664553086855;3654.25;2;0;1;3654.0;3653.75
2022.09.30 15:51:26;1664553086855;3654.25;2;0;0;3654.0;3653.75
2022.09.30 15:51:26;1664553086855;3654.25;2;0;0;3654.0;3653.75
2022.09.30 15:51:26;1664553086855;3654.25;1;1;0;3654.0;3653.75
2022.09.30 15:51:26;1664553086855;3654.25;1;1;0;3654.0;3653.75
2022.09.30 15:51:26;1664553086855;3654.25;1;1;0;3654.0;3653.75
2022.09.30 15:51:26;1664553086855;3654.25;1;1;0;3654.0;3653.75
2022.09.30 15:51:26;1664553086855;3654.25;1;1;0;3654.0;3653.75
2022.09.30 15:51:26;1664553086855;3654.25;1;0;0;3654.0;3653.75
2022.09.30 15:51:27;1664553087120;3654.5;1;1;0;3654.0;3653.75
2022.09.30 15:51:27;1664553087121;3654.25;1;0;1;3654.0;3653.75
2022.09.30 15:51:27;1664553087565;3654.25;1;0;1;3654.0;3653.75
2022.09.30 15:51:27;1664553087769;3654.5;1;1;0;3654.0;3653.75
2022.09.30 15:51:27;1664553087769;3654.5;1;1;0;3654.0;3653.75
2022.09.30 15:51:27;1664553087769;3654.5;1;1;0;3654.0;3653.75
2022.09.30 15:51:27;1664553087769;3654.5;4;1;0;3654.0;3653.75
2022.09.30 15:51:27;1664553087769;3654.5;1;1;0;3654.0;3653.75
2022.09.30 15:51:27;1664553087770;3654.5;5;1;0;3654.0;3653.75
2022.09.30 15:51:27;1664553087770;3654.5;1;1;0;3654.0;3653.75
2022.09.30 15:51:27;1664553087770;3654.5;1;1;0;3654.0;3653.75
2022.09.30 15:51:27;1664553087770;3654.5;1;1;0;3654.0;3653.75
2022.09.30 15:51:27;1664553087770;3654.5;1;1;0;3654.0;3653.75
2022.09.30 15:51:27;1664553087770;3654.5;1;1;0;3654.0;3653.75
2022.09.30 15:51:27;1664553087770;3654.5;2;1;0;3654.0;3653.75
2022.09.30 15:51:27;1664553087770;3654.5;1;1;0;3654.0;3653.75
2022.09.30 15:51:27;1664553087770;3654.5;1;1;0;3654.0;3653.75
2022.09.30 15:51:27;1664553087770;3654.5;1;1;0;3654.0;3653.75
2022.09.30 15:51:27;1664553087770;3654.5;1;1;0;3654.0;3653.75
2022.09.30 15:51:27;1664553087770;3654.5;1;0;0;3654.0;3653.75
2022.09.30 15:51:27;1664553087775;3654.5;1;0;1;3654.0;3653.75
2022.09.30 15:51:27;1664553087775;3654.5;4;0;1;3654.0;3653.75
2022.09.30 15:51:27;1664553087775;3654.5;1;0;1;3654.0;3653.75
2022.09.30 15:51:27;1664553087775;3654.5;1;0;1;3654.0;3653.75
2022.09.30 15:51:27;1664553087775;3654.5;1;0;1;3654.0;3653.75
2022.09.30 15:51:27;1664553087775;3654.5;1;0;1;3654.0;3653.75
2022.09.30 15:51:27;1664553087775;3654.5;1;0;1;3654.0;3653.75
2022.09.30 15:51:27;1664553087775;3654.5;2;0;1;3654.0;3653.75
2022.09.30 15:51:27;1664553087775;3654.5;1;0;1;3654.0;3653.75
2022.09.30 15:51:27;1664553087775;3654.5;1;0;0;3654.0;3653.75
2022.09.30 15:51:27;1664553087836;3654.25;1;0;1;3654.0;3653.75
2022.09.30 15:51:28;1664553088081;3654.5;1;1;0;3654.0;3653.75
2022.09.30 15:51:28;1664553088081;3654.5;1;1;0;3654.0;3653.75
2022.09.30 15:51:28;1664553088081;3654.5;1;1;0;3654.0;3653.75
2022.09.30 15:51:28;1664553088081;3654.5;1;0;0;3654.0;3653.75
2022.09.30 15:51:28;1664553088081;3654.5;1;0;0;3654.0;3653.75
2022.09.30 15:51:28;1664553088091;3654.5;1;0;1;3654.0;3653.75
2022.09.30 15:51:28;1664553088091;3654.5;1;0;1;3654.0;3653.75
2022.09.30 15:51:28;1664553088092;3654.75;2;1;0;3654.0;3653.75
2022.09.30 15:51:28;1664553088281;3654.5;1;0;1;3654.0;3653.75
2022.09.30 15:51:28;1664553088281;3654.5;1;0;1;3654.0;3653.75
2022.09.30 15:51:28;1664553088487;3654.5;1;0;1;3654.0;3653.75
2022.09.30 15:51:28;1664553088643;3654.75;1;1;0;3654.0;3653.75
2022.09.30 15:51:28;1664553088643;3654.5;1;0;1;3654.0;3653.75
2022.09.30 15:51:28;1664553088647;3654.75;1;1;0;3654.0;3653.75
2022.09.30 15:51:28;1664553088647;3654.75;1;1;0;3654.0;3653.75
2022.09.30 15:51:28;1664553088648;3654.75;1;1;0;3654.0;3653.75
2022.09.30 15:51:28;1664553088648;3654.75;1;1;0;3654.0;3653.75
2022.09.30 15:51:28;1664553088648;3654.75;1;1;0;3654.0;3653.75
2022.09.30 15:51:28;1664553088648;3654.75;1;1;0;3654.0;3653.75
2022.09.30 15:51:28;1664553088648;3654.75;1;1;0;3654.0;3653.75
2022.09.30 15:51:28;1664553088648;3654.75;1;1;0;3654.0;3653.75
2022.09.30 15:51:28;1664553088648;3654.75;1;1;0;3654.0;3653.75
2022.09.30 15:51:28;1664553088648;3654.75;3;1;0;3654.0;3653.75
2022.09.30 15:51:28;1664553088648;3654.75;3;0;0;3654.0;3653.75
2022.09.30 15:51:28;1664553088648;3654.75;5;0;1;3654.0;3653.75
2022.09.30 15:51:28;1664553088649;3654.75;1;0;1;3654.0;3653.75
2022.09.30 15:51:28;1664553088649;3654.75;1;0;1;3654.0;3653.75
2022.09.30 15:51:28;1664553088649;3654.75;1;1;0;3654.0;3653.75
2022.09.30 15:51:28;1664553088649;3654.75;1;0;0;3654.0;3653.75
2022.09.30 15:51:28;1664553088686;3654.75;2;1;0;3654.0;3653.75
2022.09.30 15:51:28;1664553088686;3654.75;2;1;0;3654.0;3653.75
2022.09.30 15:51:28;1664553088686;3654.75;1;1;0;3654.0;3653.75
2022.09.30 15:51:28;1664553088686;3654.75;1;1;0;3654.0;3653.75
2022.09.30 15:51:28;1664553088686;3654.75;1;0;0;3654.0;3653.75
2022.09.30 15:51:28;1664553088696;3654.75;1;0;0;3654.0;3653.75
2022.09.30 15:51:28;1664553088713;3654.75;1;0;1;3654.0;3653.75
2022.09.30 15:51:28;1664553088713;3654.75;1;0;1;3654.0;3653.75
2022.09.30 15:51:28;1664553088713;3654.75;1;0;1;3654.0;3653.75
2022.09.30 15:51:28;1664553088713;3654.5;1;0;1;3654.0;3653.75
2022.09.30 15:51:28;1664553088713;3654.5;1;0;1;3654.0;3653.75
2022.09.30 15:51:28;1664553088713;3654.75;1;0;1;3654.0;3653.75
2022.09.30 15:51:28;1664553088713;3654.75;1;0;1;3654.0;3653.75
2022.09.30 15:51:28;1664553088713;3654.75;1;0;1;3654.0;3653.75
2022.09.30 15:51:28;1664553088713;3654.75;1;0;1;3654.0;3653.75
2022.09.30 15:51:28;1664553088713;3654.75;1;0;1;3654.0;3653.75
2022.09.30 15:51:28;1664553088713;3654.75;1;0;1;3654.0;3653.75
2022.09.30 15:51:28;1664553088713;3654.75;1;0;1;3654.0;3653.75
2022.09.30 15:51:28;1664553088713;3654.75;1;0;1;3654.0;3653.75
2022.09.30 15:51:28;1664553088713;3654.75;1;0;1;3654.0;3653.75
2022.09.30 15:51:28;1664553088713;3654.75;2;0;1;3654.0;3653.75
2022.09.30 15:51:28;1664553088714;3654.75;1;0;1;3654.0;3653.75
2022.09.30 15:51:28;1664553088715;3654.75;1;0;0;3654.0;3653.75
2022.09.30 15:51:28;1664553088757;3654.75;1;1;0;3654.0;3653.75
2022.09.30 15:51:28;1664553088766;3654.75;1;1;0;3654.0;3653.75
2022.09.30 15:51:28;1664553088766;3654.75;1;0;0;3654.0;3653.75
2022.09.30 15:51:28;1664553088772;3654.75;1;0;0;3654.0;3653.75
2022.09.30 15:51:28;1664553088851;3654.75;1;0;1;3654.0;3653.75
2022.09.30 15:51:28;1664553088851;3654.75;1;0;1;3654.0;3653.75
2022.09.30 15:51:28;1664553088851;3654.75;1;0;1;3654.0;3653.75
2022.09.30 15:51:28;1664553088851;3654.75;1;0;1;3654.0;3653.75
2022.09.30 15:51:28;1664553088851;3654.75;1;0;1;3654.0;3653.75
2022.09.30 15:51:28;1664553088851;3654.75;1;0;1;3654.0;3653.75
2022.09.30 15:51:28;1664553088851;3654.75;1;1;0;3654.0;3653.75
2022.09.30 15:51:28;1664553088851;3654.75;1;1;0;3654.0;3653.75
2022.09.30 15:51:28;1664553088851;3654.75;1;1;0;3654.0;3653.75
2022.09.30 15:51:28;1664553088851;3654.75;1;1;0;3654.0;3653.75
2022.09.30 15:51:28;1664553088851;3654.75;1;0;0;3654.0;3653.75
2022.09.30 15:51:28;1664553088851;3654.75;1;0;1;3654.0;3653.75
2022.09.30 15:51:28;1664553088851;3654.75;1;0;1;3654.0;3653.75
2022.09.30 15:51:28;1664553088852;3654.75;1;0;0;3654.0;3653.75
2022.09.30 15:51:28;1664553088852;3654.75;1;0;1;3654.0;3653.75
2022.09.30 15:51:28;1664553088852;3654.75;1;0;1;3654.0;3653.75
2022.09.30 15:51:28;1664553088865;3654.75;1;0;0;3654.0;3653.75
2022.09.30 15:51:28;1664553088919;3654.75;2;1;0;3654.0;3653.75
2022.09.30 15:51:28;1664553088919;3654.75;2;1;0;3654.0;3653.75
2022.09.30 15:51:28;1664553088919;3654.75;1;1;0;3654.0;3653.75
2022.09.30 15:51:28;1664553088919;3654.75;1;1;0;3654.0;3653.75
2022.09.30 15:51:28;1664553088919;3654.75;1;1;0;3654.0;3653.75
2022.09.30 15:51:28;1664553088919;3654.75;1;1;0;3654.0;3653.75
2022.09.30 15:51:28;1664553088919;3654.75;1;1;0;3654.0;3653.75
2022.09.30 15:51:28;1664553088919;3654.75;1;1;0;3654.0;3653.75
2022.09.30 15:51:28;1664553088919;3654.75;1;0;1;3654.0;3653.75
2022.09.30 15:51:28;1664553088919;3654.75;1;0;1;3654.0;3653.75
2022.09.30 15:51:28;1664553088919;3654.75;1;0;1;3654.0;3653.75
2022.09.30 15:51:28;1664553088932;3654.75;1;0;1;3654.0;3653.75
2022.09.30 15:51:28;1664553088933;3654.75;1;0;0;3654.0;3653.75
2022.09.30 15:51:28;1664553088936;3654.75;1;0;1;3654.0;3653.75
2022.09.30 15:51:29;1664553089330;3654.75;1;0;1;3654.0;3653.75
2022.09.30 15:51:29;1664553089330;3654.75;1;0;1;3654.0;3653.75
2022.09.30 15:51:29;1664553089330;3654.75;1;0;1;3654.0;3653.75
2022.09.30 15:51:29;1664553089330;3654.75;1;0;1;3654.0;3653.75
2022.09.30 15:51:29;1664553089330;3654.75;2;0;1;3654.0;3653.75
2022.09.30 15:51:29;1664553089434;3655.0;1;1;0;3654.0;3653.75
2022.09.30 15:51:29;1664553089434;3655.0;1;1;0;3654.0;3653.75
2022.09.30 15:51:29;1664553089434;3655.0;1;1;0;3654.0;3653.75
2022.09.30 15:51:29;1664553089434;3655.0;1;1;0;3654.0;3653.75
2022.09.30 15:51:29;1664553089435;3655.0;1;1;0;3654.0;3653.75
2022.09.30 15:51:29;1664553089435;3655.0;1;1;0;3654.0;3653.75
2022.09.30 15:51:29;1664553089435;3655.0;1;1;0;3654.0;3653.75
2022.09.30 15:51:29;1664553089435;3655.0;1;1;0;3654.0;3653.75
2022.09.30 15:51:29;1664553089435;3655.0;1;1;0;3654.0;3653.75
2022.09.30 15:51:29;1664553089435;3655.0;1;1;0;3654.0;3653.75
2022.09.30 15:51:29;1664553089435;3655.0;1;1;0;3654.0;3653.75
2022.09.30 15:51:29;1664553089435;3655.0;1;1;0;3654.0;3653.75
2022.09.30 15:51:29;1664553089435;3655.0;1;1;0;3654.0;3653.75
2022.09.30 15:51:29;1664553089436;3655.0;1;1;0;3654.0;3653.75
2022.09.30 15:51:29;1664553089436;3655.0;3;1;0;3654.0;3653.75
2022.09.30 15:51:29;1664553089436;3655.0;1;1;0;3654.0;3653.75
2022.09.30 15:51:29;1664553089436;3655.0;2;1;0;3654.0;3653.75
2022.09.30 15:51:29;1664553089436;3655.0;1;1;0;3654.0;3653.75
2022.09.30 15:51:29;1664553089436;3655.0;1;1;0;3654.0;3653.75
2022.09.30 15:51:29;1664553089436;3655.0;1;1;0;3654.0;3653.75
2022.09.30 15:51:29;1664553089436;3655.0;2;1;0;3654.0;3653.75
2022.09.30 15:51:29;1664553089436;3655.0;1;1;0;3654.0;3653.75
2022.09.30 15:51:29;1664553089436;3655.0;1;1;0;3654.0;3653.75
2022.09.30 15:51:29;1664553089436;3655.0;1;1;0;3654.0;3653.75
2022.09.30 15:51:29;1664553089436;3655.0;1;1;0;3654.0;3653.75
2022.09.30 15:51:29;1664553089436;3655.0;1;1;0;3654.0;3653.75
2022.09.30 15:51:29;1664553089436;3655.0;1;1;0;3654.0;3653.75
2022.09.30 15:51:29;1664553089436;3655.0;1;0;1;3654.0;3653.75
2022.09.30 15:51:29;1664553089436;3655.0;1;0;1;3654.0;3653.75
2022.09.30 15:51:29;1664553089436;3655.0;1;0;0;3654.0;3653.75
2022.09.30 15:51:29;1664553089438;3655.0;1;0;1;3654.0;3653.75
2022.09.30 15:51:29;1664553089438;3655.0;1;0;1;3654.0;3653.75
2022.09.30 15:51:29;1664553089438;3655.0;1;0;1;3654.0;3653.75
2022.09.30 15:51:29;1664553089438;3655.0;1;0;0;3654.0;3653.75
2022.09.30 15:51:29;1664553089452;3655.0;1;1;0;3654.0;3653.75
2022.09.30 15:51:29;1664553089452;3655.0;1;1;0;3654.0;3653.75
2022.09.30 15:51:29;1664553089452;3655.0;1;1;0;3654.0;3653.75
2022.09.30 15:51:29;1664553089452;3655.0;1;1;0;3654.0;3653.75
2022.09.30 15:51:29;1664553089452;3655.0;1;1;0;3654.0;3653.75
2022.09.30 15:51:29;1664553089452;3655.0;1;0;1;3654.0;3653.75
2022.09.30 15:51:29;1664553089452;3655.0;1;1;0;3654.0;3653.75
2022.09.30 15:51:29;1664553089452;3655.0;1;0;1;3654.0;3653.75
2022.09.30 15:51:29;1664553089452;3655.0;1;1;0;3654.0;3653.75
2022.09.30 15:51:29;1664553089453;3655.0;1;0;0;3654.0;3653.75
2022.09.30 15:51:29;1664553089455;3655.25;2;1;0;3654.0;3653.75
2022.09.30 15:51:29;1664553089455;3655.25;1;1;0;3654.0;3653.75
2022.09.30 15:51:29;1664553089455;3655.25;1;1;0;3654.0;3653.75
2022.09.30 15:51:29;1664553089455;3655.25;2;1;0;3654.0;3653.75
2022.09.30 15:51:29;1664553089455;3655.25;4;1;0;3654.0;3653.75
2022.09.30 15:51:29;1664553089455;3655.25;4;0;0;3654.0;3653.75
2022.09.30 15:51:29;1664553089490;3655.0;1;0;1;3654.0;3653.75
2022.09.30 15:51:29;1664553089517;3655.25;1;1;0;3654.0;3653.75
2022.09.30 15:51:29;1664553089745;3655.25;1;1;0;3654.0;3653.75
2022.09.30 15:51:29;1664553089745;3655.25;1;1;0;3654.0;3653.75
2022.09.30 15:51:29;1664553089746;3655.0;1;0;1;3654.0;3653.75
2022.09.30 15:51:29;1664553089746;3655.0;1;0;1;3654.0;3653.75
2022.09.30 15:51:29;1664553089747;3655.0;1;0;1;3654.0;3653.75
2022.09.30 15:51:29;1664553089747;3655.0;1;0;1;3654.0;3653.75
2022.09.30 15:51:29;1664553089747;3655.0;1;0;1;3654.0;3653.75
2022.09.30 15:51:29;1664553089747;3655.0;1;0;1;3654.0;3653.75
2022.09.30 15:51:29;1664553089747;3655.0;1;0;1;3654.0;3653.75
2022.09.30 15:51:29;1664553089747;3655.0;1;0;1;3654.0;3653.75
2022.09.30 15:51:29;1664553089747;3655.0;1;0;1;3654.0;3653.75
2022.09.30 15:51:29;1664553089747;3655.0;1;0;1;3654.0;3653.75
2022.09.30 15:51:29;1664553089748;3655.0;1;0;1;3654.0;3653.75
2022.09.30 15:51:29;1664553089748;3655.0;1;0;0;3654.0;3653.75
2022.09.30 15:51:29;1664553089757;3655.0;1;0;0;3654.0;3653.75
2022.09.30 15:51:29;1664553089757;3655.0;1;0;0;3654.0;3653.75
2022.09.30 15:51:29;1664553089757;3655.0;1;0;0;3654.0;3653.75
2022.09.30 15:51:29;1664553089906;3655.0;1;0;0;3654.0;3653.75
2022.09.30 15:51:30;1664553090156;3655.25;1;1;0;3654.0;3653.75
2022.09.30 15:51:30;1664553090684;3655.0;1;0;1;3654.0;3653.75
2022.09.30 15:51:30;1664553090855;3655.25;1;1;0;3654.0;3653.75
2022.09.30 15:51:30;1664553090855;3655.25;1;1;0;3654.0;3653.75
2022.09.30 15:51:30;1664553090855;3655.25;1;1;0;3654.0;3653.75
2022.09.30 15:51:30;1664553090855;3655.25;7;1;0;3654.0;3653.75
2022.09.30 15:51:30;1664553090855;3655.25;1;1;0;3654.0;3653.75
2022.09.30 15:51:30;1664553090856;3655.25;1;1;0;3654.0;3653.75
2022.09.30 15:51:30;1664553090856;3655.25;1;1;0;3654.0;3653.75
2022.09.30 15:51:30;1664553090856;3655.25;1;1;0;3654.0;3653.75
2022.09.30 15:51:30;1664553090856;3655.25;1;1;0;3654.0;3653.75
2022.09.30 15:51:30;1664553090856;3655.25;1;0;1;3654.0;3653.75
2022.09.30 15:51:30;1664553090856;3655.25;1;0;1;3654.0;3653.75
2022.09.30 15:51:30;1664553090856;3655.25;1;0;1;3654.0;3653.75
2022.09.30 15:51:30;1664553090856;3655.25;1;0;1;3654.0;3653.75
2022.09.30 15:51:30;1664553090856;3655.25;1;0;1;3654.0;3653.75
2022.09.30 15:51:30;1664553090856;3655.25;1;0;1;3654.0;3653.75
2022.09.30 15:51:30;1664553090856;3655.25;1;0;1;3654.0;3653.75
2022.09.30 15:51:30;1664553090856;3655.25;1;1;0;3654.0;3653.75
2022.09.30 15:51:30;1664553090856;3655.25;1;1;0;3654.0;3653.75
2022.09.30 15:51:30;1664553090857;3655.25;1;0;0;3654.0;3653.75
2022.09.30 15:51:30;1664553090859;3655.25;1;0;1;3654.0;3653.75
2022.09.30 15:51:30;1664553090859;3655.25;1;0;1;3654.0;3653.75
2022.09.30 15:51:30;1664553090876;3655.25;1;0;1;3654.0;3653.75
2022.09.30 15:51:30;1664553090876;3655.25;1;0;1;3654.0;3653.75
2022.09.30 15:51:30;1664553090877;3655.25;1;0;1;3654.0;3653.75
2022.09.30 15:51:30;1664553090877;3655.25;1;0;1;3654.0;3653.75
2022.09.30 15:51:30;1664553090877;3655.25;1;0;1;3654.0;3653.75
2022.09.30 15:51:30;1664553090877;3655.25;1;0;0;3654.0;3653.75
2022.09.30 15:51:30;1664553090879;3655.25;1;1;0;3654.0;3653.75
2022.09.30 15:51:30;1664553090879;3655.25;1;1;0;3654.0;3653.75
2022.09.30 15:51:30;1664553090879;3655.25;1;1;0;3654.0;3653.75
2022.09.30 15:51:30;1664553090880;3655.25;1;0;0;3654.0;3653.75
2022.09.30 15:51:31;1664553091077;3655.25;1;0;1;3654.0;3653.75
2022.09.30 15:51:31;1664553091287;3655.25;1;0;1;3654.0;3653.75
2022.09.30 15:51:31;1664553091287;3655.25;1;0;1;3654.0;3653.75
2022.09.30 15:51:31;1664553091287;3655.25;1;0;1;3654.0;3653.75
2022.09.30 15:51:31;1664553091287;3655.25;1;0;1;3654.0;3653.75
2022.09.30 15:51:31;1664553091287;3655.25;1;0;1;3654.0;3653.75
2022.09.30 15:51:31;1664553091287;3655.25;1;0;1;3654.0;3653.75
2022.09.30 15:51:31;1664553091287;3655.25;1;0;1;3654.0;3653.75
2022.09.30 15:51:31;1664553091287;3655.25;1;0;0;3654.0;3653.75
2022.09.30 15:51:31;1664553091290;3655.25;1;1;0;3654.0;3653.75
2022.09.30 15:51:31;1664553091290;3655.25;1;1;0;3654.0;3653.75
2022.09.30 15:51:31;1664553091290;3655.25;1;0;0;3654.0;3653.75
2022.09.30 15:51:31;1664553091331;3655.25;1;0;1;3654.0;3653.75
2022.09.30 15:51:31;1664553091331;3655.25;1;0;0;3654.0;3653.75
2022.09.30 15:51:31;1664553091368;3655.0;1;0;1;3654.0;3653.75
2022.09.30 15:51:31;1664553091368;3655.0;1;0;1;3654.0;3653.75
2022.09.30 15:51:31;1664553091368;3655.0;1;0;1;3654.0;3653.75
2022.09.30 15:51:31;1664553091368;3655.0;1;0;1;3654.0;3653.75
2022.09.30 15:51:31;1664553091368;3655.0;1;0;1;3654.0;3653.75
2022.09.30 15:51:31;1664553091368;3655.0;1;0;0;3654.0;3653.75
2022.09.30 15:51:31;1664553091444;3655.25;1;1;0;3654.0;3653.75
2022.09.30 15:51:31;1664553091444;3655.25;1;1;0;3654.0;3653.75
2022.09.30 15:51:31;1664553091444;3655.25;1;1;0;3654.0;3653.75
2022.09.30 15:51:31;1664553091444;3655.25;1;1;0;3654.0;3653.75
2022.09.30 15:51:31;1664553091444;3655.25;1;1;0;3654.0;3653.75
2022.09.30 15:51:31;1664553091445;3655.25;1;1;0;3654.0;3653.75
2022.09.30 15:51:31;1664553091445;3655.25;1;0;1;3654.0;3653.75
2022.09.30 15:51:31;1664553091445;3655.25;2;0;1;3654.0;3653.75
2022.09.30 15:51:31;1664553091462;3655.25;1;1;0;3654.0;3653.75
2022.09.30 15:51:31;1664553091463;3655.25;1;0;0;3654.0;3653.75
2022.09.30 15:51:31;1664553091509;3655.25;1;0;0;3654.0;3653.75
2022.09.30 15:51:31;1664553091546;3655.0;1;0;1;3654.0;3653.75
2022.09.30 15:51:31;1664553091546;3655.25;1;1;0;3654.0;3653.75
2022.09.30 15:51:31;1664553091546;3655.25;1;0;0;3654.0;3653.75
2022.09.30 15:51:31;1664553091657;3655.0;1;0;1;3654.0;3653.75
2022.09.30 15:51:31;1664553091724;3655.5;1;1;0;3654.0;3653.75
2022.09.30 15:51:31;1664553091724;3655.5;1;1;0;3654.0;3653.75
2022.09.30 15:51:31;1664553091724;3655.5;1;1;0;3654.0;3653.75
2022.09.30 15:51:31;1664553091724;3655.5;1;1;0;3654.0;3653.75
2022.09.30 15:51:31;1664553091724;3655.5;1;1;0;3654.0;3653.75
2022.09.30 15:51:31;1664553091724;3655.5;1;1;0;3654.0;3653.75
2022.09.30 15:51:31;1664553091724;3655.5;1;0;0;3654.0;3653.75
2022.09.30 15:51:31;1664553091900;3655.5;1;1;0;3654.0;3653.75
2022.09.30 15:51:31;1664553091900;3655.5;1;1;0;3654.0;3653.75
2022.09.30 15:51:31;1664553091900;3655.5;1;1;0;3654.0;3653.75
2022.09.30 15:51:31;1664553091908;3655.25;1;0;1;3654.0;3653.75
2022.09.30 15:51:31;1664553091909;3655.25;1;0;1;3654.0;3653.75
2022.09.30 15:51:31;1664553091909;3655.25;1;0;1;3654.0;3653.75
2022.09.30 15:51:31;1664553091910;3655.25;1;0;0;3654.0;3653.75
2022.09.30 15:51:31;1664553091947;3655.25;1;1;0;3654.0;3653.75
2022.09.30 15:51:31;1664553091947;3655.25;1;0;0;3654.0;3653.75
2022.09.30 15:51:32;1664553092016;3655.25;2;0;1;3654.0;3653.75
2022.09.30 15:51:32;1664553092016;3655.25;1;0;1;3654.0;3653.75
2022.09.30 15:51:32;1664553092017;3655.25;1;0;1;3654.0;3653.75
2022.09.30 15:51:32;1664553092017;3655.25;1;0;1;3654.0;3653.75
2022.09.30 15:51:32;1664553092017;3655.25;1;0;1;3654.0;3653.75
2022.09.30 15:51:32;1664553092017;3655.25;1;0;0;3654.0;3653.75
2022.09.30 15:51:32;1664553092076;3655.0;4;0;1;3654.0;3653.75
2022.09.30 15:51:32;1664553092076;3655.0;4;0;1;3654.0;3653.75
2022.09.30 15:51:32;1664553092076;3655.0;1;0;1;3654.0;3653.75
2022.09.30 15:51:32;1664553092076;3655.0;1;0;1;3654.0;3653.75
2022.09.30 15:51:32;1664553092076;3655.0;1;0;1;3654.0;3653.75
2022.09.30 15:51:32;1664553092076;3655.0;1;0;1;3654.0;3653.75
2022.09.30 15:51:32;1664553092076;3655.0;1;0;1;3654.0;3653.75
2022.09.30 15:51:32;1664553092076;3655.0;1;0;1;3654.0;3653.75
2022.09.30 15:51:32;1664553092076;3655.0;1;0;1;3654.0;3653.75
2022.09.30 15:51:32;1664553092076;3655.0;1;0;1;3654.0;3653.75
2022.09.30 15:51:32;1664553092076;3655.0;1;0;1;3654.0;3653.75
2022.09.30 15:51:32;1664553092076;3655.0;2;0;1;3654.0;3653.75
2022.09.30 15:51:32;1664553092077;3655.0;1;0;1;3654.0;3653.75
2022.09.30 15:51:32;1664553092077;3655.0;1;0;1;3654.0;3653.75
2022.09.30 15:51:32;1664553092117;3655.25;1;1;0;3654.0;3653.75
2022.09.30 15:51:32;1664553092400;3655.25;1;1;0;3654.0;3653.75
2022.09.30 15:51:32;1664553092400;3655.25;1;1;0;3654.0;3653.75
2022.09.30 15:51:32;1664553092400;3655.25;1;1;0;3654.0;3653.75
2022.09.30 15:51:32;1664553092400;3655.25;1;1;0;3654.0;3653.75
2022.09.30 15:51:32;1664553092400;3655.25;1;0;1;3654.0;3653.75
2022.09.30 15:51:32;1664553092400;3655.25;1;0;1;3654.0;3653.75
2022.09.30 15:51:32;1664553092400;3655.25;1;0;1;3654.0;3653.75
2022.09.30 15:51:32;1664553092400;3655.25;1;0;1;3654.0;3653.75
2022.09.30 15:51:32;1664553092400;3655.25;1;1;0;3654.0;3653.75
2022.09.30 15:51:32;1664553092400;3655.25;1;0;0;3654.0;3653.75
2022.09.30 15:51:32;1664553092424;3655.25;1;0;1;3654.0;3653.75
2022.09.30 15:51:32;1664553092424;3655.25;1;0;1;3654.0;3653.75
2022.09.30 15:51:32;1664553092424;3655.25;1;1;0;3654.0;3653.75
2022.09.30 15:51:32;1664553092424;3655.25;1;1;0;3654.0;3653.75
2022.09.30 15:51:32;1664553092425;3655.25;1;0;0;3654.0;3653.75
2022.09.30 15:51:32;1664553092438;3655.25;1;1;0;3654.0;3653.75
2022.09.30 15:51:32;1664553092438;3655.25;1;0;0;3654.0;3653.75
2022.09.30 15:51:32;1664553092439;3655.25;1;0;0;3654.0;3653.75
2022.09.30 15:51:32;1664553092494;3655.25;1;0;0;3654.0;3653.75
2022.09.30 15:51:32;1664553092504;3655.25;1;0;0;3654.0;3653.75
2022.09.30 15:51:32;1664553092507;3655.25;1;0;1;3654.0;3653.75
2022.09.30 15:51:32;1664553092507;3655.25;1;0;1;3654.0;3653.75
2022.09.30 15:51:32;1664553092507;3655.25;1;0;1;3654.0;3653.75
2022.09.30 15:51:32;1664553092507;3655.25;1;0;0;3654.0;3653.75
2022.09.30 15:51:32;1664553092507;3655.25;1;1;0;3654.0;3653.75
2022.09.30 15:51:32;1664553092508;3655.25;1;1;0;3654.0;3653.75
2022.09.30 15:51:32;1664553092508;3655.25;1;1;0;3654.0;3653.75
2022.09.30 15:51:32;1664553092509;3655.25;1;1;0;3654.0;3653.75
2022.09.30 15:51:32;1664553092509;3655.25;1;0;0;3654.0;3653.75
2022.09.30 15:51:32;1664553092509;3655.25;1;0;0;3654.0;3653.75
2022.09.30 15:51:32;1664553092516;3655.25;1;0;1;3654.0;3653.75
2022.09.30 15:51:32;1664553092516;3655.25;1;0;0;3654.0;3653.75
2022.09.30 15:51:32;1664553092531;3655.25;1;0;0;3654.0;3653.75
2022.09.30 15:51:32;1664553092536;3655.25;1;0;0;3654.0;3653.75
2022.09.30 15:51:32;1664553092737;3655.25;1;1;0;3654.0;3653.75
2022.09.30 15:51:32;1664553092749;3655.25;1;1;0;3654.0;3653.75
2022.09.30 15:51:32;1664553092749;3655.25;1;1;0;3654.0;3653.75
2022.09.30 15:51:32;1664553092968;3655.25;1;1;0;3654.0;3653.75
2022.09.30 15:51:33;1664553093225;3655.25;2;1;0;3654.0;3653.75
2022.09.30 15:51:33;1664553093225;3655.25;1;1;0;3654.0;3653.75
2022.09.30 15:51:33;1664553093225;3655.25;1;1;0;3654.0;3653.75
2022.09.30 15:51:33;1664553093226;3655.25;1;1;0;3654.0;3653.75
2022.09.30 15:51:33;1664553093226;3655.25;1;1;0;3654.0;3653.75
2022.09.30 15:51:33;1664553093226;3655.25;5;1;0;3654.0;3653.75
2022.09.30 15:51:33;1664553093226;3655.25;1;1;0;3654.0;3653.75
2022.09.30 15:51:33;1664553093226;3655.25;5;1;0;3654.0;3653.75
2022.09.30 15:51:33;1664553093226;3655.25;1;1;0;3654.0;3653.75
2022.09.30 15:51:33;1664553093226;3655.25;1;1;0;3654.0;3653.75
2022.09.30 15:51:33;1664553093226;3655.25;1;0;1;3654.0;3653.75
2022.09.30 15:51:33;1664553093226;3655.25;1;0;1;3654.0;3653.75
2022.09.30 15:51:33;1664553093226;3655.25;1;0;1;3654.0;3653.75
2022.09.30 15:51:33;1664553093226;3655.25;1;0;1;3654.0;3653.75
2022.09.30 15:51:33;1664553093226;3655.25;1;0;0;3654.0;3653.75
2022.09.30 15:51:33;1664553093228;3655.25;1;1;1;3654.0;3653.75
2022.09.30 15:51:33;1664553093228;3655.25;1;1;1;3654.0;3653.75
2022.09.30 15:51:33;1664553093228;3655.25;1;1;1;3654.0;3653.75
2022.09.30 15:51:33;1664553093228;3655.25;1;0;1;3654.0;3653.75
2022.09.30 15:51:33;1664553093228;3655.25;1;0;1;3654.0;3653.75
2022.09.30 15:51:33;1664553093229;3655.25;1;0;0;3654.0;3653.75
2022.09.30 15:51:33;1664553093229;3655.25;1;0;0;3654.0;3653.75
2022.09.30 15:51:33;1664553093230;3655.25;1;1;0;3654.0;3653.75
2022.09.30 15:51:33;1664553093247;3655.25;4;1;0;3654.0;3653.75
2022.09.30 15:51:33;1664553093247;3655.25;5;1;0;3654.0;3653.75
2022.09.30 15:51:33;1664553093247;3655.25;4;1;0;3654.0;3653.75
2022.09.30 15:51:33;1664553093247;3655.25;1;1;0;3654.0;3653.75
2022.09.30 15:51:33;1664553093247;3655.25;1;1;0;3654.0;3653.75
2022.09.30 15:51:33;1664553093248;3655.25;1;1;0;3654.0;3653.75
2022.09.30 15:51:33;1664553093248;3655.25;1;1;0;3654.0;3653.75
2022.09.30 15:51:33;1664553093248;3655.25;1;1;0;3654.0;3653.75
2022.09.30 15:51:33;1664553093248;3655.25;1;1;0;3654.0;3653.75
2022.09.30 15:51:33;1664553093248;3655.25;1;1;0;3654.0;3653.75
2022.09.30 15:51:33;1664553093248;3655.25;1;1;0;3654.0;3653.75
2022.09.30 15:51:33;1664553093248;3655.25;1;0;1;3654.0;3653.75
2022.09.30 15:51:33;1664553093248;3655.25;1;0;1;3654.0;3653.75
2022.09.30 15:51:33;1664553093279;3655.0;1;0;1;3654.0;3653.75
2022.09.30 15:51:33;1664553093492;3655.0;1;0;1;3654.0;3653.75
2022.09.30 15:51:33;1664553093492;3655.0;1;0;1;3654.0;3653.75
2022.09.30 15:51:33;1664553093492;3655.0;1;0;1;3654.0;3653.75
2022.09.30 15:51:33;1664553093492;3655.0;1;0;1;3654.0;3653.75
2022.09.30 15:51:33;1664553093492;3655.0;1;0;1;3654.0;3653.75
2022.09.30 15:51:33;1664553093846;3655.0;1;0;1;3654.0;3653.75
2022.09.30 15:51:33;1664553093846;3655.0;1;0;1;3654.0;3653.75
2022.09.30 15:51:33;1664553093846;3655.0;1;0;1;3654.0;3653.75
2022.09.30 15:51:33;1664553093846;3655.0;1;0;1;3654.0;3653.75
2022.09.30 15:51:33;1664553093846;3655.0;2;0;1;3654.0;3653.75
2022.09.30 15:51:33;1664553093847;3655.0;1;0;1;3654.0;3653.75
2022.09.30 15:51:33;1664553093847;3655.0;3;0;1;3654.0;3653.75
2022.09.30 15:51:33;1664553093847;3655.0;8;0;1;3654.0;3653.75
2022.09.30 15:51:33;1664553093847;3655.0;1;0;1;3654.0;3653.75
2022.09.30 15:51:33;1664553093847;3655.0;2;0;1;3654.0;3653.75
2022.09.30 15:51:33;1664553093847;3655.0;1;0;1;3654.0;3653.75
2022.09.30 15:51:33;1664553093847;3655.0;1;0;1;3654.0;3653.75
2022.09.30 15:51:33;1664553093847;3655.0;1;0;1;3654.0;3653.75
2022.09.30 15:51:33;1664553093847;3655.0;1;0;0;3654.0;3653.75
2022.09.30 15:51:33;1664553093850;3655.0;1;0;0;3654.0;3653.75
2022.09.30 15:51:33;1664553093906;3655.0;1;1;0;3654.0;3653.75
2022.09.30 15:51:33;1664553093906;3655.0;1;1;0;3654.0;3653.75
2022.09.30 15:51:33;1664553093906;3655.0;1;1;0;3654.0;3653.75
2022.09.30 15:51:33;1664553093906;3655.0;1;1;0;3654.0;3653.75
2022.09.30 15:51:33;1664553093906;3655.0;1;1;0;3654.0;3653.75
2022.09.30 15:51:33;1664553093906;3655.0;1;0;0;3654.0;3653.75
2022.09.30 15:51:33;1664553093907;3655.0;4;1;1;3654.0;3653.75
2022.09.30 15:51:33;1664553093907;3655.0;1;1;1;3654.0;3653.75
2022.09.30 15:51:33;1664553093907;3655.0;1;0;0;3654.0;3653.75
2022.09.30 15:51:34;1664553094120;3655.0;1;1;0;3654.0;3653.75
2022.09.30 15:51:34;1664553094120;3655.0;1;1;0;3654.0;3653.75
2022.09.30 15:51:34;1664553094120;3655.0;1;1;0;3654.0;3653.75
2022.09.30 15:51:34;1664553094121;3655.0;1;1;0;3654.0;3653.75
2022.09.30 15:51:34;1664553094121;3655.0;1;1;0;3654.0;3653.75
2022.09.30 15:51:34;1664553094163;3655.0;1;0;1;3654.0;3653.75
2022.09.30 15:51:34;1664553094163;3655.0;1;0;0;3654.0;3653.75
2022.09.30 15:51:34;1664553094184;3655.0;1;0;0;3654.0;3653.75
2022.09.30 15:51:34;1664553094194;3655.0;1;1;0;3654.0;3653.75
2022.09.30 15:51:34;1664553094194;3655.0;1;0;0;3654.0;3653.75
2022.09.30 15:51:34;1664553094244;3655.0;1;0;0;3654.0;3653.75
2022.09.30 15:51:34;1664553094571;3655.0;1;1;0;3654.0;3653.75
2022.09.30 15:51:34;1664553094572;3655.0;5;1;0;3654.0;3653.75
2022.09.30 15:51:34;1664553094572;3655.0;4;1;0;3654.0;3653.75
2022.09.30 15:51:34;1664553094828;3654.75;1;0;1;3654.0;3653.75
2022.09.30 15:51:34;1664553094899;3654.75;1;0;1;3654.0;3653.75
2022.09.30 15:51:35;1664553095018;3654.75;1;0;1;3654.0;3653.75
2022.09.30 15:51:35;1664553095093;3655.0;1;1;0;3654.0;3653.75
2022.09.30 15:51:35;1664553095093;3655.0;1;1;0;3654.0;3653.75
2022.09.30 15:51:35;1664553095093;3655.0;1;1;0;3654.0;3653.75
2022.09.30 15:51:35;1664553095093;3655.0;1;1;0;3654.0;3653.75
2022.09.30 15:51:35;1664553095093;3655.0;1;1;0;3654.0;3653.75
2022.09.30 15:51:35;1664553095093;3655.0;1;1;0;3654.0;3653.75
2022.09.30 15:51:35;1664553095093;3655.0;1;1;0;3654.0;3653.75
2022.09.30 15:51:35;1664553095093;3655.0;1;1;0;3654.0;3653.75
2022.09.30 15:51:35;1664553095098;3655.0;1;1;0;3654.0;3653.75
2022.09.30 15:51:35;1664553095101;3655.0;1;0;0;3654.0;3653.75
2022.09.30 15:51:35;1664553095133;3655.0;1;0;1;3654.0;3653.75
2022.09.30 15:51:35;1664553095133;3655.0;4;0;1;3654.0;3653.75
2022.09.30 15:51:35;1664553095133;3655.0;1;0;1;3654.0;3653.75
2022.09.30 15:51:35;1664553095133;3655.0;1;0;1;3654.0;3653.75
2022.09.30 15:51:35;1664553095134;3655.0;1;0;1;3654.0;3653.75
2022.09.30 15:51:35;1664553095134;3655.0;1;0;1;3654.0;3653.75
2022.09.30 15:51:35;1664553095135;3655.0;1;0;0;3654.0;3653.75
2022.09.30 15:51:35;1664553095135;3655.0;1;1;0;3654.0;3653.75
2022.09.30 15:51:35;1664553095135;3655.0;1;1;0;3654.0;3653.75
2022.09.30 15:51:35;1664553095135;3655.0;1;0;0;3654.0;3653.75
2022.09.30 15:51:35;1664553095151;3655.0;1;0;1;3654.0;3653.75
2022.09.30 15:51:35;1664553095152;3655.0;1;0;0;3654.0;3653.75
2022.09.30 15:51:35;1664553095160;3655.0;1;1;0;3654.0;3653.75
2022.09.30 15:51:35;1664553095160;3655.0;1;0;0;3654.0;3653.75
2022.09.30 15:51:35;1664553095160;3655.0;1;0;0;3654.0;3653.75
2022.09.30 15:51:35;1664553095215;3655.0;1;0;1;3654.0;3653.75
2022.09.30 15:51:35;1664553095216;3655.0;1;0;0;3654.0;3653.75
2022.09.30 15:51:35;1664553095235;3655.0;1;0;0;3654.0;3653.75
2022.09.30 15:51:35;1664553095325;3655.0;1;0;0;3654.0;3653.75
2022.09.30 15:51:35;1664553095362;3655.0;1;0;1;3654.0;3653.75
2022.09.30 15:51:35;1664553095362;3655.0;1;0;1;3654.0;3653.75
2022.09.30 15:51:35;1664553095363;3655.0;1;0;0;3654.0;3653.75
2022.09.30 15:51:35;1664553095373;3655.0;1;1;0;3654.0;3653.75
2022.09.30 15:51:35;1664553095373;3655.0;2;1;0;3654.0;3653.75
2022.09.30 15:51:35;1664553095373;3655.0;1;1;0;3654.0;3653.75
2022.09.30 15:51:35;1664553095373;3655.0;1;1;0;3654.0;3653.75
2022.09.30 15:51:35;1664553095373;3655.0;1;1;0;3654.0;3653.75
2022.09.30 15:51:35;1664553095373;3655.0;1;1;0;3654.0;3653.75
2022.09.30 15:51:35;1664553095373;3655.0;1;1;0;3654.0;3653.75
2022.09.30 15:51:35;1664553095373;3655.0;1;1;0;3654.0;3653.75
2022.09.30 15:51:35;1664553095373;3655.0;1;0;0;3654.0;3653.75
2022.09.30 15:51:35;1664553095419;3655.0;1;0;1;3654.0;3653.75
2022.09.30 15:51:35;1664553095419;3655.0;1;0;0;3654.0;3653.75
2022.09.30 15:51:35;1664553095605;3655.0;1;1;0;3654.0;3653.75
2022.09.30 15:51:35;1664553095799;3655.0;1;1;0;3654.0;3653.75
2022.09.30 15:51:35;1664553095799;3655.0;1;1;0;3654.0;3653.75
2022.09.30 15:51:35;1664553095800;3655.0;1;1;0;3654.0;3653.75
2022.09.30 15:51:35;1664553095800;3655.0;1;1;0;3654.0;3653.75
2022.09.30 15:51:35;1664553095800;3655.0;1;1;0;3654.0;3653.75
2022.09.30 15:51:35;1664553095999;3654.75;1;0;1;3654.0;3653.75
2022.09.30 15:51:36;1664553096165;3654.75;1;0;1;3654.0;3653.75
2022.09.30 15:51:36;1664553096185;3654.75;1;0;1;3654.0;3653.75
2022.09.30 15:51:36;1664553096185;3654.75;1;0;1;3654.0;3653.75
2022.09.30 15:51:36;1664553096185;3654.75;1;0;1;3654.0;3653.75
2022.09.30 15:51:36;1664553096242;3654.75;1;0;1;3654.0;3653.75
2022.09.30 15:51:36;1664553096242;3654.75;1;0;1;3654.0;3653.75
2022.09.30 15:51:36;1664553096242;3654.75;1;0;1;3654.0;3653.75
2022.09.30 15:51:36;1664553096242;3654.75;1;0;1;3654.0;3653.75
2022.09.30 15:51:36;1664553096242;3654.75;1;0;1;3654.0;3653.75
2022.09.30 15:51:36;1664553096242;3654.75;1;0;1;3654.0;3653.75
2022.09.30 15:51:36;1664553096242;3654.75;1;0;0;3654.0;3653.75
2022.09.30 15:51:36;1664553096246;3654.75;2;1;0;3654.0;3653.75
2022.09.30 15:51:36;1664553096246;3654.75;3;1;0;3654.0;3653.75
2022.09.30 15:51:36;1664553096247;3654.75;1;1;0;3654.0;3653.75
2022.09.30 15:51:36;1664553096247;3654.75;1;1;0;3654.0;3653.75
2022.09.30 15:51:36;1664553096247;3654.75;1;1;0;3654.0;3653.75
2022.09.30 15:51:36;1664553096247;3654.75;1;0;0;3654.0;3653.75
2022.09.30 15:51:36;1664553096795;3654.75;2;0;1;3654.0;3653.75
2022.09.30 15:51:36;1664553096795;3654.75;1;0;1;3654.0;3653.75
2022.09.30 15:51:36;1664553096795;3654.75;1;0;1;3654.0;3653.75
2022.09.30 15:51:36;1664553096795;3654.75;1;0;0;3654.0;3653.75
2022.09.30 15:51:36;1664553096909;3654.5;1;0;1;3654.0;3653.75
2022.09.30 15:51:36;1664553096909;3654.5;1;0;1;3654.0;3653.75
2022.09.30 15:51:36;1664553096909;3654.5;1;0;1;3654.0;3653.75
2022.09.30 15:51:36;1664553096909;3654.5;1;0;1;3654.0;3653.75
2022.09.30 15:51:36;1664553096909;3654.5;2;0;1;3654.0;3653.75
2022.09.30 15:51:36;1664553096909;3654.5;1;0;1;3654.0;3653.75
2022.09.30 15:51:36;1664553096909;3654.5;1;0;1;3654.0;3653.75
2022.09.30 15:51:36;1664553096910;3654.5;1;0;1;3654.0;3653.75
2022.09.30 15:51:36;1664553096910;3654.5;1;0;1;3654.0;3653.75
2022.09.30 15:51:36;1664553096910;3654.5;2;0;1;3654.0;3653.75
2022.09.30 15:51:36;1664553096930;3654.75;1;1;0;3654.0;3653.75
2022.09.30 15:51:37;1664553097104;3654.75;2;1;0;3654.0;3653.75
2022.09.30 15:51:37;1664553097175;3654.5;3;0;1;3654.0;3653.75
2022.09.30 15:51:37;1664553097230;3654.5;5;0;1;3654.0;3653.75
2022.09.30 15:51:37;1664553097230;3654.5;1;0;1;3654.0;3653.75
2022.09.30 15:51:37;1664553097230;3654.5;1;0;1;3654.0;3653.75
2022.09.30 15:51:37;1664553097230;3654.5;1;0;1;3654.0;3653.75
2022.09.30 15:51:37;1664553097230;3654.5;1;0;1;3654.0;3653.75
2022.09.30 15:51:37;1664553097230;3654.5;1;0;1;3654.0;3653.75
2022.09.30 15:51:37;1664553097230;3654.5;1;0;1;3654.0;3653.75
2022.09.30 15:51:37;1664553097230;3654.5;1;0;1;3654.0;3653.75
2022.09.30 15:51:37;1664553097230;3654.5;2;0;1;3654.0;3653.75
2022.09.30 15:51:37;1664553097230;3654.5;1;0;1;3654.0;3653.75
2022.09.30 15:51:37;1664553097230;3654.5;1;0;0;3654.0;3653.75
2022.09.30 15:51:37;1664553097230;3654.5;1;0;1;3654.0;3653.75
2022.09.30 15:51:37;1664553097231;3654.5;1;0;0;3654.0;3653.75
2022.09.30 15:51:37;1664553097233;3654.5;1;0;0;3654.0;3653.75
2022.09.30 15:51:37;1664553097560;3654.5;2;1;0;3654.0;3653.75
2022.09.30 15:51:37;1664553097560;3654.5;3;1;0;3654.0;3653.75
2022.09.30 15:51:37;1664553097560;3654.5;1;1;0;3654.0;3653.75
2022.09.30 15:51:37;1664553097560;3654.5;1;1;0;3654.0;3653.75
2022.09.30 15:51:37;1664553097560;3654.5;1;1;0;3654.0;3653.75
2022.09.30 15:51:37;1664553097561;3654.5;1;1;0;3654.0;3653.75
2022.09.30 15:51:37;1664553097561;3654.5;1;1;0;3654.0;3653.75
2022.09.30 15:51:37;1664553097561;3654.5;1;1;0;3654.0;3653.75
2022.09.30 15:51:37;1664553097561;3654.5;1;1;0;3654.0;3653.75
2022.09.30 15:51:37;1664553097561;3654.5;1;0;0;3654.0;3653.75
2022.09.30 15:51:37;1664553097562;3654.5;1;0;0;3654.0;3653.75
2022.09.30 15:51:37;1664553097562;3654.5;2;0;1;3654.0;3653.75
2022.09.30 15:51:37;1664553097563;3654.5;1;0;1;3654.0;3653.75
2022.09.30 15:51:37;1664553097563;3654.5;1;0;1;3654.0;3653.75
2022.09.30 15:51:37;1664553097563;3654.5;1;0;1;3654.0;3653.75
2022.09.30 15:51:37;1664553097563;3654.5;1;0;1;3654.0;3653.75
2022.09.30 15:51:37;1664553097563;3654.5;1;0;1;3654.0;3653.75
2022.09.30 15:51:37;1664553097563;3654.5;1;0;1;3654.0;3653.75
2022.09.30 15:51:37;1664553097563;3654.5;1;0;1;3654.0;3653.75
2022.09.30 15:51:37;1664553097563;3654.5;1;0;0;3654.0;3653.75
2022.09.30 15:51:37;1664553097563;3654.5;1;0;0;3654.0;3653.75
2022.09.30 15:51:37;1664553097631;3654.5;1;0;1;3654.0;3653.75
2022.09.30 15:51:37;1664553097969;3654.5;1;0;1;3654.0;3653.75
2022.09.30 15:51:37;1664553097969;3654.5;1;0;1;3654.0;3653.75
2022.09.30 15:51:37;1664553097969;3654.5;1;0;1;3654.0;3653.75
2022.09.30 15:51:37;1664553097969;3654.5;1;0;1;3654.0;3653.75
2022.09.30 15:51:37;1664553097969;3654.5;1;0;1;3654.0;3653.75
2022.09.30 15:51:38;1664553098044;3654.5;3;0;1;3654.0;3653.75
2022.09.30 15:51:38;1664553098044;3654.5;1;0;1;3654.0;3653.75
2022.09.30 15:51:38;1664553098044;3654.5;1;0;1;3654.0;3653.75
2022.09.30 15:51:38;1664553098044;3654.5;1;0;1;3654.0;3653.75
2022.09.30 15:51:38;1664553098044;3654.5;1;0;1;3654.0;3653.75
2022.09.30 15:51:38;1664553098044;3654.5;1;0;1;3654.0;3653.75
2022.09.30 15:51:38;1664553098044;3654.5;1;0;1;3654.0;3653.75
2022.09.30 15:51:38;1664553098310;3654.75;1;1;0;3654.0;3653.75
2022.09.30 15:51:38;1664553098810;3654.5;1;0;1;3654.0;3653.75
2022.09.30 15:51:38;1664553098810;3654.5;1;0;1;3654.0;3653.75
2022.09.30 15:51:38;1664553098813;3654.5;1;0;1;3654.0;3653.75
2022.09.30 15:51:38;1664553098813;3654.5;1;0;1;3654.0;3653.75
2022.09.30 15:51:38;1664553098813;3654.5;1;0;1;3654.0;3653.75
2022.09.30 15:51:38;1664553098813;3654.5;1;0;1;3654.0;3653.75
2022.09.30 15:51:38;1664553098813;3654.5;2;0;1;3654.0;3653.75
2022.09.30 15:51:38;1664553098813;3654.5;4;0;1;3654.0;3653.75
2022.09.30 15:51:38;1664553098813;3654.5;1;0;1;3654.0;3653.75
2022.09.30 15:51:38;1664553098813;3654.5;1;0;1;3654.0;3653.75
2022.09.30 15:51:38;1664553098813;3654.5;1;0;1;3654.0;3653.75
2022.09.30 15:51:38;1664553098813;3654.5;1;0;1;3654.0;3653.75
2022.09.30 15:51:38;1664553098813;3654.5;1;0;1;3654.0;3653.75
2022.09.30 15:51:38;1664553098813;3654.5;2;1;0;3654.0;3653.75
2022.09.30 15:51:38;1664553098813;3654.5;1;1;0;3654.0;3653.75
2022.09.30 15:51:38;1664553098813;3654.5;4;1;0;3654.0;3653.75
2022.09.30 15:51:38;1664553098970;3654.5;5;0;1;3654.0;3653.75
2022.09.30 15:51:38;1664553098970;3654.5;1;0;1;3654.0;3653.75
2022.09.30 15:51:38;1664553098970;3654.5;1;0;1;3654.0;3653.75
2022.09.30 15:51:38;1664553098971;3654.5;1;1;0;3654.0;3653.75
2022.09.30 15:51:38;1664553098971;3654.5;1;1;0;3654.0;3653.75
2022.09.30 15:51:38;1664553098971;3654.5;1;1;0;3654.0;3653.75
2022.09.30 15:51:38;1664553098971;3654.5;1;1;0;3654.0;3653.75
2022.09.30 15:51:38;1664553098971;3654.5;1;1;0;3654.0;3653.75
2022.09.30 15:51:38;1664553098971;3654.5;4;1;0;3654.0;3653.75
2022.09.30 15:51:38;1664553098971;3654.5;1;1;0;3654.0;3653.75
2022.09.30 15:51:38;1664553098971;3654.5;1;1;0;3654.0;3653.75
2022.09.30 15:51:38;1664553098971;3654.5;1;0;0;3654.0;3653.75
2022.09.30 15:51:38;1664553098974;3654.5;1;0;1;3654.0;3653.75
2022.09.30 15:51:38;1664553098974;3654.5;1;0;0;3654.0;3653.75
2022.09.30 15:51:39;1664553099218;3654.5;1;0;1;3654.0;3653.75
2022.09.30 15:51:39;1664553099218;3654.5;1;0;1;3654.0;3653.75
2022.09.30 15:51:39;1664553099218;3654.5;1;1;0;3654.0;3653.75
2022.09.30 15:51:39;1664553099218;3654.5;1;1;0;3654.0;3653.75
2022.09.30 15:51:39;1664553099218;3654.5;1;1;0;3654.0;3653.75
2022.09.30 15:51:39;1664553099249;3654.5;1;0;0;3654.0;3653.75
2022.09.30 15:51:39;1664553099269;3654.5;1;0;0;3654.0;3653.75
2022.09.30 15:51:39;1664553099280;3654.5;1;0;1;3654.0;3653.75
2022.09.30 15:51:39;1664553099280;3654.5;1;0;1;3654.0;3653.75
2022.09.30 15:51:39;1664553099281;3654.5;1;0;0;3654.0;3653.75
2022.09.30 15:51:39;1664553099284;3654.5;1;1;0;3654.0;3653.75
2022.09.30 15:51:39;1664553099284;3654.5;1;1;0;3654.0;3653.75
2022.09.30 15:51:39;1664553099284;3654.5;1;0;0;3654.0;3653.75
2022.09.30 15:51:39;1664553099402;3654.75;1;1;0;3654.0;3653.75
2022.09.30 15:51:39;1664553099403;3654.75;1;1;0;3654.0;3653.75
2022.09.30 15:51:39;1664553099403;3654.75;4;1;0;3654.0;3653.75
2022.09.30 15:51:39;1664553099403;3654.75;4;1;0;3654.0;3653.75
2022.09.30 15:51:39;1664553099403;3654.75;1;1;0;3654.0;3653.75
2022.09.30 15:51:39;1664553099403;3654.75;1;1;0;3654.0;3653.75
2022.09.30 15:51:39;1664553099403;3654.75;1;1;0;3654.0;3653.75
2022.09.30 15:51:39;1664553099403;3654.75;1;1;0;3654.0;3653.75
2022.09.30 15:51:39;1664553099403;3654.75;1;1;0;3654.0;3653.75
2022.09.30 15:51:39;1664553099403;3654.75;1;1;0;3654.0;3653.75
2022.09.30 15:51:39;1664553099403;3654.75;3;1;0;3654.0;3653.75
2022.09.30 15:51:39;1664553099404;3654.75;1;1;0;3654.0;3653.75
2022.09.30 15:51:39;1664553099404;3654.75;1;1;0;3654.0;3653.75
2022.09.30 15:51:39;1664553099404;3654.75;1;1;0;3654.0;3653.75
2022.09.30 15:51:39;1664553099404;3654.75;1;1;0;3654.0;3653.75
2022.09.30 15:51:39;1664553099404;3654.75;1;1;0;3654.0;3653.75
2022.09.30 15:51:39;1664553099404;3654.75;1;1;0;3654.0;3653.75
2022.09.30 15:51:39;1664553099404;3654.75;1;1;0;3654.0;3653.75
2022.09.30 15:51:39;1664553099404;3654.75;1;1;0;3654.0;3653.75
2022.09.30 15:51:39;1664553099404;3654.75;5;1;0;3654.0;3653.75
2022.09.30 15:51:39;1664553099404;3654.75;1;1;0;3654.0;3653.75
2022.09.30 15:51:39;1664553099404;3654.75;1;1;0;3654.0;3653.75
2022.09.30 15:51:39;1664553099404;3654.75;5;1;0;3654.0;3653.75
2022.09.30 15:51:39;1664553099404;3654.75;5;1;0;3654.0;3653.75
2022.09.30 15:51:39;1664553099404;3654.75;1;1;0;3654.0;3653.75
2022.09.30 15:51:39;1664553099404;3654.75;1;1;0;3654.0;3653.75
2022.09.30 15:51:39;1664553099404;3654.75;1;1;0;3654.0;3653.75
2022.09.30 15:51:39;1664553099404;3654.75;3;1;0;3654.0;3653.75
2022.09.30 15:51:39;1664553099445;3654.75;1;1;0;3654.0;3653.75
2022.09.30 15:51:39;1664553099445;3654.75;1;1;0;3654.0;3653.75
2022.09.30 15:51:39;1664553099446;3654.75;1;1;0;3654.0;3653.75
2022.09.30 15:51:39;1664553099446;3654.75;1;0;1;3654.0;3653.75
2022.09.30 15:51:39;1664553099446;3654.75;1;0;0;3654.0;3653.75
2022.09.30 15:51:39;1664553099446;3654.75;2;0;1;3654.0;3653.75
2022.09.30 15:51:39;1664553099446;3654.75;1;0;1;3654.0;3653.75
2022.09.30 15:51:39;1664553099446;3654.75;3;0;1;3654.0;3653.75
2022.09.30 15:51:39;1664553099446;3654.75;1;0;1;3654.0;3653.75
2022.09.30 15:51:39;1664553099446;3654.75;1;0;1;3654.0;3653.75
2022.09.30 15:51:39;1664553099542;3654.75;1;0;1;3654.0;3653.75
2022.09.30 15:51:39;1664553099968;3654.75;1;0;1;3654.0;3653.75
2022.09.30 15:51:39;1664553099968;3654.75;1;0;1;3654.0;3653.75
2022.09.30 15:51:39;1664553099969;3654.75;1;0;1;3654.0;3653.75
2022.09.30 15:51:39;1664553099969;3654.75;1;0;1;3654.0;3653.75
2022.09.30 15:51:39;1664553099969;3654.75;1;0;1;3654.0;3653.75
2022.09.30 15:51:39;1664553099969;3654.75;1;0;1;3654.0;3653.75
2022.09.30 15:51:39;1664553099969;3654.75;4;0;1;3654.0;3653.75
2022.09.30 15:51:39;1664553099969;3654.75;1;0;1;3654.0;3653.75
2022.09.30 15:51:39;1664553099969;3654.75;4;1;0;3654.0;3653.75
2022.09.30 15:51:39;1664553099969;3654.75;1;1;0;3654.0;3653.75
2022.09.30 15:51:39;1664553099969;3654.75;5;1;0;3654.0;3653.75
2022.09.30 15:51:39;1664553099969;3654.75;5;0;0;3654.0;3653.75
2022.09.30 15:51:39;1664553099973;3654.75;1;1;0;3654.0;3653.75
2022.09.30 15:51:39;1664553099973;3654.75;1;1;0;3654.0;3653.75
2022.09.30 15:51:39;1664553099973;3654.75;1;0;1;3654.0;3653.75
2022.09.30 15:51:39;1664553099973;3654.75;1;0;1;3654.0;3653.75
2022.09.30 15:51:39;1664553099973;3654.75;1;0;0;3654.0;3653.75
2022.09.30 15:51:40;1664553100197;3655.0;1;1;0;3654.0;3653.75
2022.09.30 15:51:40;1664553100198;3654.75;1;0;1;3654.0;3653.75
2022.09.30 15:51:40;1664553100288;3655.0;1;1;0;3654.0;3653.75
2022.09.30 15:51:40;1664553100430;3655.0;2;1;0;3654.0;3653.75
2022.09.30 15:51:40;1664553100430;3655.0;1;1;0;3654.0;3653.75
2022.09.30 15:51:40;1664553100430;3655.0;1;1;0;3654.0;3653.75
2022.09.30 15:51:40;1664553100430;3655.0;1;1;0;3654.0;3653.75
2022.09.30 15:51:40;1664553100430;3655.0;4;1;0;3654.0;3653.75
2022.09.30 15:51:40;1664553100430;3655.0;4;1;0;3654.0;3653.75
2022.09.30 15:51:40;1664553100430;3655.0;1;1;0;3654.0;3653.75
2022.09.30 15:51:40;1664553100430;3655.0;1;1;0;3654.0;3653.75
2022.09.30 15:51:40;1664553100430;3655.0;1;1;0;3654.0;3653.75
2022.09.30 15:51:40;1664553100430;3655.0;1;1;0;3654.0;3653.75
2022.09.30 15:51:40;1664553100430;3655.0;1;1;0;3654.0;3653.75
2022.09.30 15:51:40;1664553100430;3655.0;1;1;0;3654.0;3653.75
2022.09.30 15:51:40;1664553100430;3655.0;1;1;0;3654.0;3653.75
2022.09.30 15:51:40;1664553100430;3655.0;1;1;0;3654.0;3653.75
2022.09.30 15:51:40;1664553100430;3655.0;1;1;0;3654.0;3653.75
2022.09.30 15:51:40;1664553100430;3655.0;1;1;0;3654.0;3653.75
2022.09.30 15:51:40;1664553100430;3655.0;1;1;0;3654.0;3653.75
2022.09.30 15:51:40;1664553100430;3655.0;1;1;0;3654.0;3653.75
2022.09.30 15:51:40;1664553100430;3655.0;1;1;0;3654.0;3653.75
2022.09.30 15:51:40;1664553100430;3655.0;3;1;0;3654.0;3653.75
2022.09.30 15:51:40;1664553100430;3655.0;1;1;0;3654.0;3653.75
2022.09.30 15:51:40;1664553100430;3655.0;1;1;0;3654.0;3653.75
2022.09.30 15:51:40;1664553100430;3655.25;1;1;0;3654.0;3653.75
2022.09.30 15:51:40;1664553100430;3655.25;1;1;0;3654.0;3653.75
2022.09.30 15:51:40;1664553100430;3655.25;1;1;0;3654.0;3653.75
2022.09.30 15:51:40;1664553100430;3655.25;1;1;0;3654.0;3653.75
2022.09.30 15:51:40;1664553100430;3655.25;1;1;0;3654.0;3653.75
2022.09.30 15:51:40;1664553100430;3655.25;4;1;0;3654.0;3653.75
2022.09.30 15:51:40;1664553100430;3655.25;1;1;0;3654.0;3653.75
2022.09.30 15:51:40;1664553100430;3655.25;1;1;0;3654.0;3653.75
2022.09.30 15:51:40;1664553100430;3655.25;3;1;0;3654.0;3653.75
2022.09.30 15:51:40;1664553100430;3655.25;1;1;0;3654.0;3653.75
2022.09.30 15:51:40;1664553100430;3655.25;4;1;0;3654.0;3653.75
2022.09.30 15:51:40;1664553100430;3655.25;4;0;0;3654.0;3653.75
2022.09.30 15:51:40;1664553100462;3655.0;4;0;1;3654.0;3653.75
2022.09.30 15:51:40;1664553100462;3655.0;5;0;1;3654.0;3653.75
2022.09.30 15:51:40;1664553100462;3655.0;4;0;1;3654.0;3653.75
2022.09.30 15:51:40;1664553100462;3655.0;1;0;1;3654.0;3653.75
2022.09.30 15:51:40;1664553100462;3655.0;6;0;1;3654.0;3653.75
2022.09.30 15:51:40;1664553100462;3655.0;1;0;1;3654.0;3653.75
2022.09.30 15:51:40;1664553100462;3655.0;1;0;1;3654.0;3653.75
2022.09.30 15:51:40;1664553100462;3655.0;2;0;1;3654.0;3653.75
2022.09.30 15:51:40;1664553100462;3655.0;1;0;1;3654.0;3653.75
2022.09.30 15:51:40;1664553100462;3655.0;1;0;1;3654.0;3653.75
2022.09.30 15:51:40;1664553100462;3655.0;1;0;1;3654.0;3653.75
2022.09.30 15:51:40;1664553100462;3655.0;1;0;1;3654.0;3653.75
2022.09.30 15:51:40;1664553100462;3655.0;1;0;1;3654.0;3653.75
2022.09.30 15:51:40;1664553100462;3655.0;1;0;1;3654.0;3653.75
2022.09.30 15:51:40;1664553100463;3654.75;1;0;1;3654.0;3653.75
2022.09.30 15:51:40;1664553100463;3654.75;1;0;1;3654.0;3653.75
2022.09.30 15:51:40;1664553100463;3654.75;4;0;1;3654.0;3653.75
2022.09.30 15:51:40;1664553100463;3654.75;4;0;1;3654.0;3653.75
2022.09.30 15:51:40;1664553100463;3654.75;1;0;1;3654.0;3653.75
2022.09.30 15:51:40;1664553100463;3654.75;1;0;1;3654.0;3653.75
2022.09.30 15:51:40;1664553100463;3654.75;1;0;1;3654.0;3653.75
2022.09.30 15:51:40;1664553100463;3654.75;10;0;1;3654.0;3653.75
2022.09.30 15:51:40;1664553100463;3654.75;1;0;1;3654.0;3653.75
2022.09.30 15:51:40;1664553100463;3654.75;1;0;1;3654.0;3653.75
2022.09.30 15:51:40;1664553100463;3654.75;1;0;1;3654.0;3653.75
2022.09.30 15:51:40;1664553100464;3654.75;5;0;1;3654.0;3653.75
2022.09.30 15:51:40;1664553100464;3654.75;5;0;1;3654.0;3653.75
2022.09.30 15:51:40;1664553100464;3654.75;1;0;1;3654.0;3653.75
2022.09.30 15:51:40;1664553100464;3654.75;1;0;1;3654.0;3653.75
2022.09.30 15:51:40;1664553100464;3654.75;3;0;1;3654.0;3653.75
2022.09.30 15:51:40;1664553100464;3654.75;1;0;1;3654.0;3653.75
2022.09.30 15:51:40;1664553100464;3654.75;1;0;1;3654.0;3653.75
2022.09.30 15:51:40;1664553100464;3654.75;2;0;1;3654.0;3653.75
2022.09.30 15:51:40;1664553100464;3654.75;1;0;1;3654.0;3653.75
2022.09.30 15:51:40;1664553100464;3654.75;5;0;1;3654.0;3653.75
2022.09.30 15:51:40;1664553100464;3654.75;1;0;1;3654.0;3653.75
2022.09.30 15:51:40;1664553100464;3654.75;1;0;1;3654.0;3653.75
2022.09.30 15:51:40;1664553100464;3654.75;1;0;1;3654.0;3653.75
2022.09.30 15:51:40;1664553100464;3654.75;1;0;1;3654.0;3653.75
2022.09.30 15:51:40;1664553100464;3654.75;1;0;1;3654.0;3653.75
2022.09.30 15:51:40;1664553100464;3654.75;1;0;1;3654.0;3653.75
2022.09.30 15:51:40;1664553100464;3654.75;1;0;1;3654.0;3653.75
2022.09.30 15:51:40;1664553100464;3654.75;4;0;1;3654.0;3653.75
2022.09.30 15:51:40;1664553100464;3654.75;1;0;1;3654.0;3653.75
2022.09.30 15:51:40;1664553100464;3654.75;1;0;1;3654.0;3653.75
2022.09.30 15:51:40;1664553100464;3654.5;1;0;1;3654.0;3653.75
2022.09.30 15:51:40;1664553100464;3654.5;1;0;1;3654.0;3653.75
2022.09.30 15:51:40;1664553100464;3654.5;4;0;1;3654.0;3653.75
2022.09.30 15:51:40;1664553100464;3655.0;1;0;1;3654.0;3653.75
2022.09.30 15:51:40;1664553100465;3655.0;1;0;0;3654.0;3653.75
2022.09.30 15:51:40;1664553100465;3654.75;1;1;1;3654.0;3653.75
2022.09.30 15:51:40;1664553100465;3654.75;1;0;0;3654.0;3653.75
2022.09.30 15:51:40;1664553100465;3654.75;1;0;0;3654.0;3653.75
2022.09.30 15:51:40;1664553100466;3654.75;1;0;0;3654.0;3653.75
2022.09.30 15:51:40;1664553100505;3654.75;1;0;1;3654.0;3653.75
2022.09.30 15:51:40;1664553100505;3654.75;1;0;1;3654.0;3653.75
2022.09.30 15:51:40;1664553100505;3654.75;1;0;1;3654.0;3653.75
2022.09.30 15:51:40;1664553100505;3654.75;1;0;1;3654.0;3653.75
2022.09.30 15:51:40;1664553100505;3654.75;1;0;1;3654.0;3653.75
2022.09.30 15:51:40;1664553100505;3654.75;1;0;1;3654.0;3653.75
2022.09.30 15:51:40;1664553100505;3654.75;1;0;1;3654.0;3653.75
2022.09.30 15:51:40;1664553100505;3654.75;1;0;1;3654.0;3653.75
2022.09.30 15:51:40;1664553100505;3654.75;1;0;1;3654.0;3653.75
2022.09.30 15:51:40;1664553100505;3654.75;1;0;1;3654.0;3653.75
2022.09.30 15:51:40;1664553100505;3654.75;1;0;1;3654.0;3653.75
2022.09.30 15:51:40;1664553100506;3654.75;1;0;1;3654.0;3653.75
2022.09.30 15:51:40;1664553100506;3654.75;1;0;1;3654.0;3653.75
2022.09.30 15:51:40;1664553100506;3654.75;1;0;1;3654.0;3653.75
2022.09.30 15:51:40;1664553100506;3654.75;1;0;0;3654.0;3653.75
2022.09.30 15:51:40;1664553100557;3654.75;5;1;0;3654.0;3653.75
2022.09.30 15:51:40;1664553100557;3654.75;1;1;0;3654.0;3653.75
2022.09.30 15:51:40;1664553100557;3654.75;1;1;0;3654.0;3653.75
2022.09.30 15:51:40;1664553100557;3654.75;1;1;0;3654.0;3653.75
2022.09.30 15:51:40;1664553100557;3654.75;1;0;0;3654.0;3653.75
2022.09.30 15:51:40;1664553100557;3654.75;1;1;1;3654.0;3653.75
2022.09.30 15:51:40;1664553100557;3654.75;1;1;1;3654.0;3653.75
2022.09.30 15:51:40;1664553100558;3654.75;1;0;1;3654.0;3653.75
2022.09.30 15:51:40;1664553100559;3654.75;1;0;0;3654.0;3653.75
2022.09.30 15:51:40;1664553100559;3654.75;1;1;0;3654.0;3653.75
2022.09.30 15:51:40;1664553100560;3654.75;1;0;0;3654.0;3653.75
2022.09.30 15:51:40;1664553100676;3654.75;1;0;1;3654.0;3653.75
2022.09.30 15:51:40;1664553100676;3654.75;4;0;1;3654.0;3653.75
2022.09.30 15:51:40;1664553100676;3654.75;1;0;1;3654.0;3653.75
2022.09.30 15:51:40;1664553100676;3654.75;1;0;1;3654.0;3653.75
2022.09.30 15:51:40;1664553100676;3654.75;1;0;1;3654.0;3653.75
2022.09.30 15:51:40;1664553100835;3655.0;1;1;0;3654.0;3653.75
2022.09.30 15:51:41;1664553101017;3654.75;1;0;1;3654.0;3653.75
2022.09.30 15:51:41;1664553101017;3654.75;1;0;1;3654.0;3653.75
2022.09.30 15:51:41;1664553101017;3654.75;1;0;1;3654.0;3653.75
2022.09.30 15:51:41;1664553101017;3654.75;3;0;1;3654.0;3653.75
2022.09.30 15:51:41;1664553101018;3654.75;2;0;1;3654.0;3653.75
2022.09.30 15:51:41;1664553101018;3654.75;1;0;1;3654.0;3653.75
2022.09.30 15:51:41;1664553101018;3654.75;1;0;0;3654.0;3653.75
2022.09.30 15:51:41;1664553101018;3654.75;2;1;0;3654.0;3653.75
2022.09.30 15:51:41;1664553101076;3654.75;1;1;0;3654.0;3653.75
2022.09.30 15:51:41;1664553101076;3654.75;1;0;0;3654.0;3653.75
2022.09.30 15:51:41;1664553101080;3654.75;1;0;1;3654.0;3653.75
2022.09.30 15:51:41;1664553101080;3654.75;1;0;0;3654.0;3653.75
2022.09.30 15:51:41;1664553101351;3654.75;1;1;0;3654.0;3653.75
2022.09.30 15:51:41;1664553101593;3654.75;1;1;0;3654.0;3653.75
2022.09.30 15:51:41;1664553101593;3654.75;1;1;0;3654.0;3653.75
2022.09.30 15:51:41;1664553101595;3654.75;1;0;0;3654.0;3653.75
2022.09.30 15:51:41;1664553101622;3654.75;1;0;1;3654.0;3653.75
2022.09.30 15:51:41;1664553101623;3654.75;2;0;1;3654.0;3653.75
2022.09.30 15:51:41;1664553101623;3654.75;1;0;1;3654.0;3653.75
2022.09.30 15:51:41;1664553101623;3654.75;2;0;1;3654.0;3653.75
2022.09.30 15:51:41;1664553101623;3654.75;1;0;1;3654.0;3653.75
2022.09.30 15:51:41;1664553101623;3654.75;1;0;1;3654.0;3653.75
2022.09.30 15:51:41;1664553101623;3654.75;2;0;1;3654.0;3653.75
2022.09.30 15:51:41;1664553101623;3654.75;2;0;0;3654.0;3653.75
2022.09.30 15:51:41;1664553101790;3654.5;1;0;1;3654.0;3653.75
2022.09.30 15:51:41;1664553101790;3654.5;1;0;1;3654.0;3653.75
2022.09.30 15:51:41;1664553101790;3654.5;1;0;1;3654.0;3653.75
2022.09.30 15:51:41;1664553101790;3654.5;1;0;1;3654.0;3653.75
2022.09.30 15:51:41;1664553101790;3654.5;1;0;1;3654.0;3653.75
2022.09.30 15:51:41;1664553101790;3654.5;1;0;1;3654.0;3653.75
2022.09.30 15:51:41;1664553101790;3654.5;1;0;1;3654.0;3653.75
2022.09.30 15:51:41;1664553101790;3654.5;1;0;0;3654.0;3653.75
2022.09.30 15:51:41;1664553101821;3654.25;1;0;1;3654.0;3653.75
2022.09.30 15:51:41;1664553101821;3654.25;1;0;1;3654.0;3653.75
2022.09.30 15:51:41;1664553101821;3654.25;1;0;1;3654.0;3653.75
2022.09.30 15:51:41;1664553101821;3654.25;1;0;1;3654.0;3653.75
2022.09.30 15:51:41;1664553101821;3654.25;1;0;1;3654.0;3653.75
2022.09.30 15:51:41;1664553101821;3654.25;3;0;1;3654.0;3653.75
2022.09.30 15:51:41;1664553101822;3654.25;1;0;1;3654.0;3653.75
2022.09.30 15:51:41;1664553101822;3654.25;1;0;1;3654.0;3653.75
2022.09.30 15:51:41;1664553101822;3654.25;1;0;1;3654.0;3653.75
2022.09.30 15:51:41;1664553101822;3654.25;1;0;1;3654.0;3653.75
2022.09.30 15:51:41;1664553101822;3654.25;6;0;1;3654.0;3653.75
2022.09.30 15:51:41;1664553101822;3654.25;1;0;1;3654.0;3653.75
2022.09.30 15:51:41;1664553101822;3654.25;1;0;1;3654.0;3653.75
2022.09.30 15:51:41;1664553101822;3654.25;2;0;1;3654.0;3653.75
2022.09.30 15:51:41;1664553101822;3654.25;2;0;0;3654.0;3653.75
2022.09.30 15:51:41;1664553101976;3654.0;1;0;1;3654.0;3653.75
2022.09.30 15:51:42;1664553102225;3654.25;22;1;0;3654.0;3653.75
2022.09.30 15:51:42;1664553102225;3654.25;1;1;0;3654.0;3653.75
2022.09.30 15:51:42;1664553102225;3654.25;1;1;0;3654.0;3653.75
2022.09.30 15:51:42;1664553102225;3654.25;1;1;0;3654.0;3653.75
2022.09.30 15:51:42;1664553102225;3654.25;1;1;0;3654.0;3653.75
2022.09.30 15:51:42;1664553102225;3654.25;1;1;0;3654.0;3653.75
2022.09.30 15:51:42;1664553102227;3654.25;2;1;0;3654.0;3653.75
2022.09.30 15:51:42;1664553102227;3654.25;1;1;0;3654.0;3653.75
2022.09.30 15:51:42;1664553102227;3654.25;1;1;0;3654.0;3653.75
2022.09.30 15:51:42;1664553102227;3654.25;1;0;0;3654.0;3653.75
2022.09.30 15:51:42;1664553102227;3654.25;1;0;1;3654.0;3653.75
2022.09.30 15:51:42;1664553102227;3654.25;1;0;1;3654.0;3653.75
2022.09.30 15:51:42;1664553102227;3654.25;1;0;1;3654.0;3653.75
2022.09.30 15:51:42;1664553102227;3654.25;1;0;1;3654.0;3653.75
2022.09.30 15:51:42;1664553102227;3654.25;1;0;1;3654.0;3653.75
2022.09.30 15:51:42;1664553102227;3654.25;2;0;1;3654.0;3653.75
2022.09.30 15:51:42;1664553102227;3654.25;1;0;1;3654.0;3653.75
2022.09.30 15:51:42;1664553102228;3654.25;1;0;1;3654.0;3653.75
2022.09.30 15:51:42;1664553102228;3654.25;1;0;1;3654.0;3653.75
2022.09.30 15:51:42;1664553102228;3654.25;1;0;1;3654.0;3653.75
2022.09.30 15:51:42;1664553102228;3654.25;1;0;1;3654.0;3653.75
2022.09.30 15:51:42;1664553102228;3654.25;1;0;1;3654.0;3653.75
2022.09.30 15:51:42;1664553102228;3654.25;1;1;0;3654.0;3653.75
2022.09.30 15:51:42;1664553102228;3654.25;1;0;1;3654.0;3653.75
2022.09.30 15:51:42;1664553102228;3654.25;1;1;0;3654.0;3653.75
2022.09.30 15:51:42;1664553102228;3654.25;1;0;1;3654.0;3653.75
2022.09.30 15:51:42;1664553102228;3654.25;1;0;1;3654.0;3653.75
2022.09.30 15:51:42;1664553102228;3654.25;1;0;1;3654.0;3653.75
2022.09.30 15:51:42;1664553102228;3654.25;1;0;1;3654.0;3653.75
2022.09.30 15:51:42;1664553102228;3654.25;1;0;1;3654.0;3653.75
2022.09.30 15:51:42;1664553102228;3654.25;1;0;1;3654.0;3653.75
2022.09.30 15:51:42;1664553102228;3654.25;1;0;1;3654.0;3653.75
2022.09.30 15:51:42;1664553102228;3654.25;1;0;1;3654.0;3653.75
2022.09.30 15:51:42;1664553102286;3654.25;2;0;1;3654.0;3653.75
2022.09.30 15:51:42;1664553102286;3654.25;1;0;1;3654.0;3653.75
2022.09.30 15:51:42;1664553102286;3654.25;1;0;1;3654.0;3653.75
2022.09.30 15:51:42;1664553102286;3654.25;1;0;1;3654.0;3653.75
2022.09.30 15:51:42;1664553102286;3654.25;1;0;1;3654.0;3653.75
2022.09.30 15:51:42;1664553102286;3654.25;1;0;1;3654.0;3653.75
2022.09.30 15:51:42;1664553102289;3654.25;1;0;0;3654.0;3653.75
2022.09.30 15:51:42;1664553102294;3654.25;1;0;0;3654.0;3653.75
2022.09.30 15:51:42;1664553102504;3654.25;1;1;0;3654.0;3653.75
2022.09.30 15:51:42;1664553102505;3654.25;1;1;0;3654.0;3653.75
2022.09.30 15:51:42;1664553102505;3654.25;1;1;0;3654.0;3653.75
2022.09.30 15:51:42;1664553102505;3654.25;1;1;0;3654.0;3653.75
2022.09.30 15:51:42;1664553102879;3654.25;1;1;0;3654.0;3653.75
2022.09.30 15:51:42;1664553102879;3654.25;1;1;0;3654.0;3653.75
2022.09.30 15:51:42;1664553102879;3654.25;1;0;0;3654.0;3653.75
2022.09.30 15:51:42;1664553102989;3654.25;1;0;1;3654.0;3653.75
2022.09.30 15:51:43;1664553103098;3654.25;1;0;1;3654.0;3653.75
2022.09.30 15:51:43;1664553103098;3654.25;1;0;1;3654.0;3653.75
2022.09.30 15:51:43;1664553103098;3654.25;1;0;1;3654.0;3653.75
2022.09.30 15:51:43;1664553103098;3654.25;1;0;1;3654.0;3653.75
2022.09.30 15:51:43;1664553103120;3654.5;1;1;0;3654.0;3653.75
2022.09.30 15:51:43;1664553103258;3654.25;1;0;1;3654.0;3653.75
2022.09.30 15:51:43;1664553103259;3654.25;1;0;1;3654.0;3653.75
2022.09.30 15:51:43;1664553103259;3654.25;1;0;1;3654.0;3653.75
2022.09.30 15:51:43;1664553103259;3654.25;1;0;1;3654.0;3653.75
2022.09.30 15:51:43;1664553103259;3654.25;1;0;1;3654.0;3653.75
2022.09.30 15:51:43;1664553103259;3654.25;1;0;1;3654.0;3653.75
2022.09.30 15:51:43;1664553103259;3654.25;1;0;1;3654.0;3653.75
2022.09.30 15:51:43;1664553103259;3654.25;1;0;0;3654.0;3653.75
2022.09.30 15:51:43;1664553103656;3654.0;1;0;1;3654.0;3653.75
2022.09.30 15:51:43;1664553103656;3654.0;1;0;1;3654.0;3653.75
2022.09.30 15:51:43;1664553103656;3654.0;1;0;1;3654.0;3653.75
2022.09.30 15:51:43;1664553103656;3654.0;1;0;1;3654.0;3653.75
2022.09.30 15:51:43;1664553103656;3654.0;1;0;1;3654.0;3653.75
2022.09.30 15:51:43;1664553103656;3654.0;1;0;1;3654.0;3653.75
2022.09.30 15:51:43;1664553103656;3654.0;1;0;1;3654.0;3653.75
2022.09.30 15:51:43;1664553103656;3654.0;1;0;1;3654.0;3653.75
2022.09.30 15:51:43;1664553103656;3654.0;1;0;1;3654.0;3653.75
2022.09.30 15:51:43;1664553103656;3654.0;1;0;1;3654.0;3653.75
2022.09.30 15:51:43;1664553103660;3654.0;1;0;1;3654.0;3653.75
2022.09.30 15:51:43;1664553103660;3654.0;1;0;1;3654.0;3653.75
2022.09.30 15:51:43;1664553103731;3654.0;1;0;1;3654.0;3653.75
2022.09.30 15:51:43;1664553103809;3654.25;1;1;0;3654.0;3653.75
2022.09.30 15:51:44;1664553104175;3654.25;1;1;0;3654.0;3653.75
2022.09.30 15:51:44;1664553104389;3654.25;1;1;0;3654.0;3653.75
2022.09.30 15:51:44;1664553104483;3654.25;1;1;0;3654.0;3653.75
2022.09.30 15:51:44;1664553104483;3654.25;1;1;0;3654.0;3653.75
2022.09.30 15:51:44;1664553104483;3654.25;1;1;0;3654.0;3653.75
2022.09.30 15:51:44;1664553104483;3654.25;1;1;0;3654.0;3653.75
2022.09.30 15:51:44;1664553104483;3654.25;1;1;0;3654.0;3653.75
2022.09.30 15:51:44;1664553104494;3654.25;1;1;0;3654.0;3653.75
2022.09.30 15:51:44;1664553104494;3654.25;1;1;0;3654.0;3653.75
2022.09.30 15:51:44;1664553104494;3654.25;1;1;0;3654.0;3653.75
2022.09.30 15:51:44;1664553104495;3654.25;1;1;0;3654.0;3653.75
2022.09.30 15:51:44;1664553104495;3654.25;1;1;0;3654.0;3653.75
2022.09.30 15:51:44;1664553104502;3654.0;1;0;1;3654.0;3653.75
2022.09.30 15:51:44;1664553104832;3654.25;1;1;0;3654.0;3653.75
2022.09.30 15:51:44;1664553104875;3654.25;1;1;0;3654.0;3653.75
2022.09.30 15:51:45;1664553105100;3654.0;1;0;1;3654.0;3653.75
2022.09.30 15:51:45;1664553105100;3654.0;1;0;1;3654.0;3653.75
2022.09.30 15:51:45;1664553105100;3654.0;2;0;1;3654.0;3653.75
2022.09.30 15:51:45;1664553105100;3654.0;1;0;1;3654.0;3653.75
2022.09.30 15:51:45;1664553105100;3654.0;1;0;1;3654.0;3653.75
2022.09.30 15:51:45;1664553105100;3654.0;1;0;1;3654.0;3653.75
2022.09.30 15:51:45;1664553105100;3654.0;1;0;1;3654.0;3653.75
2022.09.30 15:51:45;1664553105100;3654.0;1;0;1;3654.0;3653.75
2022.09.30 15:51:45;1664553105100;3654.0;3;0;1;3654.0;3653.75
2022.09.30 15:51:45;1664553105100;3654.0;1;0;1;3654.0;3653.75
2022.09.30 15:51:45;1664553105100;3654.0;1;0;1;3654.0;3653.75
2022.09.30 15:51:45;1664553105100;3654.0;1;0;1;3654.0;3653.75
2022.09.30 15:51:45;1664553105100;3654.0;1;0;1;3654.0;3653.75
2022.09.30 15:51:45;1664553105100;3654.0;1;0;1;3654.0;3653.75
2022.09.30 15:51:45;1664553105100;3654.0;1;0;1;3654.0;3653.75
2022.09.30 15:51:45;1664553105100;3654.0;1;0;1;3654.0;3653.75
2022.09.30 15:51:45;1664553105100;3654.0;1;0;1;3654.0;3653.75
2022.09.30 15:51:45;1664553105100;3654.0;1;0;1;3654.0;3653.75
2022.09.30 15:51:45;1664553105102;3654.0;1;0;1;3654.0;3653.75
2022.09.30 15:51:45;1664553105102;3654.0;1;0;1;3654.0;3653.75
2022.09.30 15:51:45;1664553105102;3654.0;1;0;1;3654.0;3653.75
2022.09.30 15:51:45;1664553105102;3654.0;2;0;1;3654.0;3653.75
2022.09.30 15:51:45;1664553105102;3654.0;2;0;1;3654.0;3653.75
2022.09.30 15:51:45;1664553105102;3654.0;2;0;0;3654.0;3653.75
2022.09.30 15:51:45;1664553105107;3654.0;2;1;0;3654.0;3653.75
2022.09.30 15:51:45;1664553105107;3654.0;1;1;0;3654.0;3653.75
2022.09.30 15:51:45;1664553105109;3654.0;1;1;0;3654.0;3653.75
2022.09.30 15:51:45;1664553105109;3654.0;1;1;0;3654.0;3653.75
2022.09.30 15:51:45;1664553105109;3654.0;1;1;0;3654.0;3653.75
2022.09.30 15:51:45;1664553105109;3654.0;1;1;0;3654.0;3653.75
2022.09.30 15:51:45;1664553105109;3654.0;1;1;0;3654.0;3653.75
2022.09.30 15:51:45;1664553105109;3654.0;4;1;0;3654.0;3653.75
2022.09.30 15:51:45;1664553105109;3654.0;2;1;0;3654.0;3653.75
2022.09.30 15:51:45;1664553105109;3654.0;1;1;0;3654.0;3653.75
2022.09.30 15:51:45;1664553105109;3654.0;1;1;0;3654.0;3653.75
2022.09.30 15:51:45;1664553105109;3654.0;1;1;0;3654.0;3653.75
2022.09.30 15:51:45;1664553105109;3654.0;1;1;0;3654.0;3653.75
2022.09.30 15:51:45;1664553105109;3654.0;1;1;0;3654.0;3653.75
2022.09.30 15:51:45;1664553105109;3654.0;3;1;0;3654.0;3653.75
2022.09.30 15:51:45;1664553105120;3654.0;1;1;0;3654.0;3653.75
2022.09.30 15:51:45;1664553105120;3654.0;1;1;0;3654.0;3653.75
2022.09.30 15:51:45;1664553105121;3654.0;1;1;0;3654.0;3653.75
2022.09.30 15:51:45;1664553105121;3654.0;1;1;0;3654.0;3653.75
2022.09.30 15:51:45;1664553105121;3654.0;1;1;0;3654.0;3653.75
2022.09.30 15:51:45;1664553105121;3654.0;1;1;0;3654.0;3653.75
2022.09.30 15:51:45;1664553105121;3654.0;1;1;0;3654.0;3653.75
2022.09.30 15:51:45;1664553105121;3654.0;1;1;0;3654.0;3653.75
2022.09.30 15:51:45;1664553105121;3654.0;1;1;0;3654.0;3653.75
2022.09.30 15:51:45;1664553105121;3654.0;1;0;0;3654.0;3653.75
2022.09.30 15:51:45;1664553105394;3654.0;1;0;1;3654.0;3653.75
2022.09.30 15:51:45;1664553105450;3654.0;1;0;1;3654.0;3653.75
2022.09.30 15:51:45;1664553105450;3654.0;1;0;1;3654.0;3653.75
2022.09.30 15:51:45;1664553105450;3654.0;1;0;1;3654.0;3653.75
2022.09.30 15:51:45;1664553105518;3654.0;1;0;1;3654.0;3653.75
2022.09.30 15:51:45;1664553105848;3654.25;1;1;0;3654.0;3653.75
2022.09.30 15:51:46;1664553106008;3654.0;1;0;1;3654.0;3653.75
2022.09.30 15:51:46;1664553106184;3654.25;1;1;0;3654.0;3653.75
2022.09.30 15:51:46;1664553106185;3654.25;1;1;0;3654.0;3653.75
2022.09.30 15:51:46;1664553106185;3654.25;1;1;0;3654.0;3653.75
2022.09.30 15:51:46;1664553106185;3654.25;1;1;0;3654.0;3653.75
2022.09.30 15:51:46;1664553106185;3654.25;5;1;0;3654.0;3653.75
2022.09.30 15:51:46;1664553106185;3654.25;1;1;0;3654.0;3653.75
2022.09.30 15:51:46;1664553106185;3654.25;1;1;0;3654.0;3653.75
2022.09.30 15:51:46;1664553106185;3654.25;1;1;0;3654.0;3653.75
2022.09.30 15:51:46;1664553106185;3654.25;1;1;0;3654.0;3653.75
2022.09.30 15:51:46;1664553106185;3654.25;1;1;0;3654.0;3653.75
2022.09.30 15:51:46;1664553106186;3654.25;1;0;0;3654.0;3653.75
2022.09.30 15:51:46;1664553106299;3654.25;1;0;1;3654.0;3653.75
2022.09.30 15:51:46;1664553106299;3654.25;1;0;1;3654.0;3653.75
2022.09.30 15:51:46;1664553106299;3654.25;1;0;1;3654.0;3653.75
2022.09.30 15:51:46;1664553106299;3654.25;1;0;1;3654.0;3653.75
2022.09.30 15:51:46;1664553106299;3654.25;1;0;1;3654.0;3653.75
2022.09.30 15:51:46;1664553106299;3654.25;1;0;1;3654.0;3653.75
2022.09.30 15:51:46;1664553106299;3654.25;1;0;0;3654.0;3653.75
2022.09.30 15:51:46;1664553106307;3654.25;1;1;0;3654.0;3653.75
2022.09.30 15:51:46;1664553106307;3654.25;1;1;0;3654.0;3653.75
2022.09.30 15:51:46;1664553106307;3654.25;1;0;0;3654.0;3653.75
2022.09.30 15:51:46;1664553106881;3654.25;1;0;1;3654.0;3653.75
2022.09.30 15:51:47;1664553107101;3654.25;1;0;1;3654.0;3653.75
2022.09.30 15:51:47;1664553107101;3654.25;1;0;1;3654.0;3653.75
2022.09.30 15:51:47;1664553107101;3654.25;1;0;1;3654.0;3653.75
2022.09.30 15:51:47;1664553107101;3654.25;1;0;1;3654.0;3653.75
2022.09.30 15:51:47;1664553107101;3654.25;1;0;1;3654.0;3653.75
2022.09.30 15:51:47;1664553107101;3654.25;1;0;1;3654.0;3653.75
2022.09.30 15:51:47;1664553107101;3654.25;1;0;1;3654.0;3653.75
2022.09.30 15:51:47;1664553107101;3654.25;1;0;0;3654.0;3653.75
2022.09.30 15:51:47;1664553107116;3654.25;1;0;0;3654.0;3653.75
2022.09.30 15:51:47;1664553107204;3654.25;1;0;1;3654.0;3653.75
2022.09.30 15:51:47;1664553107204;3654.25;1;0;1;3654.0;3653.75
2022.09.30 15:51:47;1664553107204;3654.25;1;0;0;3654.0;3653.75
2022.09.30 15:51:47;1664553107259;3654.25;1;0;0;3654.0;3653.75
2022.09.30 15:51:47;1664553107433;3654.25;1;1;0;3654.0;3653.75
2022.09.30 15:51:47;1664553107433;3654.25;1;1;0;3654.0;3653.75
2022.09.30 15:51:47;1664553107546;3654.0;2;0;1;3654.0;3653.75
2022.09.30 15:51:47;1664553107546;3654.0;1;0;1;3654.0;3653.75
2022.09.30 15:51:47;1664553107546;3654.0;1;0;1;3654.0;3653.75
2022.09.30 15:51:47;1664553107546;3654.0;1;0;1;3654.0;3653.75
2022.09.30 15:51:47;1664553107546;3654.0;1;0;1;3654.0;3653.75
2022.09.30 15:51:47;1664553107547;3654.0;1;0;1;3654.0;3653.75
2022.09.30 15:51:47;1664553107547;3654.0;1;0;1;3654.0;3653.75
2022.09.30 15:51:47;1664553107547;3654.0;1;0;1;3654.0;3653.75
2022.09.30 15:51:47;1664553107547;3654.0;1;0;1;3654.0;3653.75
2022.09.30 15:51:47;1664553107547;3654.0;1;0;1;3654.0;3653.75
2022.09.30 15:51:47;1664553107547;3654.0;1;0;1;3654.0;3653.75
2022.09.30 15:51:47;1664553107572;3654.25;1;1;0;3654.0;3653.75
2022.09.30 15:51:47;1664553107572;3654.25;1;0;0;3654.0;3653.75
2022.09.30 15:51:47;1664553107573;3654.25;5;0;1;3654.0;3653.75
2022.09.30 15:51:47;1664553107573;3654.25;1;0;1;3654.0;3653.75
2022.09.30 15:51:47;1664553107573;3654.25;1;0;0;3654.0;3653.75
2022.09.30 15:51:47;1664553107574;3654.25;1;0;0;3654.0;3653.75
2022.09.30 15:51:47;1664553107756;3654.25;1;1;0;3654.0;3653.75
2022.09.30 15:51:47;1664553107756;3654.25;1;1;0;3654.0;3653.75
2022.09.30 15:51:47;1664553107757;3654.25;1;1;0;3654.0;3653.75
2022.09.30 15:51:47;1664553107757;3654.25;3;1;0;3654.0;3653.75
2022.09.30 15:51:47;1664553107757;3654.25;1;1;0;3654.0;3653.75
2022.09.30 15:51:47;1664553107757;3654.25;1;1;0;3654.0;3653.75
2022.09.30 15:51:47;1664553107757;3654.25;3;1;0;3654.0;3653.75
2022.09.30 15:51:47;1664553107758;3654.25;3;0;0;3654.0;3653.75
2022.09.30 15:51:47;1664553107794;3654.5;1;1;0;3654.0;3653.75
2022.09.30 15:51:47;1664553107794;3654.5;2;1;0;3654.0;3653.75
2022.09.30 15:51:47;1664553107794;3654.5;1;1;0;3654.0;3653.75
2022.09.30 15:51:47;1664553107794;3654.5;2;1;0;3654.0;3653.75
2022.09.30 15:51:47;1664553107794;3654.5;1;1;0;3654.0;3653.75
2022.09.30 15:51:47;1664553107794;3654.5;1;1;0;3654.0;3653.75
2022.09.30 15:51:47;1664553107794;3654.5;1;1;0;3654.0;3653.75
2022.09.30 15:51:47;1664553107794;3654.5;1;1;0;3654.0;3653.75
2022.09.30 15:51:47;1664553107794;3654.5;1;1;0;3654.0;3653.75
2022.09.30 15:51:47;1664553107794;3654.5;1;1;0;3654.0;3653.75
2022.09.30 15:51:47;1664553107794;3654.5;1;1;0;3654.0;3653.75
2022.09.30 15:51:47;1664553107794;3654.5;1;0;1;3654.0;3653.75
2022.09.30 15:51:47;1664553107795;3654.5;1;0;0;3654.0;3653.75
2022.09.30 15:51:48;1664553108101;3654.5;1;0;1;3654.0;3653.75
2022.09.30 15:51:48;1664553108101;3654.5;2;0;1;3654.0;3653.75
2022.09.30 15:51:48;1664553108101;3654.5;1;0;1;3654.0;3653.75
2022.09.30 15:51:48;1664553108101;3654.5;1;0;1;3654.0;3653.75
2022.09.30 15:51:48;1664553108101;3654.5;1;0;1;3654.0;3653.75
2022.09.30 15:51:48;1664553108101;3654.5;1;0;1;3654.0;3653.75
2022.09.30 15:51:48;1664553108101;3654.5;1;0;1;3654.0;3653.75
2022.09.30 15:51:48;1664553108101;3654.5;1;0;1;3654.0;3653.75
2022.09.30 15:51:48;1664553108101;3654.5;1;0;1;3654.0;3653.75
2022.09.30 15:51:48;1664553108101;3654.5;1;0;1;3654.0;3653.75
2022.09.30 15:51:48;1664553108101;3654.5;1;0;0;3654.0;3653.75
2022.09.30 15:51:48;1664553108111;3654.5;1;0;0;3654.0;3653.75
2022.09.30 15:51:48;1664553108412;3654.25;1;0;1;3654.0;3653.75
2022.09.30 15:51:48;1664553108412;3654.25;1;0;1;3654.0;3653.75
2022.09.30 15:51:48;1664553108412;3654.25;1;0;1;3654.0;3653.75
2022.09.30 15:51:48;1664553108412;3654.25;1;0;1;3654.0;3653.75
2022.09.30 15:51:48;1664553108476;3654.25;1;0;1;3654.0;3653.75
2022.09.30 15:51:48;1664553108763;3654.5;1;1;0;3654.0;3653.75
2022.09.30 15:51:48;1664553108790;3654.5;1;1;0;3654.0;3653.75
2022.09.30 15:51:48;1664553108790;3654.5;1;0;0;3654.0;3653.75
2022.09.30 15:51:48;1664553108796;3654.5;2;0;1;3654.0;3653.75
2022.09.30 15:51:48;1664553108796;3654.5;1;0;1;3654.0;3653.75
2022.09.30 15:51:48;1664553108796;3654.5;1;0;1;3654.0;3653.75
2022.09.30 15:51:48;1664553108796;3654.5;1;0;1;3654.0;3653.75
2022.09.30 15:51:48;1664553108796;3654.5;1;0;1;3654.0;3653.75
2022.09.30 15:51:48;1664553108797;3654.5;1;0;0;3654.0;3653.75
2022.09.30 15:51:48;1664553108815;3654.5;2;1;0;3654.0;3653.75
2022.09.30 15:51:49;1664553109011;3654.5;3;1;0;3654.0;3653.75
2022.09.30 15:51:49;1664553109011;3654.5;1;1;0;3654.0;3653.75
2022.09.30 15:51:49;1664553109011;3654.5;1;1;0;3654.0;3653.75
2022.09.30 15:51:49;1664553109011;3654.5;1;1;0;3654.0;3653.75
2022.09.30 15:51:49;1664553109011;3654.5;1;1;0;3654.0;3653.75
2022.09.30 15:51:49;1664553109011;3654.5;1;1;0;3654.0;3653.75
2022.09.30 15:51:49;1664553109011;3654.5;1;1;0;3654.0;3653.75
2022.09.30 15:51:49;1664553109011;3654.5;1;1;0;3654.0;3653.75
2022.09.30 15:51:49;1664553109011;3654.5;1;1;0;3654.0;3653.75
2022.09.30 15:51:49;1664553109011;3654.5;3;1;0;3654.0;3653.75
2022.09.30 15:51:49;1664553109011;3654.5;1;0;1;3654.0;3653.75
2022.09.30 15:51:49;1664553109011;3654.5;1;0;0;3654.0;3653.75
2022.09.30 15:51:49;1664553109012;3654.5;1;0;0;3654.0;3653.75
2022.09.30 15:51:49;1664553109013;3654.5;1;1;0;3654.0;3653.75
2022.09.30 15:51:49;1664553109013;3654.5;2;1;0;3654.0;3653.75
2022.09.30 15:51:49;1664553109314;3654.25;1;0;1;3654.0;3653.75
2022.09.30 15:51:49;1664553109314;3654.25;1;0;1;3654.0;3653.75
2022.09.30 15:51:49;1664553109314;3654.25;1;0;1;3654.0;3653.75
2022.09.30 15:51:49;1664553109314;3654.25;1;0;1;3654.0;3653.75
2022.09.30 15:51:49;1664553109314;3654.25;1;0;1;3654.0;3653.75
2022.09.30 15:51:49;1664553109314;3654.25;1;0;1;3654.0;3653.75
2022.09.30 15:51:49;1664553109315;3654.25;4;0;1;3654.0;3653.75
2022.09.30 15:51:49;1664553109315;3654.25;4;0;1;3654.0;3653.75
2022.09.30 15:51:49;1664553109317;3654.25;1;0;1;3654.0;3653.75
2022.09.30 15:51:49;1664553109317;3654.25;1;0;1;3654.0;3653.75
2022.09.30 15:51:49;1664553109317;3654.25;1;0;1;3654.0;3653.75
2022.09.30 15:51:49;1664553109317;3654.25;1;0;1;3654.0;3653.75
2022.09.30 15:51:49;1664553109317;3654.25;1;0;1;3654.0;3653.75
2022.09.30 15:51:49;1664553109317;3654.25;1;0;1;3654.0;3653.75
2022.09.30 15:51:49;1664553109317;3654.25;1;0;1;3654.0;3653.75
2022.09.30 15:51:49;1664553109317;3654.25;1;0;1;3654.0;3653.75
2022.09.30 15:51:49;1664553109317;3654.25;1;0;1;3654.0;3653.75
2022.09.30 15:51:49;1664553109317;3654.25;1;0;1;3654.0;3653.75
2022.09.30 15:51:49;1664553109317;3654.25;1;0;1;3654.0;3653.75
2022.09.30 15:51:49;1664553109317;3654.25;1;0;1;3654.0;3653.75
2022.09.30 15:51:49;1664553109317;3654.25;15;0;1;3654.0;3653.75
2022.09.30 15:51:49;1664553109317;3654.25;1;0;1;3654.0;3653.75
2022.09.30 15:51:49;1664553109317;3654.25;1;0;1;3654.0;3653.75
2022.09.30 15:51:49;1664553109317;3654.25;1;0;1;3654.0;3653.75
2022.09.30 15:51:49;1664553109317;3654.25;1;1;0;3654.0;3653.75
2022.09.30 15:51:49;1664553109317;3654.25;1;1;0;3654.0;3653.75
2022.09.30 15:51:49;1664553109317;3654.25;1;0;1;3654.0;3653.75
2022.09.30 15:51:49;1664553109317;3654.25;1;0;1;3654.0;3653.75
2022.09.30 15:51:49;1664553109317;3654.25;1;0;1;3654.0;3653.75
2022.09.30 15:51:49;1664553109317;3654.25;1;0;1;3654.0;3653.75
2022.09.30 15:51:49;1664553109317;3654.25;2;0;1;3654.0;3653.75
2022.09.30 15:51:49;1664553109317;3654.25;1;0;1;3654.0;3653.75
2022.09.30 15:51:49;1664553109385;3654.25;1;0;1;3654.0;3653.75
2022.09.30 15:51:49;1664553109578;3654.25;1;0;1;3654.0;3653.75
2022.09.30 15:51:49;1664553109578;3654.25;2;0;1;3654.0;3653.75
2022.09.30 15:51:49;1664553109578;3654.25;2;0;1;3654.0;3653.75
2022.09.30 15:51:49;1664553109579;3654.25;1;0;1;3654.0;3653.75
2022.09.30 15:51:49;1664553109588;3654.25;1;0;1;3654.0;3653.75
2022.09.30 15:51:49;1664553109588;3654.25;1;0;1;3654.0;3653.75
2022.09.30 15:51:49;1664553109588;3654.25;1;0;1;3654.0;3653.75
2022.09.30 15:51:49;1664553109588;3654.25;1;0;1;3654.0;3653.75
2022.09.30 15:51:49;1664553109589;3654.25;1;0;1;3654.0;3653.75
2022.09.30 15:51:49;1664553109589;3654.25;1;0;1;3654.0;3653.75
2022.09.30 15:51:49;1664553109589;3654.25;1;0;1;3654.0;3653.75
2022.09.30 15:51:49;1664553109589;3654.25;1;0;1;3654.0;3653.75
2022.09.30 15:51:49;1664553109589;3654.25;5;1;0;3654.0;3653.75
2022.09.30 15:51:49;1664553109589;3654.25;1;1;0;3654.0;3653.75
2022.09.30 15:51:49;1664553109589;3654.25;1;1;0;3654.0;3653.75
2022.09.30 15:51:49;1664553109589;3654.25;1;1;0;3654.0;3653.75
2022.09.30 15:51:49;1664553109589;3654.25;1;1;0;3654.0;3653.75
2022.09.30 15:51:49;1664553109589;3654.25;1;0;1;3654.0;3653.75
2022.09.30 15:51:49;1664553109589;3654.25;1;0;1;3654.0;3653.75
2022.09.30 15:51:49;1664553109589;3654.25;1;0;1;3654.0;3653.75
2022.09.30 15:51:49;1664553109646;3654.25;1;0;1;3654.0;3653.75
2022.09.30 15:51:49;1664553109647;3654.5;1;1;0;3654.0;3653.75
2022.09.30 15:51:49;1664553109853;3654.5;2;1;0;3654.0;3653.75
2022.09.30 15:51:49;1664553109853;3654.5;1;1;0;3654.0;3653.75
2022.09.30 15:51:49;1664553109853;3654.5;1;1;0;3654.0;3653.75
2022.09.30 15:51:49;1664553109853;3654.5;1;1;0;3654.0;3653.75
2022.09.30 15:51:49;1664553109853;3654.5;1;0;1;3654.0;3653.75
2022.09.30 15:51:49;1664553109853;3654.5;1;0;0;3654.0;3653.75
2022.09.30 15:51:49;1664553109853;3654.5;1;0;1;3654.0;3653.75
2022.09.30 15:51:49;1664553109860;3654.5;1;0;0;3654.0;3653.75
2022.09.30 15:51:49;1664553109912;3654.5;1;0;0;3654.0;3653.75
2022.09.30 15:51:49;1664553109950;3654.5;1;0;0;3654.0;3653.75
2022.09.30 15:51:50;1664553110005;3654.5;1;1;0;3654.0;3653.75
2022.09.30 15:51:50;1664553110005;3654.5;1;1;0;3654.0;3653.75
2022.09.30 15:51:50;1664553110005;3654.5;1;0;0;3654.0;3653.75
2022.09.30 15:51:50;1664553110015;3654.5;4;0;1;3654.0;3653.75
2022.09.30 15:51:50;1664553110015;3654.5;1;0;1;3654.0;3653.75
2022.09.30 15:51:50;1664553110015;3654.5;1;0;1;3654.0;3653.75
2022.09.30 15:51:50;1664553110015;3654.5;1;0;1;3654.0;3653.75
2022.09.30 15:51:50;1664553110015;3654.5;1;0;0;3654.0;3653.75
2022.09.30 15:51:50;1664553110097;3654.5;1;1;0;3654.0;3653.75
2022.09.30 15:51:50;1664553110097;3654.5;1;1;0;3654.0;3653.75
2022.09.30 15:51:50;1664553110097;3654.5;1;1;0;3654.0;3653.75
2022.09.30 15:51:50;1664553110097;3654.5;1;1;0;3654.0;3653.75
2022.09.30 15:51:50;1664553110097;3654.5;3;1;0;3654.0;3653.75
2022.09.30 15:51:50;1664553110097;3654.5;1;1;0;3654.0;3653.75
2022.09.30 15:51:50;1664553110097;3654.5;1;1;0;3654.0;3653.75
2022.09.30 15:51:50;1664553110098;3654.5;1;1;0;3654.0;3653.75
2022.09.30 15:51:50;1664553110098;3654.5;3;1;0;3654.0;3653.75
2022.09.30 15:51:50;1664553110098;3654.5;1;1;0;3654.0;3653.75
2022.09.30 15:51:50;1664553110098;3654.5;1;0;0;3654.0;3653.75
2022.09.30 15:51:50;1664553110136;3654.5;1;0;1;3654.0;3653.75
2022.09.30 15:51:50;1664553110136;3654.5;1;0;1;3654.0;3653.75
2022.09.30 15:51:50;1664553110136;3654.5;1;0;0;3654.0;3653.75
2022.09.30 15:51:50;1664553110846;3654.5;1;1;0;3654.0;3653.75
2022.09.30 15:51:50;1664553110920;3654.5;1;1;0;3654.0;3653.75
2022.09.30 15:51:50;1664553110920;3654.5;1;1;0;3654.0;3653.75
2022.09.30 15:51:50;1664553110920;3654.5;1;1;0;3654.0;3653.75
2022.09.30 15:51:50;1664553110920;3654.5;3;1;0;3654.0;3653.75
2022.09.30 15:51:50;1664553110920;3654.5;1;1;0;3654.0;3653.75
2022.09.30 15:51:50;1664553110920;3654.5;1;1;0;3654.0;3653.75
2022.09.30 15:51:50;1664553110920;3654.5;4;1;0;3654.0;3653.75
2022.09.30 15:51:50;1664553110920;3654.5;4;1;0;3654.0;3653.75
2022.09.30 15:51:50;1664553110920;3654.5;1;1;0;3654.0;3653.75
2022.09.30 15:51:50;1664553110922;3654.5;1;1;0;3654.0;3653.75
2022.09.30 15:51:50;1664553110922;3654.5;1;1;0;3654.0;3653.75
2022.09.30 15:51:50;1664553110922;3654.5;1;1;0;3654.0;3653.75
2022.09.30 15:51:50;1664553110922;3654.5;1;1;0;3654.0;3653.75
2022.09.30 15:51:50;1664553110922;3654.5;1;0;1;3654.0;3653.75
2022.09.30 15:51:50;1664553110922;3654.5;1;0;0;3654.0;3653.75
2022.09.30 15:51:50;1664553110929;3654.5;1;1;0;3654.0;3653.75
2022.09.30 15:51:50;1664553110930;3654.5;1;0;0;3654.0;3653.75
2022.09.30 15:51:50;1664553110953;3654.25;1;0;1;3654.0;3653.75
2022.09.30 15:51:50;1664553110991;3654.25;1;0;1;3654.0;3653.75
2022.09.30 15:51:50;1664553110991;3654.25;1;0;1;3654.0;3653.75
2022.09.30 15:51:50;1664553110991;3654.25;1;0;1;3654.0;3653.75
2022.09.30 15:51:50;1664553110991;3654.25;1;0;1;3654.0;3653.75
2022.09.30 15:51:50;1664553110992;3654.25;1;0;1;3654.0;3653.75
2022.09.30 15:51:50;1664553110992;3654.25;4;0;1;3654.0;3653.75
2022.09.30 15:51:50;1664553110992;3654.25;1;0;1;3654.0;3653.75
2022.09.30 15:51:50;1664553110992;3654.25;1;0;1;3654.0;3653.75
2022.09.30 15:51:50;1664553110992;3654.25;1;0;1;3654.0;3653.75
2022.09.30 15:51:50;1664553110992;3654.25;4;0;1;3654.0;3653.75
2022.09.30 15:51:50;1664553110992;3654.25;1;0;1;3654.0;3653.75
2022.09.30 15:51:50;1664553110992;3654.25;1;0;1;3654.0;3653.75
2022.09.30 15:51:50;1664553110992;3654.25;1;0;1;3654.0;3653.75
2022.09.30 15:51:50;1664553110992;3654.25;1;0;1;3654.0;3653.75
2022.09.30 15:51:50;1664553110992;3654.25;5;0;1;3654.0;3653.75
2022.09.30 15:51:50;1664553110992;3654.25;1;0;1;3654.0;3653.75
2022.09.30 15:51:50;1664553110992;3654.25;1;0;1;3654.0;3653.75
2022.09.30 15:51:50;1664553110992;3654.25;1;0;1;3654.0;3653.75
2022.09.30 15:51:50;1664553110992;3654.25;1;0;1;3654.0;3653.75
2022.09.30 15:51:50;1664553110992;3654.25;1;0;1;3654.0;3653.75
2022.09.30 15:51:50;1664553110992;3654.25;1;0;1;3654.0;3653.75
2022.09.30 15:51:50;1664553110992;3654.25;1;0;1;3654.0;3653.75
2022.09.30 15:51:50;1664553110992;3654.25;1;0;1;3654.0;3653.75
2022.09.30 15:51:50;1664553110992;3654.25;1;0;1;3654.0;3653.75
2022.09.30 15:51:50;1664553110992;3654.25;10;0;1;3654.0;3653.75
2022.09.30 15:51:50;1664553110992;3654.25;1;0;1;3654.0;3653.75
2022.09.30 15:51:50;1664553110992;3654.25;5;0;1;3654.0;3653.75
2022.09.30 15:51:51;1664553111003;3654.5;2;1;0;3654.0;3653.75
2022.09.30 15:51:51;1664553111005;3654.5;1;1;0;3654.0;3653.75
2022.09.30 15:51:51;1664553111023;3654.5;1;1;0;3654.0;3653.75
2022.09.30 15:51:51;1664553111254;3654.5;1;1;0;3654.0;3653.75
2022.09.30 15:51:51;1664553111254;3654.5;1;1;0;3654.0;3653.75
2022.09.30 15:51:51;1664553111673;3654.5;1;1;0;3654.0;3653.75
2022.09.30 15:51:51;1664553111925;3654.5;1;1;0;3654.0;3653.75
2022.09.30 15:51:52;1664553112441;3654.25;1;0;1;3654.0;3653.75
2022.09.30 15:51:52;1664553112597;3654.25;2;0;1;3654.0;3653.75
2022.09.30 15:51:52;1664553112597;3654.25;1;0;1;3654.0;3653.75
2022.09.30 15:51:52;1664553112597;3654.25;1;0;1;3654.0;3653.75
2022.09.30 15:51:52;1664553112597;3654.25;1;0;1;3654.0;3653.75
2022.09.30 15:51:52;1664553112597;3654.25;1;0;1;3654.0;3653.75
2022.09.30 15:51:52;1664553112597;3654.25;1;0;1;3654.0;3653.75
2022.09.30 15:51:52;1664553112597;3654.25;1;0;1;3654.0;3653.75
2022.09.30 15:51:52;1664553112597;3654.25;1;0;1;3654.0;3653.75
2022.09.30 15:51:52;1664553112597;3654.25;1;0;1;3654.0;3653.75
2022.09.30 15:51:52;1664553112597;3654.25;1;0;0;3654.0;3653.75
2022.09.30 15:51:53;1664553113210;3654.0;1;0;1;3654.0;3653.75
2022.09.30 15:51:53;1664553113224;3654.25;4;1;0;3654.0;3653.75
2022.09.30 15:51:53;1664553113224;3654.25;1;1;0;3654.0;3653.75
2022.09.30 15:51:53;1664553113224;3654.25;1;1;0;3654.0;3653.75
2022.09.30 15:51:53;1664553113225;3654.25;1;1;0;3654.0;3653.75
2022.09.30 15:51:53;1664553113225;3654.25;1;1;0;3654.0;3653.75
2022.09.30 15:51:53;1664553113225;3654.25;1;1;0;3654.0;3653.75
2022.09.30 15:51:53;1664553113225;3654.25;2;1;0;3654.0;3653.75
2022.09.30 15:51:53;1664553113225;3654.25;1;1;0;3654.0;3653.75
2022.09.30 15:51:53;1664553113225;3654.25;1;1;0;3654.0;3653.75
2022.09.30 15:51:53;1664553113225;3654.25;1;1;0;3654.0;3653.75
2022.09.30 15:51:53;1664553113235;3654.25;1;1;0;3654.0;3653.75
2022.09.30 15:51:53;1664553113235;3654.25;1;0;0;3654.0;3653.75
2022.09.30 15:51:53;1664553113236;3654.25;1;0;1;3654.0;3653.75
2022.09.30 15:51:53;1664553113236;3654.25;1;0;1;3654.0;3653.75
2022.09.30 15:51:53;1664553113236;3654.25;1;0;1;3654.0;3653.75
2022.09.30 15:51:53;1664553113236;3654.25;1;0;1;3654.0;3653.75
2022.09.30 15:51:53;1664553113236;3654.25;1;0;0;3654.0;3653.75
2022.09.30 15:51:53;1664553113299;3654.0;2;0;1;3654.0;3653.75
2022.09.30 15:51:53;1664553113587;3654.0;1;0;1;3654.0;3653.75
2022.09.30 15:51:53;1664553113587;3654.0;4;0;1;3654.0;3653.75
2022.09.30 15:51:53;1664553113587;3654.0;4;0;1;3654.0;3653.75
2022.09.30 15:51:53;1664553113587;3654.0;1;0;1;3654.0;3653.75
2022.09.30 15:51:53;1664553113587;3654.0;1;0;1;3654.0;3653.75
2022.09.30 15:51:53;1664553113587;3654.0;1;0;1;3654.0;3653.75
2022.09.30 15:51:53;1664553113587;3654.0;1;0;1;3654.0;3653.75
2022.09.30 15:51:53;1664553113587;3654.0;5;0;1;3654.0;3653.75
2022.09.30 15:51:53;1664553113587;3654.0;1;0;1;3654.0;3653.75
2022.09.30 15:51:53;1664553113587;3654.0;1;0;1;3654.0;3653.75
2022.09.30 15:51:53;1664553113587;3654.0;1;0;1;3654.0;3653.75
2022.09.30 15:51:53;1664553113587;3654.0;1;0;1;3654.0;3653.75
2022.09.30 15:51:53;1664553113587;3654.0;1;0;1;3654.0;3653.75
2022.09.30 15:51:53;1664553113587;3654.0;1;0;1;3654.0;3653.75
2022.09.30 15:51:53;1664553113587;3654.0;3;0;1;3654.0;3653.75
2022.09.30 15:51:53;1664553113587;3654.0;1;0;1;3654.0;3653.75
2022.09.30 15:51:53;1664553113587;3654.0;1;0;1;3654.0;3653.75
2022.09.30 15:51:53;1664553113588;3654.0;1;0;1;3654.0;3653.75
2022.09.30 15:51:53;1664553113588;3654.0;1;0;1;3654.0;3653.75
2022.09.30 15:51:53;1664553113588;3654.0;1;0;1;3654.0;3653.75
2022.09.30 15:51:53;1664553113588;3654.0;1;0;1;3654.0;3653.75
2022.09.30 15:51:53;1664553113588;3654.0;1;0;1;3654.0;3653.75
2022.09.30 15:51:53;1664553113588;3654.0;1;0;1;3654.0;3653.75
2022.09.30 15:51:53;1664553113588;3654.0;2;0;1;3654.0;3653.75
2022.09.30 15:51:53;1664553113588;3654.0;1;0;1;3654.0;3653.75
2022.09.30 15:51:53;1664553113588;3654.0;35;0;1;3654.0;3653.75
2022.09.30 15:51:53;1664553113588;3654.0;8;0;1;3654.0;3653.75
2022.09.30 15:51:53;1664553113588;3653.75;19;0;1;3654.0;3653.75
2022.09.30 15:51:53;1664553113588;3653.75;19;0;0;3654.0;3653.75
2022.09.30 15:51:53;1664553113593;3654.0;1;1;0;3654.0;3653.75
2022.09.30 15:51:53;1664553113595;3654.0;1;1;0;3654.0;3653.75
2022.09.30 15:51:53;1664553113595;3654.0;1;1;0;3654.0;3653.75
2022.09.30 15:51:53;1664553113595;3654.0;1;1;0;3654.0;3653.75
2022.09.30 15:51:53;1664553113595;3654.0;1;1;0;3654.0;3653.75
2022.09.30 15:51:53;1664553113596;3654.0;1;1;0;3654.0;3653.75
2022.09.30 15:51:53;1664553113596;3654.0;1;1;0;3654.0;3653.75
2022.09.30 15:51:53;1664553113596;3654.0;3;1;0;3654.0;3653.75
2022.09.30 15:51:53;1664553113598;3654.0;1;1;0;3654.0;3653.75
2022.09.30 15:51:53;1664553113598;3654.0;1;1;0;3654.0;3653.75
2022.09.30 15:51:53;1664553113598;3654.0;1;0;0;3654.0;3653.75
2022.09.30 15:51:53;1664553113599;3654.0;1;0;0;3654.0;3653.75
2022.09.30 15:51:53;1664553113600;3654.0;1;1;0;3654.0;3653.75
2022.09.30 15:51:53;1664553113600;3654.0;1;1;0;3654.0;3653.75
2022.09.30 15:51:53;1664553113600;3654.0;2;1;0;3654.0;3653.75
2022.09.30 15:51:53;1664553113600;3654.0;1;1;0;3654.0;3653.75
2022.09.30 15:51:53;1664553113600;3654.0;1;1;0;3654.0;3653.75
2022.09.30 15:51:53;1664553113601;3654.0;1;0;0;3654.0;3653.75
2022.09.30 15:51:53;1664553113601;3654.0;1;0;1;3654.0;3653.75
2022.09.30 15:51:53;1664553113602;3654.0;1;0;1;3654.0;3653.75
2022.09.30 15:51:53;1664553113602;3654.0;1;0;1;3654.0;3653.75
2022.09.30 15:51:53;1664553113602;3654.0;1;0;1;3654.0;3653.75
2022.09.30 15:51:53;1664553113602;3654.0;1;0;1;3654.0;3653.75
2022.09.30 15:51:53;1664553113602;3654.0;3;0;1;3654.0;3653.75
2022.09.30 15:51:53;1664553113602;3654.0;1;0;1;3654.0;3653.75
2022.09.30 15:51:53;1664553113602;3654.0;1;0;0;3654.0;3653.75
2022.09.30 15:51:53;1664553113608;3654.0;1;1;0;3654.0;3653.75
2022.09.30 15:51:53;1664553113608;3654.0;1;1;0;3654.0;3653.75
2022.09.30 15:51:53;1664553113608;3654.0;1;1;0;3654.0;3653.75
2022.09.30 15:51:53;1664553113608;3654.0;1;1;0;3654.0;3653.75
2022.09.30 15:51:53;1664553113608;3654.0;1;0;0;3654.0;3653.75
2022.09.30 15:51:53;1664553113675;3654.25;1;1;0;3654.0;3653.75
2022.09.30 15:51:53;1664553113675;3654.25;1;1;0;3654.0;3653.75
2022.09.30 15:51:53;1664553113675;3654.25;1;1;0;3654.0;3653.75
2022.09.30 15:51:53;1664553113924;3654.0;1;0;1;3654.0;3653.75
2022.09.30 15:51:53;1664553113940;3654.25;1;1;0;3654.0;3653.75
2022.09.30 15:51:53;1664553113940;3654.25;1;1;0;3654.0;3653.75
2022.09.30 15:51:53;1664553113940;3654.25;1;1;0;3654.0;3653.75
2022.09.30 15:51:53;1664553113995;3654.25;1;1;0;3654.0;3653.75
2022.09.30 15:51:53;1664553113995;3654.25;1;1;0;3654.0;3653.75
2022.09.30 15:51:53;1664553113995;3654.25;1;1;0;3654.0;3653.75
2022.09.30 15:51:53;1664553113995;3654.25;3;1;0;3654.0;3653.75
2022.09.30 15:51:53;1664553113995;3654.25;1;1;0;3654.0;3653.75
2022.09.30 15:51:53;1664553113995;3654.25;1;0;0;3654.0;3653.75
2022.09.30 15:51:54;1664553114089;3654.25;1;0;1;3654.0;3653.75
2022.09.30 15:51:54;1664553114254;3654.5;1;1;0;3654.0;3653.75
2022.09.30 15:51:54;1664553114269;3654.25;1;0;1;3654.0;3653.75
2022.09.30 15:51:54;1664553114269;3654.25;1;0;1;3654.0;3653.75
2022.09.30 15:51:54;1664553114269;3654.25;1;0;1;3654.0;3653.75
2022.09.30 15:51:54;1664553114269;3654.25;1;0;1;3654.0;3653.75
2022.09.30 15:51:54;1664553114269;3654.25;1;0;1;3654.0;3653.75
2022.09.30 15:51:54;1664553114269;3654.25;3;0;1;3654.0;3653.75
2022.09.30 15:51:54;1664553114269;3654.25;1;0;1;3654.0;3653.75
2022.09.30 15:51:54;1664553114270;3654.25;1;0;1;3654.0;3653.75
2022.09.30 15:51:54;1664553114270;3654.25;2;0;1;3654.0;3653.75
2022.09.30 15:51:54;1664553114270;3654.25;1;0;1;3654.0;3653.75
2022.09.30 15:51:54;1664553114270;3654.25;1;0;1;3654.0;3653.75
2022.09.30 15:51:54;1664553114270;3654.25;1;0;0;3654.0;3653.75
2022.09.30 15:51:54;1664553114293;3654.0;1;0;1;3654.0;3653.75
2022.09.30 15:51:54;1664553114410;3654.0;1;0;1;3654.0;3653.75
2022.09.30 15:51:54;1664553114410;3654.0;1;0;1;3654.0;3653.75
2022.09.30 15:51:54;1664553114410;3654.0;1;0;1;3654.0;3653.75
2022.09.30 15:51:54;1664553114410;3654.0;1;0;1;3654.0;3653.75
2022.09.30 15:51:54;1664553114410;3654.0;3;0;1;3654.0;3653.75
2022.09.30 15:51:54;1664553114410;3654.0;4;0;1;3654.0;3653.75
2022.09.30 15:51:54;1664553114410;3654.0;1;0;1;3654.0;3653.75
2022.09.30 15:51:54;1664553114410;3654.0;4;0;1;3654.0;3653.75
2022.09.30 15:51:54;1664553114410;3654.0;1;0;1;3654.0;3653.75
2022.09.30 15:51:54;1664553114410;3654.0;1;0;1;3654.0;3653.75
2022.09.30 15:51:54;1664553114410;3654.0;1;0;1;3654.0;3653.75
2022.09.30 15:51:54;1664553114410;3654.0;1;0;1;3654.0;3653.75
2022.09.30 15:51:54;1664553114494;3654.0;1;0;1;3654.0;3653.75
2022.09.30 15:51:54;1664553114494;3654.0;1;0;1;3654.0;3653.75
2022.09.30 15:51:54;1664553114494;3654.0;1;0;1;3654.0;3653.75
2022.09.30 15:51:54;1664553114494;3654.0;1;0;0;3654.0;3653.75
2022.09.30 15:51:54;1664553114494;3654.0;1;0;1;3654.0;3653.75
2022.09.30 15:51:54;1664553114503;3654.0;3;0;1;3654.0;3653.75
2022.09.30 15:51:54;1664553114503;3654.0;3;0;0;3654.0;3653.75
2022.09.30 15:51:54;1664553114534;3654.0;1;1;0;3654.0;3653.75
2022.09.30 15:51:54;1664553114534;3654.0;2;1;0;3654.0;3653.75
2022.09.30 15:51:54;1664553114534;3654.0;1;1;0;3654.0;3653.75
2022.09.30 15:51:54;1664553114534;3654.0;1;1;0;3654.0;3653.75
2022.09.30 15:51:54;1664553114534;3654.0;1;1;0;3654.0;3653.75
2022.09.30 15:51:54;1664553114534;3654.0;1;1;0;3654.0;3653.75
2022.09.30 15:51:54;1664553114534;3654.0;1;1;0;3654.0;3653.75
2022.09.30 15:51:54;1664553114534;3654.0;1;1;0;3654.0;3653.75
2022.09.30 15:51:54;1664553114535;3654.0;1;0;0;3654.0;3653.75
2022.09.30 15:51:54;1664553114535;3654.0;1;0;1;3654.0;3653.75
2022.09.30 15:51:54;1664553114535;3654.0;1;0;1;3654.0;3653.75
2022.09.30 15:51:54;1664553114535;3654.0;1;0;0;3654.0;3653.75
2022.09.30 15:51:54;1664553114553;3654.0;1;1;0;3654.0;3653.75
2022.09.30 15:51:54;1664553114553;3654.0;1;1;0;3654.0;3653.75
2022.09.30 15:51:54;1664553114553;3654.0;1;1;0;3654.0;3653.75
2022.09.30 15:51:54;1664553114553;3654.0;1;0;1;3654.0;3653.75
2022.09.30 15:51:54;1664553114553;3654.0;1;0;1;3654.0;3653.75
2022.09.30 15:51:54;1664553114760;3654.0;1;1;0;3654.0;3653.75
2022.09.30 15:51:54;1664553114760;3654.0;1;1;0;3654.0;3653.75
2022.09.30 15:51:54;1664553114760;3654.0;1;1;0;3654.0;3653.75
2022.09.30 15:51:54;1664553114761;3654.0;1;1;0;3654.0;3653.75
2022.09.30 15:51:54;1664553114761;3654.0;1;1;0;3654.0;3653.75
2022.09.30 15:51:54;1664553114761;3654.0;1;1;0;3654.0;3653.75
2022.09.30 15:51:54;1664553114761;3654.0;3;1;0;3654.0;3653.75
2022.09.30 15:51:54;1664553114761;3654.0;1;1;0;3654.0;3653.75
2022.09.30 15:51:54;1664553114761;3654.0;1;1;0;3654.0;3653.75
2022.09.30 15:51:54;1664553114761;3654.0;1;1;0;3654.0;3653.75
2022.09.30 15:51:54;1664553114761;3654.0;1;1;0;3654.0;3653.75
2022.09.30 15:51:54;1664553114761;3654.0;3;1;0;3654.0;3653.75
2022.09.30 15:51:54;1664553114761;3654.0;1;1;0;3654.0;3653.75
2022.09.30 15:51:54;1664553114761;3654.0;1;1;0;3654.0;3653.75
2022.09.30 15:51:54;1664553114761;3654.0;1;1;0;3654.0;3653.75
2022.09.30 15:51:54;1664553114761;3654.0;1;1;0;3654.0;3653.75
2022.09.30 15:51:54;1664553114761;3654.0;1;1;0;3654.0;3653.75
2022.09.30 15:51:54;1664553114761;3654.0;1;1;0;3654.0;3653.75
2022.09.30 15:51:54;1664553114761;3654.0;1;0;0;3654.0;3653.75
2022.09.30 15:51:54;1664553114765;3654.0;1;1;1;3654.0;3653.75
2022.09.30 15:51:54;1664553114766;3654.0;1;0;0;3654.0;3653.75
2022.09.30 15:51:54;1664553114943;3654.0;1;0;1;3654.0;3653.75
2022.09.30 15:51:54;1664553114944;3654.0;1;0;1;3654.0;3653.75
2022.09.30 15:51:54;1664553114944;3654.0;1;0;1;3654.0;3653.75
2022.09.30 15:51:54;1664553114944;3654.0;1;0;1;3654.0;3653.75
2022.09.30 15:51:54;1664553114944;3654.0;1;0;1;3654.0;3653.75
2022.09.30 15:51:54;1664553114951;3654.0;1;0;0;3654.0;3653.75
2022.09.30 15:51:54;1664553114952;3654.0;1;1;0;3654.0;3653.75
2022.09.30 15:51:54;1664553114952;3654.0;1;1;0;3654.0;3653.75
2022.09.30 15:51:54;1664553114952;3654.0;1;1;0;3654.0;3653.75
2022.09.30 15:51:54;1664553114952;3654.0;1;1;0;3654.0;3653.75
2022.09.30 15:51:54;1664553114952;3654.0;1;1;0;3654.0;3653.75
2022.09.30 15:51:54;1664553114952;3654.0;1;1;0;3654.0;3653.75
2022.09.30 15:51:54;1664553114952;3654.0;1;0;1;3654.0;3653.75
2022.09.30 15:51:54;1664553114952;3654.0;1;0;0;3654.0;3653.75
2022.09.30 15:51:55;1664553115145;3654.0;1;0;1;3654.0;3653.75
2022.09.30 15:51:55;1664553115226;3654.0;1;0;1;3654.0;3653.75
2022.09.30 15:51:55;1664553115382;3654.0;1;0;1;3654.0;3653.75
2022.09.30 15:51:55;1664553115509;3654.0;1;0;1;3654.0;3653.75
2022.09.30 15:51:55;1664553115509;3654.0;1;0;1;3654.0;3653.75
2022.09.30 15:51:55;1664553115890;3654.0;1;0;1;3654.0;3653.75
2022.09.30 15:51:55;1664553115890;3654.0;1;0;1;3654.0;3653.75
2022.09.30 15:51:56;1664553116103;3654.0;1;0;1;3654.0;3653.75
2022.09.30 15:51:56;1664553116103;3654.0;3;0;1;3654.0;3653.75
2022.09.30 15:51:56;1664553116173;3654.0;1;0;1;3654.0;3653.75
2022.09.30 15:51:56;1664553116173;3654.0;1;0;1;3654.0;3653.75
2022.09.30 15:51:56;1664553116278;3654.0;1;0;1;3654.0;3653.75
2022.09.30 15:51:56;1664553116595;3654.25;1;1;0;3654.0;3653.75
2022.09.30 15:51:56;1664553116600;3654.0;1;0;1;3654.0;3653.75
2022.09.30 15:51:56;1664553116684;3654.0;1;0;1;3654.0;3653.75
2022.09.30 15:51:56;1664553116684;3654.0;1;0;1;3654.0;3653.75
2022.09.30 15:51:56;1664553116684;3654.0;2;0;1;3654.0;3653.75
2022.09.30 15:51:56;1664553116685;3654.0;1;0;1;3654.0;3653.75
2022.09.30 15:51:56;1664553116685;3654.0;1;0;1;3654.0;3653.75
2022.09.30 15:51:56;1664553116685;3654.0;1;0;1;3654.0;3653.75
2022.09.30 15:51:56;1664553116685;3654.0;1;0;0;3654.0;3653.75
2022.09.30 15:51:56;1664553116725;3654.0;2;1;0;3654.0;3653.75
2022.09.30 15:51:56;1664553116725;3654.0;1;1;0;3654.0;3653.75
2022.09.30 15:51:56;1664553116725;3654.0;1;1;0;3654.0;3653.75
2022.09.30 15:51:56;1664553116726;3654.0;1;0;0;3654.0;3653.75
2022.09.30 15:51:56;1664553116726;3654.0;1;0;1;3654.0;3653.75
2022.09.30 15:51:56;1664553116726;3654.0;1;0;0;3654.0;3653.75
2022.09.30 15:51:56;1664553116784;3654.0;1;1;0;3654.0;3653.75
2022.09.30 15:51:56;1664553116784;3654.0;1;1;0;3654.0;3653.75
2022.09.30 15:51:56;1664553116784;3654.0;1;0;1;3654.0;3653.75
2022.09.30 15:51:56;1664553116785;3654.0;1;0;1;3654.0;3653.75
2022.09.30 15:51:56;1664553116785;3654.0;4;0;1;3654.0;3653.75
2022.09.30 15:51:56;1664553116785;3654.0;3;0;1;3654.0;3653.75
2022.09.30 15:51:56;1664553116786;3654.0;1;0;1;3654.0;3653.75
2022.09.30 15:51:56;1664553116786;3654.0;1;0;1;3654.0;3653.75
2022.09.30 15:51:56;1664553116786;3654.0;1;0;1;3654.0;3653.75
2022.09.30 15:51:56;1664553116786;3654.0;1;0;0;3654.0;3653.75
2022.09.30 15:51:57;1664553117617;3654.0;1;0;1;3654.0;3653.75
2022.09.30 15:51:57;1664553117617;3654.0;1;0;1;3654.0;3653.75
2022.09.30 15:51:57;1664553117617;3654.0;1;0;1;3654.0;3653.75
2022.09.30 15:51:57;1664553117617;3654.0;1;0;1;3654.0;3653.75
2022.09.30 15:51:57;1664553117617;3654.0;1;0;0;3654.0;3653.75
2022.09.30 15:51:57;1664553117617;3654.0;1;0;0;3654.0;3653.75
2022.09.30 15:51:57;1664553117903;3653.75;1;0;1;3654.0;3653.75
2022.09.30 15:51:57;1664553117926;3654.0;1;1;0;3654.0;3653.75
2022.09.30 15:51:58;1664553118209;3654.0;1;1;0;3654.0;3653.75
2022.09.30 15:51:58;1664553118211;3654.0;1;1;0;3654.0;3653.75
2022.09.30 15:51:58;1664553118385;3653.75;1;0;1;3654.0;3653.75
2022.09.30 15:51:58;1664553118455;3653.75;1;0;1;3654.0;3653.75
2022.09.30 15:51:58;1664553118578;3653.75;4;0;1;3654.0;3653.75
2022.09.30 15:51:58;1664553118578;3653.75;1;0;1;3654.0;3653.75
2022.09.30 15:51:58;1664553118601;3653.75;4;0;1;3654.0;3653.75
2022.09.30 15:51:58;1664553118601;3653.75;9;0;1;3654.0;3653.75
2022.09.30 15:51:58;1664553118601;3653.75;6;0;1;3654.0;3653.75
2022.09.30 15:51:58;1664553118601;3653.75;2;0;1;3654.0;3653.75
2022.09.30 15:51:58;1664553118601;3653.75;5;0;1;3654.0;3653.75
2022.09.30 15:51:58;1664553118601;3653.75;1;0;1;3654.0;3653.75
2022.09.30 15:51:58;1664553118601;3653.75;1;0;1;3654.0;3653.75
2022.09.30 15:51:58;1664553118601;3653.75;1;0;1;3654.0;3653.75
2022.09.30 15:51:58;1664553118601;3653.75;2;0;1;3654.0;3653.75
2022.09.30 15:51:58;1664553118601;3653.75;3;0;1;3654.0;3653.75
2022.09.30 15:51:58;1664553118601;3653.75;1;0;1;3654.0;3653.75
2022.09.30 15:51:58;1664553118601;3653.75;1;0;1;3654.0;3653.75
2022.09.30 15:51:58;1664553118601;3653.75;1;0;1;3654.0;3653.75
2022.09.30 15:51:58;1664553118601;3653.75;3;0;1;3654.0;3653.75
2022.09.30 15:51:58;1664553118601;3653.75;10;0;1;3654.0;3653.75
2022.09.30 15:51:58;1664553118601;3654.0;2;1;0;3654.0;3653.75
2022.09.30 15:51:58;1664553118602;3654.0;1;1;0;3654.0;3653.75
2022.09.30 15:51:58;1664553118602;3654.0;1;1;0;3654.0;3653.75
2022.09.30 15:51:58;1664553118602;3654.0;4;1;0;3654.0;3653.75
2022.09.30 15:51:58;1664553118602;3654.0;1;1;0;3654.0;3653.75
2022.09.30 15:51:58;1664553118602;3654.0;1;1;0;3654.0;3653.75
2022.09.30 15:51:58;1664553118602;3654.0;1;1;0;3654.0;3653.75
2022.09.30 15:51:58;1664553118602;3654.0;2;1;0;3654.0;3653.75
2022.09.30 15:51:58;1664553118602;3654.0;1;1;0;3654.0;3653.75
2022.09.30 15:51:58;1664553118602;3654.0;4;1;0;3654.0;3653.75
2022.09.30 15:51:58;1664553118602;3654.0;1;1;0;3654.0;3653.75
2022.09.30 15:51:58;1664553118602;3654.0;1;1;0;3654.0;3653.75
2022.09.30 15:51:58;1664553118602;3654.0;1;1;0;3654.0;3653.75
2022.09.30 15:51:58;1664553118602;3654.0;1;1;0;3654.0;3653.75
2022.09.30 15:51:58;1664553118602;3654.0;1;1;0;3654.0;3653.75
2022.09.30 15:51:58;1664553118602;3654.0;1;1;0;3654.0;3653.75
2022.09.30 15:51:58;1664553118602;3654.0;1;1;0;3654.0;3653.75
2022.09.30 15:51:58;1664553118602;3654.0;3;1;0;3654.0;3653.75
2022.09.30 15:51:58;1664553118602;3654.0;1;1;0;3654.0;3653.75
2022.09.30 15:51:58;1664553118602;3654.0;5;1;0;3654.0;3653.75
2022.09.30 15:51:58;1664553118602;3654.0;3;1;0;3654.0;3653.75
2022.09.30 15:51:58;1664553118602;3654.0;4;1;0;3654.0;3653.75
2022.09.30 15:51:58;1664553118602;3654.0;1;1;0;3654.0;3653.75
2022.09.30 15:51:58;1664553118602;3654.0;2;1;0;3654.0;3653.75
2022.09.30 15:51:58;1664553118602;3654.0;2;1;0;3654.0;3653.75
2022.09.30 15:51:58;1664553118602;3654.0;3;1;0;3654.0;3653.75
2022.09.30 15:51:58;1664553118602;3654.0;2;1;0;3654.0;3653.75
2022.09.30 15:51:58;1664553118602;3654.0;1;1;0;3654.0;3653.75
2022.09.30 15:51:58;1664553118602;3654.0;1;1;0;3654.0;3653.75
2022.09.30 15:51:58;1664553118602;3654.0;1;1;0;3654.0;3653.75
2022.09.30 15:51:58;1664553118602;3654.0;1;1;0;3654.0;3653.75
2022.09.30 15:51:58;1664553118602;3654.0;1;1;0;3654.0;3653.75
2022.09.30 15:51:58;1664553118602;3654.0;1;1;0;3654.0;3653.75
2022.09.30 15:51:58;1664553118602;3654.0;2;1;0;3654.0;3653.75
2022.09.30 15:51:58;1664553118602;3654.0;5;1;0;3654.0;3653.75
2022.09.30 15:51:58;1664553118602;3654.0;4;1;0;3654.0;3653.75
2022.09.30 15:51:58;1664553118602;3654.0;4;0;0;3654.0;3653.75
2022.09.30 15:51:58;1664553118603;3654.0;1;0;1;3654.0;3653.75
2022.09.30 15:51:58;1664553118603;3654.0;1;0;1;3654.0;3653.75
2022.09.30 15:51:58;1664553118603;3654.0;1;0;1;3654.0;3653.75
2022.09.30 15:51:58;1664553118603;3654.0;1;0;1;3654.0;3653.75
2022.09.30 15:51:58;1664553118603;3654.0;1;0;1;3654.0;3653.75
2022.09.30 15:51:58;1664553118603;3654.0;1;0;1;3654.0;3653.75
2022.09.30 15:51:58;1664553118603;3654.0;1;0;1;3654.0;3653.75
2022.09.30 15:51:58;1664553118603;3654.0;1;0;1;3654.0;3653.75
2022.09.30 15:51:58;1664553118604;3654.0;1;0;1;3654.0;3653.75
2022.09.30 15:51:58;1664553118604;3654.0;1;0;1;3654.0;3653.75
2022.09.30 15:51:58;1664553118604;3654.0;1;0;1;3654.0;3653.75
2022.09.30 15:51:58;1664553118604;3654.0;2;0;1;3654.0;3653.75
2022.09.30 15:51:58;1664553118604;3654.0;1;0;1;3654.0;3653.75
2022.09.30 15:51:58;1664553118604;3654.0;1;0;1;3654.0;3653.75
2022.09.30 15:51:58;1664553118604;3654.0;1;0;1;3654.0;3653.75
2022.09.30 15:51:58;1664553118604;3654.0;1;0;1;3654.0;3653.75
2022.09.30 15:51:58;1664553118604;3654.0;1;0;1;3654.0;3653.75
2022.09.30 15:51:58;1664553118604;3654.0;1;0;1;3654.0;3653.75
2022.09.30 15:51:58;1664553118604;3654.0;2;0;1;3654.0;3653.75
2022.09.30 15:51:58;1664553118604;3654.0;1;0;1;3654.0;3653.75
2022.09.30 15:51:58;1664553118604;3654.0;3;0;1;3654.0;3653.75
2022.09.30 15:51:58;1664553118604;3654.0;1;0;1;3654.0;3653.75
2022.09.30 15:51:58;1664553118715;3654.0;1;0;1;3654.0;3653.75
2022.09.30 15:51:58;1664553118715;3654.0;5;0;1;3654.0;3653.75
2022.09.30 15:51:58;1664553118715;3654.0;1;0;1;3654.0;3653.75
2022.09.30 15:51:58;1664553118715;3654.0;1;0;1;3654.0;3653.75
2022.09.30 15:51:58;1664553118715;3654.0;1;0;1;3654.0;3653.75
2022.09.30 15:51:58;1664553118715;3654.0;1;0;0;3654.0;3653.75
2022.09.30 15:51:58;1664553118715;3654.0;1;0;0;3654.0;3653.75
2022.09.30 15:51:58;1664553118727;3653.75;1;0;1;3654.0;3653.75
2022.09.30 15:51:58;1664553118869;3653.75;1;0;1;3654.0;3653.75
2022.09.30 15:51:59;1664553119690;3653.75;2;0;1;3654.0;3653.75
2022.09.30 15:51:59;1664553119690;3653.75;3;0;1;3654.0;3653.75
2022.09.30 15:51:59;1664553119691;3653.75;2;0;1;3654.0;3653.75
2022.09.30 15:51:59;1664553119691;3653.75;1;0;1;3654.0;3653.75
2022.09.30 15:51:59;1664553119691;3653.75;4;0;1;3654.0;3653.75
2022.09.30 15:51:59;1664553119691;3653.75;5;0;1;3654.0;3653.75
2022.09.30 15:51:59;1664553119691;3653.75;2;0;1;3654.0;3653.75
2022.09.30 15:51:59;1664553119691;3653.75;1;0;1;3654.0;3653.75
2022.09.30 15:51:59;1664553119691;3653.75;1;0;1;3654.0;3653.75
2022.09.30 15:51:59;1664553119691;3653.75;1;0;1;3654.0;3653.75
2022.09.30 15:51:59;1664553119691;3653.75;3;0;1;3654.0;3653.75
2022.09.30 15:51:59;1664553119691;3653.75;1;0;1;3654.0;3653.75
2022.09.30 15:51:59;1664553119691;3653.75;1;0;1;3654.0;3653.75
2022.09.30 15:51:59;1664553119691;3653.75;1;0;1;3654.0;3653.75
2022.09.30 15:51:59;1664553119691;3653.75;1;0;1;3654.0;3653.75
2022.09.30 15:51:59;1664553119691;3653.75;1;0;1;3654.0;3653.75
2022.09.30 15:51:59;1664553119691;3653.75;1;0;1;3654.0;3653.75
2022.09.30 15:51:59;1664553119691;3653.75;1;0;1;3654.0;3653.75
2022.09.30 15:51:59;1664553119691;3653.75;4;0;1;3654.0;3653.75
2022.09.30 15:51:59;1664553119691;3653.75;3;0;1;3654.0;3653.75
2022.09.30 15:51:59;1664553119691;3653.75;1;0;1;3654.0;3653.75
2022.09.30 15:51:59;1664553119700;3653.75;16;0;1;3654.0;3653.75
2022.09.30 15:51:59;1664553119700;3653.75;2;0;1;3654.0;3653.75
2022.09.30 15:51:59;1664553119700;3653.75;1;0;1;3654.0;3653.75
2022.09.30 15:51:59;1664553119700;3653.75;5;0;1;3654.0;3653.75
2022.09.30 15:51:59;1664553119703;3653.75;7;0;1;3654.0;3653.75
2022.09.30 15:51:59;1664553119703;3653.75;4;0;1;3654.0;3653.75
2022.09.30 15:51:59;1664553119721;3654.0;1;1;0;3654.0;3653.75
2022.09.30 15:51:59;1664553119721;3654.0;1;1;0;3654.0;3653.75
2022.09.30 15:51:59;1664553119721;3654.0;1;1;0;3654.0;3653.75
2022.09.30 15:51:59;1664553119952;3654.0;1;1;0;3654.0;3653.75
2022.09.30 15:51:59;1664553119975;3653.75;1;0;1;3654.0;3653.75
